100157:[0, 1, 3, 4, 1, 2, 2, 9, 8, 1]
1005502:[3, 5, 3, 6, 5, 0, 8, 0, 2, 4]
1006752:[6, 3, 1, 3, 5, 0, 7, 0, 8, 5]
1015840:[5, 5, 9, 4, 8, 4, 3, 6, 5, 7]
1019100:[6, 0, 8, 8, 2, 8, 1, 0, 2, 2]
1024358:[6, 0, 3, 9, 9, 9, 8, 7, 0, 6]
1027539:[1, 1, 0, 6, 7, 3, 2, 1, 2, 2]
1028138:[7, 4, 6, 4, 2, 3, 4, 6, 6, 3]
1028994:[8, 0, 9, 4, 6, 9, 5, 0, 6, 3]
1034987:[9, 6, 7, 0, 7, 3, 7, 9, 7, 1]
1036503:[3, 0, 2, 9, 2, 8, 9, 5, 1, 8]
1038151:[8, 1, 4, 7, 8, 1, 7, 0, 2, 9]
1040414:[6, 0, 0, 0, 8, 6, 4, 0, 3, 2]
104049:[1, 5, 7, 0, 0, 9, 4, 5, 3, 8]
1044441:[6, 7, 2, 9, 6, 1, 5, 0, 9, 0]
1060110:[3, 1, 8, 3, 2, 3, 2, 1, 4, 1]
1064678:[1, 5, 5, 3, 2, 1, 5, 3, 9, 4]
1069954:[0, 3, 6, 0, 6, 3, 0, 7, 9, 2]
1076110:[1, 6, 4, 8, 9, 8, 3, 2, 1, 3]
1076183:[0, 1, 2, 9, 1, 4, 2, 7, 5, 3]
1076695:[2, 9, 9, 3, 3, 6, 8, 5, 5, 0]
108099:[4, 7, 6, 2, 5, 4, 6, 5, 3, 4]
1083687:[2, 3, 3, 8, 9, 9, 3, 9, 4, 6]
1089273:[3, 5, 4, 7, 8, 7, 2, 4, 4, 5]
1105687:[7, 1, 3, 4, 0, 5, 3, 9, 8, 5]
1109684:[0, 9, 9, 6, 6, 7, 8, 9, 4, 2]
111026:[5, 8, 1, 8, 8, 9, 4, 0, 1, 3]
111356:[9, 7, 3, 0, 6, 1, 9, 5, 9, 0]
1121205:[5, 2, 5, 1, 4, 1, 9, 2, 5, 6]
1132141:[6, 0, 7, 3, 0, 8, 6, 7, 8, 5]
1133518:[0, 5, 3, 6, 2, 0, 4, 4, 6, 5]
113550:[5, 1, 5, 4, 2, 7, 5, 7, 5, 7]
1135738:[8, 0, 2, 4, 3, 0, 7, 8, 4, 2]
1138452:[3, 9, 6, 5, 9, 4, 1, 7, 3, 4]
1140623:[1, 0, 3, 7, 2, 2, 2, 7, 3, 6]
1143553:[9, 1, 4, 1, 0, 7, 8, 5, 2, 5]
1144859:[3, 0, 5, 9, 5, 6, 0, 1, 0, 1]
115637:[8, 5, 4, 5, 0, 2, 0, 5, 7, 2]
116635:[5, 7, 8, 5, 6, 6, 2, 6, 7, 9]
1177262:[1, 8, 6, 0, 0, 0, 9, 5, 2, 6]
1182119:[0, 7, 7, 2, 8, 7, 7, 5, 5, 2]
118458:[6, 8, 5, 7, 2, 6, 0, 1, 4, 5]
1184:[3, 1, 0, 7, 7, 6, 1, 9, 2, 8]
1189099:[8, 6, 5, 1, 8, 1, 9, 8, 3, 6]
1195995:[5, 2, 8, 8, 1, 9, 2, 8, 4, 9]
1197301:[4, 2, 3, 8, 7, 6, 9, 0, 9, 7]
1202315:[7, 1, 6, 7, 4, 3, 7, 0, 0, 9]
1203347:[0, 5, 8, 1, 5, 4, 8, 4, 5, 1]
1210868:[1, 1, 7, 6, 7, 9, 1, 6, 1, 7]
1217458:[0, 3, 0, 8, 4, 4, 3, 7, 4, 4]
1221217:[5, 4, 8, 0, 8, 5, 8, 3, 4, 4]
1221992:[7, 7, 2, 6, 4, 4, 9, 9, 7, 5]
1222046:[5, 5, 3, 2, 2, 9, 0, 1, 6, 1]
1226669:[6, 8, 0, 1, 1, 8, 8, 4, 1, 0]
1231161:[1, 9, 1, 0, 5, 4, 0, 4, 2, 3]
1234682:[6, 2, 8, 6, 7, 3, 1, 7, 8, 1]
1240509:[9, 9, 4, 4, 4, 7, 0, 0, 9, 4]
1247152:[2, 9, 1, 6, 7, 4, 3, 7, 9, 8]
1250431:[9, 0, 5, 5, 9, 1, 1, 9, 0, 0]
1281385:[6, 4, 9, 8, 0, 6, 4, 6, 9, 2]
1288378:[2, 1, 5, 5, 6, 0, 6, 1, 1, 2]
1309252:[8, 7, 1, 5, 8, 5, 0, 1, 9, 1]
1310502:[5, 0, 0, 5, 3, 2, 8, 9, 9, 4]
1311091:[6, 9, 4, 8, 8, 6, 7, 3, 0, 6]
1316440:[2, 5, 7, 4, 9, 5, 3, 8, 6, 9]
1319620:[7, 8, 5, 8, 4, 4, 8, 7, 2, 5]
1324309:[4, 0, 7, 0, 9, 3, 1, 6, 0, 7]
1329778:[7, 4, 1, 7, 2, 1, 4, 3, 6, 4]
133521:[8, 1, 2, 4, 7, 5, 7, 6, 4, 4]
1336029:[3, 1, 1, 8, 0, 1, 3, 2, 5, 5]
1337857:[2, 4, 3, 6, 4, 3, 4, 4, 8, 9]
1338028:[1, 7, 8, 9, 9, 9, 1, 5, 5, 2]
1342732:[4, 5, 7, 5, 1, 0, 9, 2, 9, 5]
1360288:[2, 3, 9, 3, 8, 9, 7, 1, 1, 1]
1366610:[6, 8, 3, 9, 1, 0, 6, 5, 2, 7]
1370223:[7, 0, 4, 8, 6, 0, 8, 8, 4, 4]
1373297:[9, 6, 3, 9, 6, 6, 0, 4, 5, 6]
1373506:[0, 8, 5, 9, 7, 8, 6, 8, 0, 3]
1374870:[6, 9, 8, 3, 8, 5, 6, 5, 3, 2]
1377085:[7, 6, 9, 6, 6, 6, 2, 1, 2, 5]
1381972:[3, 1, 6, 1, 8, 0, 0, 4, 4, 1]
1386010:[0, 8, 2, 3, 2, 4, 2, 1, 4, 0]
1400336:[5, 3, 4, 0, 7, 4, 1, 0, 3, 9]
1402602:[2, 9, 3, 2, 1, 0, 3, 0, 5, 9]
1403712:[7, 6, 8, 3, 7, 4, 3, 0, 0, 2]
141022:[3, 0, 3, 8, 7, 4, 0, 1, 5, 1]
1412602:[9, 2, 0, 1, 1, 4, 5, 8, 9, 9]
14139:[3, 6, 4, 6, 2, 1, 1, 8, 5, 3]
1414097:[8, 1, 9, 3, 4, 0, 7, 2, 3, 4]
1415953:[3, 0, 1, 0, 5, 8, 8, 0, 3, 4]
1417487:[1, 8, 4, 5, 0, 8, 4, 8, 6, 2]
1417533:[9, 2, 6, 1, 2, 3, 3, 9, 2, 0]
1417764:[8, 9, 3, 0, 4, 8, 5, 8, 3, 7]
1425943:[6, 3, 6, 4, 9, 5, 0, 1, 8, 3]
1428588:[2, 6, 7, 4, 7, 5, 3, 8, 4, 9]
1428966:[1, 2, 0, 6, 6, 9, 5, 8, 5, 6]
1433004:[6, 0, 3, 8, 7, 8, 7, 5, 8, 0]
1434876:[5, 4, 7, 3, 4, 0, 6, 4, 6, 0]
1437447:[7, 8, 3, 7, 5, 0, 1, 0, 5, 0]
1439528:[8, 9, 3, 3, 3, 3, 6, 4, 0, 9]
1443995:[9, 0, 2, 5, 5, 8, 4, 9, 8, 8]
1454822:[9, 7, 6, 4, 2, 3, 7, 9, 8, 4]
1455410:[6, 1, 0, 6, 3, 1, 8, 3, 3, 1]
1460419:[0, 1, 1, 4, 6, 1, 6, 8, 0, 2]
1480454:[7, 7, 7, 9, 3, 1, 9, 9, 7, 2]
1484082:[4, 7, 8, 6, 3, 8, 4, 2, 6, 8]
1491776:[5, 1, 7, 1, 9, 4, 1, 7, 6, 6]
1495745:[1, 5, 0, 4, 8, 2, 7, 1, 5, 8]
1508585:[4, 3, 7, 6, 5, 4, 9, 2, 0, 4]
1512266:[7, 8, 8, 2, 1, 8, 2, 1, 8, 6]
1512477:[0, 4, 9, 6, 6, 0, 7, 3, 8, 6]
1513000:[9, 1, 1, 6, 5, 3, 4, 5, 9, 0]
1517664:[0, 0, 1, 0, 7, 4, 1, 9, 1, 0]
1518873:[4, 1, 3, 0, 2, 7, 8, 4, 8, 4]
1519455:[8, 5, 8, 4, 7, 9, 9, 9, 0, 5]
1522292:[7, 3, 6, 4, 6, 3, 3, 4, 1, 9]
1531492:[1, 6, 8, 6, 6, 1, 5, 5, 0, 7]
1536104:[8, 6, 9, 9, 8, 5, 9, 3, 6, 9]
1537388:[1, 9, 8, 6, 0, 5, 0, 8, 0, 1]
1552310:[9, 3, 4, 9, 7, 6, 8, 6, 0, 6]
1554819:[0, 2, 4, 6, 4, 3, 8, 2, 4, 3]
1557267:[4, 1, 6, 9, 8, 5, 9, 9, 0, 6]
1557349:[1, 4, 9, 8, 7, 3, 7, 3, 3, 1]
1560997:[8, 5, 5, 8, 8, 3, 2, 9, 3, 3]
1565251:[6, 4, 8, 1, 3, 8, 3, 7, 2, 2]
1580192:[7, 0, 1, 8, 2, 7, 0, 7, 1, 6]
1580706:[3, 2, 9, 5, 2, 3, 3, 0, 4, 8]
1591929:[2, 5, 9, 2, 0, 2, 2, 2, 0, 6]
1603823:[4, 1, 6, 0, 9, 6, 4, 4, 6, 9]
1606483:[2, 5, 9, 4, 6, 3, 2, 2, 2, 0]
1607153:[9, 5, 7, 6, 3, 7, 4, 9, 8, 0]
1611606:[0, 3, 8, 2, 9, 8, 3, 9, 8, 5]
1612088:[7, 6, 2, 3, 8, 2, 9, 0, 5, 6]
1613703:[5, 1, 2, 5, 7, 8, 2, 7, 6, 3]
1613853:[0, 4, 5, 0, 9, 4, 8, 0, 9, 2]
1616227:[9, 2, 8, 4, 0, 6, 0, 1, 8, 4]
1620667:[5, 2, 1, 5, 2, 6, 8, 5, 9, 7]
1621648:[2, 1, 8, 1, 9, 0, 2, 2, 6, 6]
1625917:[3, 3, 5, 8, 1, 5, 2, 1, 4, 2]
1639767:[8, 7, 7, 6, 7, 9, 8, 9, 9, 5]
1644688:[8, 4, 5, 0, 1, 5, 0, 9, 2, 9]
1645014:[3, 2, 2, 6, 3, 4, 0, 4, 5, 9]
1650813:[9, 5, 0, 1, 0, 1, 5, 9, 4, 3]
1658384:[0, 2, 3, 2, 4, 1, 4, 5, 3, 8]
1659469:[8, 0, 3, 2, 0, 7, 7, 6, 2, 8]
1662973:[7, 1, 9, 2, 7, 5, 7, 0, 4, 1]
1666601:[8, 2, 6, 7, 5, 9, 5, 4, 0, 7]
1668390:[4, 3, 0, 1, 9, 2, 2, 6, 8, 9]
1673962:[2, 7, 0, 2, 9, 7, 0, 8, 1, 5]
1676382:[3, 0, 4, 8, 7, 3, 9, 7, 6, 8]
1684130:[3, 1, 8, 5, 5, 2, 6, 4, 9, 7]
1686456:[2, 6, 7, 8, 8, 4, 0, 6, 4, 3]
1694460:[1, 1, 7, 1, 2, 4, 6, 5, 7, 4]
169947:[7, 4, 7, 5, 3, 9, 2, 2, 6, 4]
1704643:[9, 0, 4, 9, 2, 4, 8, 5, 5, 3]
1709240:[3, 1, 2, 8, 6, 8, 1, 7, 4, 0]
1710037:[9, 8, 1, 9, 5, 8, 5, 1, 4, 2]
1710942:[4, 9, 0, 8, 5, 2, 2, 1, 6, 1]
1723042:[1, 3, 5, 1, 1, 8, 8, 8, 7, 8]
1730359:[0, 0, 4, 1, 7, 3, 5, 0, 7, 5]
1732279:[4, 1, 4, 7, 3, 9, 5, 6, 5, 4]
1743727:[1, 0, 6, 9, 2, 0, 9, 7, 6, 2]
1743743:[3, 3, 0, 8, 6, 3, 5, 1, 6, 2]
1744969:[5, 8, 1, 8, 9, 3, 5, 2, 3, 1]
1748855:[8, 1, 6, 7, 3, 3, 8, 6, 8, 3]
1759238:[8, 1, 0, 7, 8, 6, 1, 6, 4, 4]
1764108:[1, 8, 8, 0, 7, 5, 1, 2, 7, 4]
1764480:[7, 4, 7, 1, 0, 6, 2, 8, 4, 6]
1775057:[8, 0, 1, 4, 1, 4, 4, 6, 9, 1]
1795784:[4, 8, 4, 1, 4, 2, 1, 9, 0, 3]
1795982:[7, 9, 3, 4, 4, 7, 8, 1, 6, 9]
1796760:[0, 8, 9, 6, 6, 2, 7, 7, 3, 1]
179796:[3, 4, 8, 0, 3, 8, 5, 6, 8, 9]
1798050:[9, 7, 1, 0, 2, 4, 4, 2, 8, 9]
1802302:[3, 5, 2, 8, 8, 6, 2, 6, 1, 5]
1803639:[0, 5, 3, 4, 4, 9, 0, 8, 4, 1]
1804089:[4, 2, 7, 3, 1, 4, 4, 0, 5, 1]
1804547:[1, 6, 9, 3, 2, 5, 5, 2, 4, 3]
1805553:[1, 0, 6, 1, 0, 4, 6, 2, 7, 5]
1811397:[0, 1, 0, 3, 0, 3, 4, 5, 6, 6]
1826003:[3, 8, 4, 4, 4, 5, 9, 0, 9, 8]
1833862:[6, 3, 0, 3, 4, 9, 0, 6, 8, 6]
1850465:[1, 5, 0, 4, 3, 2, 3, 8, 8, 7]
1851679:[2, 9, 5, 7, 9, 6, 9, 7, 5, 4]
185214:[5, 3, 5, 5, 4, 5, 7, 8, 2, 0]
1858235:[3, 4, 0, 1, 6, 0, 0, 0, 2, 8]
186372:[4, 9, 3, 8, 3, 6, 0, 5, 1, 8]
1866770:[6, 3, 1, 3, 0, 0, 5, 5, 5, 2]
1867963:[1, 1, 0, 4, 6, 9, 9, 3, 8, 7]
1877322:[6, 7, 5, 7, 7, 9, 4, 2, 1, 8]
1878326:[1, 8, 7, 7, 4, 0, 8, 1, 6, 8]
1881528:[8, 7, 1, 7, 9, 2, 1, 9, 5, 9]
1894107:[0, 9, 4, 3, 0, 8, 6, 1, 1, 0]
1902542:[0, 7, 4, 8, 3, 5, 7, 5, 7, 0]
1906134:[3, 8, 2, 6, 8, 7, 0, 7, 5, 2]
1911265:[5, 5, 0, 2, 0, 7, 2, 7, 1, 7]
1911904:[7, 4, 3, 9, 1, 7, 3, 9, 3, 9]
1912350:[5, 4, 5, 6, 9, 9, 7, 3, 6, 0]
1917687:[0, 5, 4, 7, 9, 7, 2, 3, 4, 1]
1925743:[0, 5, 5, 9, 4, 1, 2, 8, 6, 6]
1936182:[5, 8, 3, 6, 3, 5, 8, 6, 5, 3]
1951:[3, 0, 7, 1, 4, 4, 6, 3, 7, 6]
1952804:[0, 0, 2, 4, 2, 9, 4, 4, 5, 3]
1956098:[6, 1, 4, 8, 5, 9, 1, 9, 9, 9]
1965532:[1, 6, 4, 9, 5, 2, 0, 3, 9, 8]
1971707:[7, 5, 6, 0, 2, 5, 4, 2, 8, 4]
1979440:[6, 7, 4, 9, 8, 9, 8, 0, 2, 8]
1979516:[7, 7, 6, 0, 8, 4, 4, 0, 6, 7]
1979732:[8, 2, 9, 2, 7, 9, 5, 3, 3, 7]
1997012:[9, 8, 8, 7, 8, 9, 8, 6, 2, 8]
2006556:[0, 2, 4, 7, 0, 6, 7, 1, 8, 8]
2011749:[1, 0, 1, 7, 3, 7, 5, 8, 8, 6]
2012242:[4, 5, 0, 7, 1, 3, 6, 6, 1, 0]
2013265:[6, 6, 2, 8, 3, 6, 8, 0, 6, 1]
2014351:[4, 6, 4, 9, 1, 6, 7, 8, 7, 1]
2018287:[4, 9, 8, 2, 9, 8, 2, 9, 0, 4]
2021860:[5, 0, 7, 7, 7, 3, 4, 9, 4, 7]
2029900:[5, 4, 7, 2, 7, 0, 8, 7, 8, 2]
2031615:[1, 1, 9, 2, 8, 7, 1, 4, 1, 9]
2034467:[3, 5, 3, 8, 2, 7, 6, 0, 4, 0]
2036093:[8, 1, 8, 2, 1, 3, 1, 2, 1, 4]
2043914:[5, 0, 2, 7, 5, 2, 2, 4, 3, 6]
2045060:[6, 1, 3, 1, 1, 5, 7, 1, 8, 3]
2050943:[1, 9, 9, 3, 8, 6, 2, 8, 1, 9]
2051780:[2, 5, 7, 2, 9, 0, 4, 8, 2, 7]
2053293:[5, 0, 2, 2, 7, 8, 0, 7, 9, 3]
2060969:[4, 5, 2, 6, 9, 1, 7, 5, 5, 4]
2062503:[6, 9, 0, 6, 2, 6, 9, 3, 6, 0]
207945:[4, 6, 7, 0, 2, 3, 2, 9, 8, 6]
2081394:[5, 6, 4, 7, 0, 5, 2, 1, 3, 5]
2088492:[9, 1, 9, 1, 6, 5, 5, 1, 3, 3]
2098830:[5, 3, 8, 7, 6, 0, 9, 7, 3, 6]
2109052:[6, 3, 3, 1, 0, 9, 8, 6, 1, 2]
2110897:[7, 0, 9, 5, 0, 3, 5, 5, 2, 9]
2111977:[6, 3, 6, 8, 7, 0, 6, 6, 4, 4]
2117233:[4, 3, 4, 5, 9, 4, 0, 9, 3, 8]
212793:[1, 2, 2, 3, 0, 7, 9, 3, 3, 3]
2132657:[9, 2, 7, 0, 7, 9, 1, 7, 2, 8]
2134696:[5, 0, 5, 3, 1, 9, 6, 8, 7, 0]
2138157:[7, 0, 7, 7, 5, 6, 6, 6, 2, 6]
2141435:[0, 1, 6, 5, 7, 1, 8, 7, 4, 3]
2145068:[4, 7, 2, 8, 7, 7, 7, 0, 4, 0]
2146302:[0, 7, 7, 0, 7, 2, 6, 0, 4, 1]
2147835:[3, 2, 1, 2, 5, 1, 1, 1, 0, 9]
2151701:[7, 4, 5, 2, 4, 9, 0, 2, 2, 5]
2152520:[7, 6, 5, 6, 4, 9, 2, 0, 8, 0]
2158297:[3, 8, 7, 1, 7, 6, 9, 6, 2, 2]
2167522:[9, 0, 6, 5, 0, 1, 4, 4, 1, 3]
2171764:[1, 7, 1, 2, 8, 5, 9, 3, 2, 6]
2172946:[7, 3, 6, 7, 5, 6, 7, 7, 8, 8]
2178226:[9, 2, 4, 5, 3, 4, 9, 6, 0, 3]
2179529:[9, 8, 7, 7, 8, 4, 2, 0, 1, 1]
2182866:[6, 7, 6, 1, 2, 1, 9, 2, 3, 3]
2198385:[6, 1, 3, 0, 5, 2, 8, 0, 7, 5]
2199600:[2, 0, 8, 2, 3, 6, 4, 8, 6, 0]
2210908:[3, 0, 9, 6, 0, 5, 7, 0, 6, 3]
221168:[5, 4, 5, 8, 1, 5, 2, 4, 4, 8]
221389:[5, 6, 6, 9, 5, 9, 4, 1, 4, 9]
221425:[0, 3, 3, 6, 9, 1, 4, 1, 9, 1]
2217557:[4, 7, 6, 7, 1, 9, 2, 4, 7, 2]
2224701:[9, 6, 8, 2, 3, 6, 8, 4, 6, 6]
2224982:[1, 5, 2, 9, 6, 0, 3, 9, 0, 9]
2226096:[2, 0, 6, 0, 5, 0, 1, 6, 3, 9]
2228647:[6, 2, 7, 3, 5, 0, 4, 9, 4, 0]
2229950:[1, 5, 2, 9, 5, 7, 8, 6, 3, 3]
2230126:[6, 1, 2, 0, 9, 0, 4, 0, 0, 0]
2251653:[6, 4, 6, 3, 3, 1, 1, 5, 2, 4]
2255388:[8, 6, 5, 8, 9, 6, 4, 7, 3, 2]
225540:[0, 2, 3, 0, 6, 3, 3, 5, 3, 2]
2258001:[1, 9, 9, 8, 1, 2, 2, 9, 3, 1]
2258872:[6, 0, 3, 4, 2, 0, 8, 8, 5, 3]
2263429:[5, 7, 8, 2, 1, 9, 5, 5, 1, 5]
2265591:[1, 6, 1, 9, 6, 5, 8, 9, 1, 0]
2281399:[1, 1, 9, 5, 4, 5, 3, 9, 6, 7]
2283014:[7, 1, 9, 2, 3, 7, 3, 7, 1, 2]
2289140:[2, 0, 8, 8, 8, 5, 7, 1, 9, 5]
2290834:[2, 6, 6, 9, 1, 2, 1, 6, 5, 3]
2302678:[1, 9, 0, 1, 7, 1, 4, 4, 9, 3]
2306000:[0, 3, 8, 4, 6, 3, 3, 4, 7, 3]
2307375:[7, 9, 4, 1, 5, 6, 7, 8, 6, 8]
2308429:[7, 4, 4, 1, 3, 9, 6, 5, 2, 7]
2314459:[3, 6, 5, 3, 9, 2, 4, 5, 5, 9]
2319508:[5, 2, 1, 7, 3, 5, 9, 2, 5, 7]
233329:[5, 6, 7, 7, 9, 3, 0, 0, 8, 4]
2342247:[4, 8, 2, 1, 7, 2, 5, 2, 0, 8]
234612:[6, 1, 3, 9, 8, 7, 6, 9, 6, 9]
2363083:[5, 4, 7, 0, 4, 0, 8, 6, 2, 6]
236881:[1, 0, 1, 9, 6, 6, 7, 3, 2, 6]
2374660:[3, 4, 0, 0, 0, 3, 0, 3, 9, 3]
2376538:[8, 6, 4, 9, 3, 7, 3, 0, 2, 2]
2390230:[9, 0, 6, 4, 7, 4, 5, 1, 3, 8]
239728:[8, 3, 3, 0, 8, 6, 2, 1, 7, 3]
2400627:[6, 8, 9, 5, 2, 7, 7, 9, 6, 3]
2402459:[2, 1, 1, 7, 5, 0, 5, 3, 3, 3]
2403182:[8, 4, 3, 0, 9, 0, 5, 8, 1, 4]
2404622:[4, 0, 2, 6, 8, 0, 5, 4, 4, 1]
2411296:[0, 6, 7, 6, 9, 4, 8, 1, 9, 1]
2412333:[6, 5, 4, 9, 9, 5, 0, 4, 3, 6]
241348:[1, 8, 3, 0, 7, 3, 4, 7, 2, 7]
2414425:[2, 9, 6, 7, 6, 0, 9, 1, 8, 6]
2417923:[9, 5, 5, 5, 1, 0, 6, 5, 2, 2]
2425795:[7, 1, 6, 5, 2, 2, 5, 9, 5, 1]
2431498:[6, 1, 6, 5, 6, 3, 3, 1, 2, 4]
2441815:[5, 7, 7, 8, 6, 2, 6, 5, 7, 0]
2446189:[8, 3, 7, 3, 0, 6, 3, 7, 6, 8]
2452946:[7, 8, 0, 9, 8, 4, 1, 4, 3, 0]
2454559:[6, 2, 7, 2, 7, 5, 3, 7, 6, 0]
2456512:[5, 8, 8, 4, 1, 9, 9, 6, 2, 7]
2456552:[0, 8, 2, 1, 6, 3, 7, 3, 0, 0]
2475328:[6, 5, 5, 0, 3, 3, 1, 1, 6, 1]
2480296:[9, 5, 5, 2, 4, 2, 8, 2, 1, 5]
2480346:[0, 8, 5, 9, 5, 9, 5, 5, 0, 2]
2482821:[9, 4, 9, 6, 9, 4, 4, 4, 7, 5]
2482978:[3, 1, 7, 7, 1, 1, 0, 0, 9, 7]
2484245:[7, 0, 6, 1, 3, 9, 4, 4, 1, 6]
2492891:[8, 2, 3, 0, 9, 8, 5, 5, 6, 7]
2494952:[9, 6, 2, 9, 1, 5, 8, 8, 2, 1]
2504586:[4, 2, 1, 1, 7, 0, 5, 0, 1, 8]
2509746:[1, 8, 5, 5, 4, 9, 5, 4, 6, 0]
2513678:[3, 8, 7, 8, 4, 1, 3, 5, 4, 5]
251975:[1, 3, 3, 4, 7, 2, 4, 4, 1, 5]
2521455:[1, 4, 7, 6, 5, 4, 6, 7, 3, 2]
2524576:[0, 1, 3, 0, 4, 1, 1, 4, 3, 5]
2527013:[9, 0, 2, 6, 6, 7, 2, 2, 4, 9]
252794:[6, 5, 1, 9, 7, 6, 1, 4, 3, 5]
2529378:[7, 0, 8, 0, 3, 7, 5, 5, 4, 1]
2545575:[6, 1, 5, 1, 1, 2, 8, 7, 5, 5]
2547646:[5, 8, 5, 8, 7, 2, 2, 9, 9, 2]
2547946:[2, 1, 7, 5, 8, 5, 4, 2, 0, 9]
2553190:[6, 8, 6, 6, 2, 3, 5, 2, 8, 6]
2556387:[7, 5, 8, 7, 6, 2, 8, 4, 5, 2]
255977:[6, 1, 3, 3, 3, 6, 6, 5, 2, 1]
2560433:[9, 1, 0, 5, 2, 6, 0, 4, 6, 3]
2570970:[7, 4, 4, 0, 9, 2, 6, 5, 2, 0]
2572899:[6, 4, 3, 9, 6, 3, 5, 6, 6, 0]
2572977:[8, 1, 4, 6, 7, 5, 8, 5, 6, 4]
2579255:[6, 6, 9, 9, 3, 7, 3, 2, 5, 4]
2582798:[1, 1, 0, 0, 0, 5, 5, 8, 3, 6]
2587170:[3, 0, 0, 9, 5, 6, 6, 4, 3, 0]
2590766:[3, 3, 8, 5, 6, 9, 7, 2, 5, 9]
2595779:[2, 7, 4, 1, 0, 2, 1, 8, 5, 1]
2597825:[7, 4, 4, 1, 5, 6, 0, 0, 5, 9]
2601232:[1, 5, 9, 5, 1, 9, 8, 9, 6, 3]
260272:[2, 0, 7, 6, 4, 7, 2, 2, 9, 6]
2610134:[0, 7, 0, 7, 3, 4, 6, 5, 2, 9]
261042:[7, 7, 6, 5, 6, 5, 0, 9, 3, 4]
2613036:[4, 8, 4, 5, 0, 0, 6, 9, 0, 1]
262823:[1, 0, 0, 2, 4, 4, 3, 5, 6, 2]
2650987:[6, 5, 5, 8, 1, 6, 8, 9, 8, 1]
2655091:[0, 3, 5, 4, 2, 1, 5, 5, 2, 9]
2664571:[5, 0, 5, 8, 8, 7, 4, 7, 3, 0]
2666092:[0, 2, 7, 4, 6, 4, 7, 3, 0, 8]
2667586:[7, 9, 5, 9, 5, 7, 9, 5, 3, 7]
2675284:[1, 6, 4, 5, 5, 1, 1, 8, 9, 5]
2687104:[8, 2, 1, 4, 0, 2, 1, 3, 3, 3]
2689086:[1, 2, 6, 2, 3, 1, 2, 6, 6, 3]
2692499:[4, 0, 0, 7, 8, 2, 3, 5, 3, 0]
2703887:[5, 5, 6, 7, 4, 7, 4, 4, 9, 9]
2706012:[4, 7, 1, 5, 2, 1, 1, 4, 4, 0]
2709599:[9, 2, 8, 3, 1, 6, 3, 1, 6, 4]
2713220:[9, 9, 5, 7, 1, 7, 7, 0, 3, 4]
2721075:[1, 0, 6, 7, 2, 7, 9, 6, 4, 3]
2722604:[1, 7, 2, 8, 1, 9, 8, 7, 7, 3]
2724960:[5, 9, 5, 5, 4, 7, 0, 5, 4, 9]
2726081:[5, 5, 4, 1, 0, 4, 4, 6, 0, 0]
2733392:[6, 5, 6, 0, 3, 3, 9, 3, 6, 6]
2736955:[4, 6, 1, 9, 2, 8, 6, 5, 2, 3]
274049:[1, 4, 3, 1, 0, 4, 6, 5, 0, 1]
2740850:[1, 7, 4, 5, 3, 2, 3, 0, 4, 4]
2741025:[2, 6, 2, 8, 5, 8, 8, 2, 2, 8]
2744488:[6, 4, 2, 7, 7, 5, 7, 8, 1, 3]
2751239:[4, 1, 6, 1, 1, 9, 9, 1, 4, 0]
275346:[1, 9, 9, 3, 6, 4, 8, 8, 1, 2]
2754521:[9, 0, 8, 8, 6, 2, 2, 9, 3, 5]
2755897:[3, 9, 3, 8, 2, 5, 3, 6, 6, 3]
2757721:[0, 6, 0, 2, 9, 8, 2, 5, 3, 4]
276226:[8, 3, 7, 4, 0, 4, 4, 0, 6, 6]
2763870:[5, 9, 7, 8, 5, 6, 0, 4, 6, 4]
2764471:[1, 7, 6, 7, 9, 9, 6, 1, 3, 5]
2771229:[9, 9, 4, 1, 9, 0, 2, 1, 2, 5]
2779858:[7, 0, 9, 8, 7, 6, 1, 2, 6, 2]
2804245:[0, 0, 0, 0, 1, 9, 7, 7, 7, 1]
2807429:[7, 5, 7, 3, 8, 1, 9, 2, 6, 7]
280936:[5, 1, 4, 0, 9, 8, 5, 3, 2, 4]
281522:[2, 4, 5, 3, 5, 0, 1, 0, 0, 2]
2818009:[1, 4, 1, 1, 8, 7, 9, 1, 5, 9]
2827885:[7, 8, 3, 2, 6, 9, 8, 0, 3, 2]
2831075:[0, 7, 8, 0, 6, 6, 4, 2, 1, 5]
2832132:[4, 0, 5, 1, 0, 4, 9, 0, 3, 6]
283801:[3, 7, 6, 6, 9, 7, 9, 3, 3, 8]
2845822:[3, 2, 6, 7, 2, 7, 3, 3, 3, 0]
2852417:[2, 9, 5, 4, 2, 4, 5, 3, 8, 1]
2852694:[1, 0, 8, 9, 1, 0, 3, 9, 7, 4]
2856782:[0, 5, 1, 5, 5, 7, 2, 6, 7, 8]
2858547:[6, 2, 1, 4, 0, 0, 6, 6, 3, 7]
285994:[8, 5, 9, 8, 7, 8, 0, 0, 3, 3]
2862021:[0, 0, 5, 9, 6, 4, 4, 8, 8, 6]
2864494:[1, 8, 0, 6, 8, 5, 7, 8, 7, 0]
2867020:[6, 3, 6, 0, 9, 2, 9, 0, 0, 1]
2873134:[5, 1, 1, 7, 3, 5, 0, 1, 1, 0]
2876494:[9, 3, 8, 2, 5, 3, 0, 9, 3, 9]
2882071:[9, 1, 0, 2, 8, 9, 7, 9, 7, 7]
2883597:[8, 6, 0, 3, 0, 0, 4, 1, 2, 5]
2889627:[8, 4, 1, 1, 1, 9, 6, 7, 8, 5]
2903602:[2, 3, 8, 1, 5, 7, 0, 7, 9, 6]
2904996:[8, 7, 4, 7, 0, 1, 5, 0, 7, 5]
2907072:[9, 1, 5, 1, 4, 3, 0, 5, 0, 9]
2910379:[8, 3, 8, 2, 1, 6, 0, 8, 9, 6]
2911121:[6, 1, 5, 7, 6, 8, 6, 9, 6, 8]
2913477:[1, 1, 8, 1, 3, 0, 3, 1, 4, 3]
2919002:[9, 4, 0, 7, 8, 4, 4, 3, 2, 2]
2920037:[2, 4, 8, 5, 7, 5, 5, 5, 5, 4]
2921797:[5, 2, 7, 7, 8, 2, 1, 1, 7, 6]
2924986:[5, 3, 7, 6, 0, 5, 4, 8, 6, 6]
2926852:[1, 0, 6, 1, 8, 3, 1, 0, 7, 4]
2928108:[5, 7, 7, 4, 6, 3, 7, 3, 1, 5]
2928981:[2, 6, 4, 4, 6, 9, 6, 1, 9, 9]
2944737:[5, 8, 2, 8, 4, 3, 5, 9, 2, 5]
2949399:[0, 1, 7, 7, 5, 3, 7, 9, 7, 2]
2966172:[3, 7, 6, 6, 9, 7, 9, 3, 3, 8]
2969067:[5, 1, 6, 0, 5, 3, 1, 9, 5, 2]
297414:[3, 9, 2, 6, 3, 7, 4, 1, 5, 9]
2983105:[9, 1, 2, 3, 8, 6, 7, 0, 4, 9]
2993426:[1, 0, 8, 1, 5, 7, 7, 7, 7, 1]
299590:[0, 7, 3, 7, 4, 3, 8, 0, 3, 1]
2996684:[8, 5, 3, 3, 1, 6, 7, 3, 4, 5]
2999948:[3, 6, 2, 5, 5, 1, 2, 5, 3, 9]
300309:[2, 0, 8, 3, 9, 4, 9, 6, 8, 8]
3009728:[7, 8, 6, 7, 0, 3, 4, 0, 0, 5]
3013932:[8, 4, 7, 3, 4, 7, 1, 4, 6, 4]
3014224:[7, 8, 7, 9, 0, 4, 3, 3, 9, 8]
3015331:[0, 2, 5, 0, 0, 1, 5, 2, 0, 8]
3019934:[8, 9, 3, 7, 8, 7, 7, 9, 3, 8]
3026025:[4, 1, 4, 2, 3, 1, 9, 6, 8, 6]
3027277:[5, 0, 2, 7, 5, 2, 2, 4, 3, 6]
3034124:[1, 3, 9, 7, 1, 8, 6, 7, 4, 6]
3035539:[7, 4, 7, 6, 2, 7, 5, 5, 5, 5]
3044026:[2, 9, 5, 7, 4, 0, 0, 1, 7, 0]
3045083:[9, 8, 9, 5, 2, 7, 5, 8, 2, 3]
3046827:[1, 2, 9, 6, 7, 6, 9, 7, 0, 3]
3047402:[6, 6, 5, 7, 4, 5, 1, 9, 2, 4]
3049221:[2, 0, 3, 0, 1, 5, 8, 6, 6, 0]
3050701:[5, 1, 4, 3, 6, 0, 1, 1, 2, 9]
3051421:[1, 5, 4, 9, 4, 4, 7, 9, 0, 5]
3056656:[0, 1, 4, 3, 0, 6, 4, 5, 3, 9]
3065839:[9, 2, 9, 8, 9, 3, 8, 7, 4, 1]
3066531:[3, 4, 4, 1, 9, 0, 2, 2, 6, 2]
3068733:[3, 1, 0, 0, 5, 2, 2, 7, 7, 5]
3070306:[1, 6, 9, 0, 1, 9, 7, 6, 6, 2]
3071480:[3, 7, 0, 7, 7, 0, 1, 7, 3, 2]
3073281:[4, 1, 1, 3, 0, 1, 6, 1, 2, 5]
3079805:[8, 8, 4, 1, 7, 7, 2, 1, 2, 9]
3087990:[9, 3, 3, 8, 5, 1, 9, 3, 4, 9]
3097752:[7, 3, 7, 7, 9, 9, 7, 0, 0, 9]
309895:[8, 3, 3, 1, 7, 3, 2, 7, 5, 7]
3101744:[9, 7, 5, 9, 0, 1, 2, 9, 6, 4]
3104025:[7, 9, 4, 6, 3, 5, 2, 5, 5, 3]
3108651:[8, 3, 5, 8, 4, 5, 4, 1, 4, 2]
3110527:[6, 2, 2, 4, 3, 4, 4, 0, 5, 0]
313054:[6, 4, 8, 8, 1, 4, 0, 1, 6, 5]
313564:[1, 5, 2, 7, 3, 7, 4, 2, 6, 2]
3137841:[4, 4, 9, 6, 5, 8, 7, 8, 8, 9]
3148628:[1, 9, 1, 9, 7, 4, 5, 2, 5, 4]
3154052:[0, 1, 9, 6, 7, 0, 7, 6, 7, 1]
3154338:[8, 5, 9, 5, 7, 1, 8, 4, 1, 4]
3159010:[1, 4, 6, 0, 7, 7, 2, 2, 4, 6]
3164132:[3, 5, 3, 0, 9, 9, 1, 6, 2, 9]
3164676:[4, 3, 2, 7, 7, 8, 1, 8, 6, 8]
3165990:[5, 2, 8, 1, 4, 4, 8, 4, 6, 4]
3169563:[7, 2, 0, 3, 0, 3, 5, 3, 7, 5]
3172482:[3, 3, 8, 1, 2, 7, 8, 7, 8, 2]
3176853:[9, 0, 0, 7, 0, 2, 5, 3, 2, 3]
3183033:[9, 3, 9, 4, 8, 5, 7, 0, 7, 7]
3186348:[1, 8, 0, 0, 5, 3, 5, 8, 4, 6]
3187606:[6, 6, 1, 9, 1, 4, 8, 2, 6, 0]
3188742:[5, 4, 5, 4, 2, 9, 1, 0, 1, 8]
3193525:[3, 2, 9, 0, 3, 6, 7, 7, 2, 9]
3195864:[6, 7, 2, 6, 4, 3, 2, 8, 2, 9]
3199545:[5, 3, 5, 6, 4, 5, 8, 8, 5, 1]
3200474:[6, 8, 0, 6, 0, 6, 8, 4, 7, 1]
3204730:[1, 1, 0, 6, 2, 6, 1, 6, 7, 1]
3205576:[3, 5, 8, 0, 5, 1, 1, 4, 1, 7]
3210499:[1, 3, 5, 8, 2, 4, 5, 0, 7, 0]
3219477:[1, 1, 5, 2, 8, 8, 6, 9, 2, 6]
3220892:[5, 7, 3, 2, 5, 5, 9, 3, 1, 7]
3223635:[4, 9, 3, 6, 9, 6, 2, 4, 5, 6]
322870:[2, 1, 1, 6, 1, 7, 4, 6, 3, 9]
323064:[3, 2, 6, 0, 7, 2, 2, 6, 9, 2]
3234061:[5, 4, 7, 9, 4, 3, 0, 7, 2, 0]
3244388:[7, 3, 7, 7, 9, 9, 7, 0, 0, 9]
3249582:[7, 9, 2, 2, 8, 6, 7, 4, 0, 1]
325108:[7, 0, 6, 1, 6, 5, 9, 4, 5, 5]
3253384:[5, 5, 1, 6, 0, 4, 2, 6, 0, 8]
3255213:[1, 0, 3, 8, 2, 9, 0, 3, 8, 1]
3262907:[3, 7, 8, 5, 9, 8, 8, 7, 3, 7]
329370:[2, 2, 2, 9, 6, 3, 2, 5, 6, 0]
331760:[1, 7, 9, 7, 3, 9, 3, 8, 4, 1]
334015:[5, 9, 6, 9, 5, 5, 1, 4, 4, 5]
336872:[3, 7, 8, 1, 5, 4, 7, 3, 1, 2]
340955:[7, 0, 4, 0, 4, 0, 2, 6, 3, 4]
341485:[2, 8, 0, 5, 4, 7, 6, 5, 7, 7]
343617:[7, 8, 0, 0, 1, 4, 9, 9, 1, 5]
345031:[7, 7, 7, 5, 8, 3, 0, 3, 0, 1]
347387:[1, 9, 1, 2, 5, 3, 3, 7, 7, 6]
347867:[5, 0, 4, 7, 8, 2, 2, 6, 3, 6]
348548:[0, 4, 1, 4, 4, 0, 2, 6, 9, 9]
348965:[7, 3, 9, 3, 0, 1, 5, 7, 4, 5]
35751:[9, 5, 5, 7, 8, 1, 8, 5, 6, 8]
360838:[2, 6, 3, 4, 5, 5, 8, 6, 0, 4]
371221:[1, 2, 1, 2, 9, 3, 6, 8, 0, 2]
391173:[9, 3, 8, 7, 8, 5, 7, 8, 8, 9]
394012:[2, 3, 5, 2, 1, 1, 9, 5, 2, 1]
401756:[9, 0, 5, 4, 4, 7, 1, 5, 2, 9]
410697:[9, 2, 2, 7, 0, 0, 6, 9, 4, 1]
411035:[4, 2, 4, 1, 5, 5, 4, 4, 2, 1]
42992:[5, 2, 6, 5, 6, 5, 4, 0, 5, 7]
431139:[5, 5, 3, 3, 2, 8, 3, 2, 0, 9]
433700:[2, 7, 3, 7, 4, 2, 5, 3, 5, 2]
442071:[4, 0, 0, 3, 3, 3, 6, 6, 2, 1]
442704:[0, 3, 8, 2, 8, 8, 1, 9, 7, 1]
442773:[8, 2, 1, 6, 9, 3, 4, 8, 5, 1]
460358:[6, 5, 6, 1, 4, 4, 7, 4, 5, 3]
463502:[1, 8, 8, 8, 7, 7, 8, 6, 4, 1]
46505:[8, 6, 1, 3, 4, 6, 5, 8, 4, 7]
465357:[5, 7, 3, 9, 7, 7, 7, 0, 5, 6]
480436:[4, 0, 0, 2, 8, 7, 7, 6, 0, 6]
483796:[2, 7, 4, 9, 7, 2, 1, 8, 2, 5]
487446:[3, 0, 3, 9, 6, 5, 3, 1, 5, 1]
495168:[8, 1, 2, 9, 7, 8, 8, 7, 8, 0]
498845:[9, 8, 5, 1, 9, 9, 9, 9, 1, 5]
500450:[7, 7, 4, 4, 3, 3, 0, 5, 7, 0]
501444:[7, 5, 4, 8, 0, 8, 4, 4, 8, 9]
50571:[7, 8, 7, 5, 3, 6, 4, 0, 9, 5]
508169:[3, 5, 2, 0, 6, 2, 2, 0, 7, 9]
509822:[4, 8, 7, 1, 2, 3, 4, 5, 2, 5]
521514:[0, 0, 4, 4, 3, 8, 5, 3, 2, 3]
521722:[9, 1, 0, 2, 4, 5, 0, 6, 3, 0]
52513:[5, 4, 1, 0, 9, 9, 4, 7, 7, 3]
53225:[9, 6, 5, 4, 6, 9, 0, 1, 8, 2]
539485:[1, 6, 4, 6, 0, 6, 6, 2, 1, 4]
551521:[5, 1, 6, 7, 4, 0, 4, 9, 4, 7]
556071:[3, 8, 5, 7, 4, 3, 8, 3, 6, 2]
561300:[0, 1, 6, 7, 0, 8, 9, 6, 5, 9]
562407:[5, 2, 8, 3, 0, 3, 2, 4, 0, 1]
563718:[9, 3, 1, 3, 2, 9, 7, 4, 3, 7]
580465:[8, 8, 4, 2, 2, 9, 4, 5, 4, 4]
580626:[1, 2, 5, 8, 3, 7, 8, 7, 6, 7]
583241:[7, 1, 3, 8, 7, 1, 0, 6, 8, 8]
585499:[7, 1, 0, 0, 7, 4, 6, 2, 2, 6]
592735:[7, 5, 6, 0, 2, 5, 6, 1, 3, 8]
604845:[0, 3, 6, 4, 1, 0, 8, 2, 9, 4]
617543:[4, 6, 8, 8, 6, 7, 2, 5, 9, 5]
626269:[4, 7, 2, 7, 3, 9, 7, 6, 7, 6]
629311:[4, 9, 8, 8, 1, 9, 7, 6, 3, 1]
63099:[6, 6, 7, 1, 2, 4, 9, 5, 9, 7]
634725:[6, 9, 8, 2, 2, 1, 9, 6, 8, 6]
644651:[4, 9, 3, 3, 2, 6, 4, 9, 6, 3]
652064:[2, 6, 9, 0, 6, 5, 1, 7, 0, 8]
652445:[4, 9, 3, 3, 2, 3, 8, 5, 8, 4]
660766:[5, 2, 5, 8, 4, 8, 3, 6, 8, 5]
662405:[8, 0, 9, 1, 1, 0, 4, 2, 0, 2]
663470:[7, 4, 3, 7, 8, 1, 9, 9, 7, 8]
667285:[8, 0, 5, 8, 1, 8, 6, 5, 9, 3]
669824:[6, 1, 4, 9, 7, 3, 5, 4, 8, 2]
679393:[3, 3, 2, 1, 1, 3, 8, 4, 4, 7]
682505:[1, 0, 7, 8, 4, 7, 1, 0, 5, 6]
685468:[0, 1, 0, 7, 0, 2, 0, 5, 4, 8]
687141:[8, 2, 7, 1, 1, 1, 5, 0, 3, 8]
687961:[5, 2, 4, 4, 6, 3, 0, 5, 2, 6]
694036:[7, 7, 8, 6, 3, 9, 4, 8, 1, 7]
69548:[3, 0, 7, 6, 1, 2, 9, 7, 9, 7]
695731:[8, 5, 1, 9, 7, 6, 5, 3, 5, 6]
697552:[0, 3, 8, 7, 1, 5, 5, 7, 3, 2]
703252:[9, 4, 5, 7, 6, 9, 1, 9, 8, 8]
703264:[8, 5, 8, 4, 9, 7, 4, 3, 6, 7]
713531:[8, 3, 5, 4, 6, 5, 7, 7, 7, 8]
72103:[9, 6, 2, 7, 2, 2, 2, 3, 1, 3]
723719:[3, 1, 3, 0, 6, 8, 5, 7, 4, 2]
724599:[7, 3, 6, 8, 6, 6, 4, 1, 3, 3]
725026:[3, 4, 3, 7, 4, 2, 2, 5, 7, 8]
728815:[2, 7, 2, 5, 5, 7, 5, 2, 0, 2]
733090:[3, 6, 9, 1, 1, 0, 9, 7, 4, 5]
737348:[7, 3, 3, 8, 7, 1, 6, 5, 1, 8]
737790:[5, 1, 6, 0, 2, 2, 9, 2, 6, 7]
746765:[7, 2, 0, 6, 3, 0, 8, 9, 3, 2]
75638:[9, 8, 6, 2, 4, 6, 7, 4, 7, 8]
775829:[7, 9, 2, 0, 0, 5, 6, 5, 4, 1]
777619:[4, 6, 7, 4, 2, 5, 6, 7, 5, 6]
778951:[3, 3, 5, 3, 1, 5, 8, 5, 5, 1]
788705:[8, 7, 1, 5, 0, 7, 1, 5, 2, 7]
80829:[5, 9, 7, 2, 8, 4, 0, 9, 1, 7]
812219:[8, 9, 2, 5, 1, 3, 3, 4, 7, 6]
81984:[8, 5, 4, 3, 5, 2, 7, 3, 4, 0]
820697:[8, 8, 6, 8, 2, 3, 1, 2, 6, 6]
822343:[5, 8, 6, 2, 6, 5, 0, 0, 9, 9]
823122:[8, 4, 4, 4, 8, 4, 8, 3, 5, 1]
833188:[0, 4, 9, 5, 5, 1, 0, 5, 7, 1]
845971:[0, 6, 9, 2, 0, 0, 8, 6, 5, 3]
847692:[7, 1, 1, 9, 8, 4, 0, 3, 9, 2]
849111:[2, 3, 9, 4, 1, 1, 4, 3, 3, 3]
850612:[3, 1, 7, 3, 5, 4, 4, 4, 3, 8]
85294:[2, 8, 0, 7, 8, 4, 5, 1, 0, 7]
855603:[3, 5, 8, 1, 9, 6, 2, 3, 9, 6]
858348:[8, 3, 3, 1, 5, 2, 4, 4, 2, 9]
858959:[7, 2, 7, 2, 7, 9, 7, 9, 0, 5]
861698:[5, 6, 4, 9, 1, 6, 1, 2, 8, 3]
864584:[3, 7, 2, 1, 8, 1, 7, 3, 5, 7]
868383:[4, 9, 3, 8, 7, 9, 5, 9, 1, 3]
876534:[0, 3, 4, 4, 0, 2, 1, 2, 7, 0]
883247:[8, 3, 3, 5, 8, 2, 4, 2, 0, 0]
885931:[7, 3, 0, 1, 6, 7, 5, 2, 9, 1]
889059:[0, 0, 4, 1, 1, 7, 9, 3, 3, 5]
890208:[0, 3, 0, 6, 5, 2, 6, 0, 2, 4]
89481:[5, 9, 5, 1, 7, 8, 5, 4, 5, 3]
899721:[0, 9, 2, 0, 2, 8, 7, 1, 7, 2]
903761:[1, 4, 3, 7, 4, 9, 1, 2, 2, 7]
905388:[1, 6, 5, 3, 7, 5, 4, 6, 0, 5]
905603:[3, 8, 6, 7, 2, 6, 3, 0, 6, 7]
906598:[3, 4, 1, 1, 1, 3, 7, 4, 3, 9]
906960:[8, 8, 0, 8, 3, 1, 5, 6, 4, 1]
909746:[2, 7, 4, 9, 9, 8, 4, 5, 1, 1]
91455:[9, 4, 7, 5, 8, 4, 6, 0, 2, 7]
914661:[5, 8, 9, 9, 8, 4, 9, 2, 3, 3]
914837:[7, 7, 2, 0, 9, 5, 3, 1, 6, 2]
916977:[5, 5, 0, 7, 0, 1, 9, 9, 6, 1]
92407:[8, 7, 1, 0, 7, 7, 1, 8, 5, 7]
927257:[1, 8, 5, 1, 4, 9, 5, 4, 9, 6]
927949:[4, 6, 7, 3, 7, 1, 7, 8, 5, 0]
931168:[7, 1, 6, 3, 5, 3, 3, 9, 2, 1]
940398:[8, 6, 1, 6, 5, 9, 5, 7, 4, 6]
941467:[7, 7, 4, 8, 2, 2, 8, 2, 7, 6]
944441:[2, 7, 2, 8, 6, 2, 6, 6, 4, 5]
958060:[8, 6, 4, 9, 5, 3, 2, 4, 9, 0]
963855:[5, 8, 6, 6, 7, 6, 3, 9, 8, 1]
966769:[5, 7, 7, 7, 1, 9, 7, 5, 5, 8]
971531:[9, 3, 8, 3, 9, 0, 8, 5, 2, 5]
973308:[0, 7, 1, 7, 7, 3, 1, 0, 9, 9]
984316:[5, 5, 8, 7, 0, 1, 2, 5, 2, 8]
98525:[0, 8, 2, 7, 2, 5, 1, 7, 6, 9]
990377:[7, 0, 4, 3, 7, 4, 6, 9, 5, 6]
991121:[1, 4, 6, 2, 5, 2, 5, 7, 2, 3]
991501:[7, 8, 8, 4, 6, 1, 4, 8, 0, 4]
998087:[6, 7, 2, 3, 9, 9, 9, 1, 1, 9]
