1006509:[4, 6, 5, 1, 6, 0, 0, 4, 9, 1]
1012818:[0, 3, 4, 0, 8, 3, 6, 1, 6, 8]
1026837:[7, 9, 9, 9, 4, 8, 2, 4, 5, 4]
1069049:[2, 5, 1, 1, 0, 8, 5, 6, 4, 1]
1071970:[4, 4, 4, 3, 7, 7, 7, 4, 4, 7]
1122323:[9, 4, 3, 8, 6, 6, 7, 2, 9, 2]
1231251:[7, 3, 1, 2, 9, 8, 4, 9, 8, 5]
1282034:[0, 1, 8, 6, 7, 9, 6, 4, 2, 3]
1344251:[4, 0, 3, 1, 0, 0, 8, 5, 6, 6]
1379907:[2, 7, 4, 8, 3, 6, 9, 0, 2, 4]
1386847:[8, 3, 5, 2, 4, 0, 5, 2, 1, 9]
1452906:[5, 6, 9, 4, 5, 1, 9, 4, 3, 7]
1471220:[1, 9, 4, 9, 5, 6, 9, 4, 1, 8]
1506245:[6, 6, 5, 6, 0, 8, 9, 4, 4, 9]
1510380:[9, 6, 5, 4, 2, 9, 0, 9, 2, 3]
1512872:[3, 1, 7, 1, 1, 1, 3, 2, 1, 6]
1542323:[7, 0, 0, 7, 2, 6, 0, 5, 3, 1]
1573622:[7, 9, 5, 6, 4, 1, 7, 2, 3, 3]
1603987:[7, 3, 0, 4, 1, 3, 6, 9, 2, 6]
1627655:[2, 4, 2, 9, 3, 5, 1, 7, 1, 7]
1677461:[5, 6, 9, 3, 1, 5, 9, 7, 5, 3]
1706279:[4, 1, 2, 8, 9, 4, 7, 7, 7, 3]
1777377:[2, 9, 3, 8, 9, 3, 2, 8, 4, 1]
177919:[1, 8, 2, 3, 6, 9, 0, 0, 5, 0]
1785448:[4, 7, 8, 7, 1, 1, 1, 5, 1, 6]
181693:[0, 7, 2, 3, 9, 6, 2, 2, 7, 2]
1818509:[4, 9, 9, 6, 8, 7, 9, 4, 4, 0]
1890660:[4, 4, 7, 4, 2, 4, 7, 9, 4, 3]
1893882:[4, 2, 5, 9, 7, 6, 5, 6, 2, 8]
1911819:[2, 2, 7, 6, 5, 4, 0, 3, 5, 3]
1920378:[4, 1, 0, 8, 3, 7, 9, 0, 6, 1]
1922018:[3, 6, 0, 1, 2, 9, 1, 6, 9, 7]
1922917:[7, 1, 2, 4, 8, 5, 0, 2, 1, 9]
196092:[4, 8, 4, 9, 0, 9, 0, 8, 8, 3]
1971880:[0, 1, 5, 5, 4, 0, 8, 7, 4, 3]
2005769:[6, 9, 8, 6, 3, 6, 1, 5, 7, 8]
2040479:[5, 9, 5, 6, 2, 2, 6, 1, 6, 0]
2068994:[3, 2, 4, 1, 6, 4, 1, 0, 2, 1]
2076033:[7, 5, 8, 8, 1, 4, 2, 2, 9, 9]
211766:[4, 7, 0, 6, 4, 0, 3, 7, 3, 5]
2135066:[9, 7, 4, 4, 8, 3, 1, 1, 6, 2]
2163432:[8, 6, 1, 7, 5, 9, 3, 9, 4, 9]
2217754:[8, 2, 4, 2, 1, 4, 9, 6, 8, 1]
2275610:[9, 7, 1, 5, 9, 5, 0, 0, 8, 3]
2335674:[7, 8, 7, 4, 3, 8, 2, 2, 3, 2]
2381943:[3, 2, 0, 2, 5, 2, 9, 7, 9, 6]
2440406:[3, 6, 0, 7, 3, 4, 2, 1, 8, 8]
2456097:[3, 7, 9, 7, 5, 2, 0, 4, 8, 1]
2465050:[4, 8, 5, 8, 2, 6, 7, 7, 5, 1]
2477168:[5, 7, 6, 2, 8, 4, 2, 3, 4, 8]
2478491:[9, 8, 1, 3, 7, 8, 2, 3, 4, 3]
2506228:[2, 4, 0, 6, 1, 1, 3, 6, 8, 3]
2522726:[3, 1, 7, 2, 2, 8, 6, 0, 7, 8]
2685588:[6, 0, 4, 7, 9, 7, 1, 8, 6, 6]
2689468:[0, 1, 6, 6, 5, 3, 7, 8, 5, 9]
2727760:[1, 7, 6, 2, 8, 0, 7, 2, 5, 7]
2728836:[8, 3, 0, 0, 7, 4, 6, 1, 6, 1]
2739916:[7, 2, 5, 0, 5, 6, 6, 6, 7, 7]
2837488:[0, 3, 9, 6, 2, 7, 6, 3, 9, 7]
2872176:[2, 1, 4, 6, 3, 4, 4, 4, 0, 7]
2884004:[8, 5, 8, 4, 7, 7, 3, 7, 0, 6]
2894624:[5, 2, 6, 5, 0, 1, 2, 2, 7, 9]
2922612:[9, 9, 0, 9, 4, 2, 0, 6, 7, 0]
2949818:[4, 0, 4, 7, 6, 9, 6, 9, 4, 8]
2958263:[4, 7, 1, 4, 9, 8, 2, 6, 1, 6]
2975952:[6, 5, 8, 9, 1, 7, 8, 3, 3, 3]
2987865:[1, 9, 2, 6, 8, 5, 8, 8, 5, 0]
3009021:[2, 5, 1, 5, 7, 0, 2, 0, 6, 3]
303546:[4, 4, 4, 4, 2, 4, 7, 2, 3, 3]
3150667:[6, 3, 5, 4, 5, 2, 3, 9, 4, 8]
3157631:[5, 9, 1, 7, 6, 1, 3, 0, 1, 2]
328888:[7, 7, 7, 7, 5, 2, 4, 6, 9, 0]
358891:[3, 0, 2, 8, 1, 0, 0, 1, 3, 1]
404817:[7, 7, 7, 1, 9, 7, 0, 8, 1, 8]
487356:[4, 1, 3, 4, 6, 4, 9, 2, 1, 3]
518651:[8, 1, 2, 0, 5, 8, 4, 2, 6, 4]
592621:[3, 0, 7, 5, 1, 5, 6, 1, 9, 1]
618936:[3, 7, 1, 9, 2, 8, 3, 4, 0, 4]
651708:[8, 3, 3, 4, 7, 8, 0, 3, 2, 3]
720631:[1, 5, 1, 9, 9, 8, 3, 9, 1, 4]
747598:[7, 0, 5, 1, 2, 0, 1, 1, 8, 0]
748541:[0, 3, 9, 1, 9, 2, 9, 1, 2, 9]
759384:[4, 5, 7, 4, 2, 3, 1, 5, 1, 7]
783689:[6, 9, 7, 7, 3, 5, 3, 4, 4, 5]
795058:[3, 6, 8, 9, 6, 5, 8, 2, 3, 8]
945974:[5, 7, 6, 9, 8, 6, 1, 8, 1, 6]
96502:[3, 6, 6, 8, 3, 4, 5, 4, 2, 7]
972205:[3, 8, 6, 3, 2, 7, 4, 5, 6, 4]
986349:[0, 5, 3, 1, 7, 9, 6, 0, 7, 8]
98704:[3, 9, 8, 7, 5, 2, 4, 2, 3, 9]
