1023189:[7, 7, 1, 5, 9, 3, 8, 9, 2, 9]
10972:[3, 2, 6, 3, 6, 2, 2, 2, 8, 0]
1125655:[7, 9, 9, 0, 1, 7, 2, 6, 2, 0]
1227698:[6, 2, 1, 0, 1, 3, 3, 4, 0, 7]
1382846:[0, 1, 9, 4, 5, 1, 9, 9, 7, 4]
1590066:[0, 9, 8, 5, 0, 1, 4, 9, 8, 6]
1664610:[4, 2, 9, 8, 8, 2, 0, 9, 4, 1]
1687262:[2, 3, 4, 7, 5, 9, 7, 6, 1, 5]
1755336:[1, 4, 8, 4, 4, 4, 4, 0, 3, 3]
1914311:[8, 5, 6, 3, 1, 6, 1, 9, 2, 1]
1923890:[3, 5, 6, 8, 0, 7, 6, 4, 1, 1]
2109193:[0, 7, 7, 8, 7, 6, 0, 2, 6, 9]
2177924:[3, 0, 8, 5, 4, 9, 2, 3, 3, 6]
2183859:[5, 9, 1, 8, 9, 9, 0, 0, 3, 8]
2228604:[8, 1, 4, 8, 8, 9, 3, 2, 2, 7]
2250993:[3, 2, 3, 8, 3, 4, 4, 4, 2, 0]
226954:[3, 4, 6, 0, 7, 1, 2, 2, 2, 3]
2308099:[9, 1, 9, 4, 2, 0, 2, 7, 9, 3]
237715:[3, 5, 5, 7, 4, 1, 7, 4, 7, 8]
2455890:[6, 1, 9, 3, 2, 2, 0, 8, 2, 3]
2562755:[2, 7, 7, 1, 0, 3, 3, 9, 1, 7]
2756289:[4, 7, 8, 5, 3, 9, 4, 0, 6, 0]
2787281:[9, 1, 2, 2, 4, 8, 4, 7, 2, 1]
2854123:[3, 0, 8, 9, 3, 3, 8, 1, 4, 3]
287751:[8, 1, 9, 2, 9, 1, 3, 4, 4, 5]
295920:[5, 7, 7, 5, 4, 0, 3, 4, 6, 9]
2999548:[1, 5, 6, 8, 2, 9, 8, 4, 7, 4]
3028205:[9, 3, 6, 3, 5, 9, 7, 7, 1, 5]
3154578:[0, 8, 4, 0, 4, 0, 8, 9, 7, 4]
354383:[7, 8, 7, 7, 4, 5, 2, 0, 6, 0]
408376:[1, 5, 1, 2, 6, 7, 6, 5, 7, 4]
450082:[3, 0, 0, 5, 2, 1, 6, 4, 9, 2]
68283:[0, 6, 6, 2, 6, 1, 3, 6, 3, 0]
801517:[5, 7, 6, 3, 4, 2, 0, 4, 1, 2]
802505:[1, 1, 7, 6, 2, 0, 5, 8, 2, 6]
808203:[1, 2, 3, 3, 3, 5, 9, 9, 1, 8]
