1001986:[4, 4, 4, 4, 9, 5, 9, 6, 9, 3]
102272:[8, 5, 0, 5, 5, 6, 2, 1, 9, 0]
1049944:[4, 1, 4, 8, 9, 3, 8, 7, 9, 9]
1058016:[2, 2, 7, 8, 0, 5, 0, 9, 4, 2]
1059749:[9, 6, 1, 5, 5, 0, 6, 5, 6, 8]
1065125:[7, 4, 8, 3, 2, 6, 5, 9, 5, 4]
1066726:[6, 1, 6, 5, 6, 9, 4, 9, 0, 8]
1071232:[7, 8, 2, 2, 8, 9, 5, 5, 6, 5]
1095373:[5, 6, 6, 2, 4, 6, 7, 4, 5, 6]
1095662:[0, 4, 1, 2, 8, 4, 9, 6, 0, 3]
1114682:[7, 4, 5, 7, 9, 0, 6, 9, 0, 0]
1119253:[1, 9, 3, 5, 2, 3, 9, 8, 1, 8]
1120523:[5, 2, 0, 3, 0, 4, 9, 6, 6, 4]
1122497:[7, 2, 3, 7, 3, 1, 0, 8, 2, 2]
1129044:[3, 8, 9, 1, 1, 3, 2, 3, 7, 1]
1130545:[6, 6, 2, 3, 9, 7, 4, 1, 3, 6]
1155213:[5, 1, 0, 8, 2, 3, 5, 6, 8, 7]
1171884:[4, 9, 7, 7, 3, 9, 5, 8, 6, 3]
1208672:[4, 0, 0, 7, 7, 2, 7, 5, 2, 4]
1210386:[2, 8, 9, 2, 3, 5, 6, 9, 7, 9]
122409:[0, 1, 7, 8, 3, 9, 7, 0, 6, 7]
123515:[1, 8, 9, 1, 8, 0, 0, 5, 3, 5]
1245648:[6, 1, 3, 2, 3, 1, 1, 0, 7, 1]
1245853:[9, 8, 5, 0, 3, 9, 6, 7, 0, 7]
1245872:[8, 9, 3, 4, 3, 3, 4, 1, 1, 2]
126027:[7, 2, 1, 9, 3, 6, 8, 2, 3, 9]
1263182:[5, 6, 2, 7, 1, 4, 6, 2, 6, 3]
1302232:[3, 8, 1, 1, 8, 0, 5, 4, 1, 7]
1304662:[6, 8, 3, 7, 9, 6, 0, 6, 6, 6]
1305344:[5, 6, 7, 1, 3, 6, 0, 8, 0, 4]
1312037:[7, 0, 5, 7, 1, 1, 1, 3, 2, 1]
1312529:[9, 1, 8, 0, 0, 0, 6, 9, 1, 4]
1334094:[0, 2, 2, 0, 3, 9, 2, 9, 8, 4]
1339261:[4, 5, 3, 6, 0, 8, 3, 9, 9, 0]
1340537:[8, 7, 6, 8, 2, 5, 5, 2, 4, 8]
1340863:[4, 2, 3, 7, 5, 1, 1, 3, 0, 7]
1350395:[3, 3, 5, 7, 1, 7, 7, 1, 3, 5]
1367623:[2, 8, 5, 1, 2, 7, 4, 9, 2, 2]
1384519:[4, 7, 0, 8, 7, 2, 7, 5, 2, 9]
1416457:[5, 7, 0, 3, 4, 4, 2, 8, 8, 9]
1429333:[3, 2, 9, 0, 6, 3, 5, 5, 8, 9]
1469177:[6, 8, 3, 7, 9, 6, 0, 6, 6, 6]
1475092:[5, 7, 1, 5, 0, 9, 9, 3, 8, 2]
1480909:[4, 3, 0, 2, 0, 7, 7, 0, 4, 0]
1481931:[9, 6, 1, 7, 1, 5, 5, 5, 7, 4]
1486142:[4, 6, 8, 0, 6, 2, 1, 4, 9, 0]
1495923:[6, 4, 8, 9, 8, 6, 8, 7, 0, 1]
150837:[6, 7, 3, 3, 7, 6, 5, 4, 3, 2]
1519142:[0, 0, 8, 4, 4, 0, 3, 0, 7, 6]
1594618:[8, 3, 3, 1, 8, 7, 8, 2, 9, 6]
1598580:[8, 6, 3, 3, 7, 8, 0, 8, 8, 7]
1601571:[7, 1, 3, 9, 4, 1, 5, 1, 8, 9]
1627561:[1, 3, 2, 4, 7, 4, 5, 6, 0, 5]
1634820:[9, 8, 8, 2, 1, 0, 6, 0, 5, 1]
1651271:[9, 4, 6, 7, 8, 6, 0, 2, 1, 2]
1654398:[0, 9, 4, 1, 4, 1, 4, 5, 3, 6]
1655279:[9, 0, 9, 8, 7, 2, 8, 5, 3, 0]
1657395:[8, 1, 5, 6, 0, 6, 3, 6, 8, 4]
1667695:[4, 9, 7, 5, 3, 1, 5, 5, 9, 3]
1686410:[5, 1, 8, 7, 4, 2, 2, 9, 1, 8]
1688391:[6, 0, 7, 6, 9, 7, 5, 1, 7, 4]
1703584:[5, 8, 1, 1, 6, 9, 0, 6, 6, 6]
1719896:[7, 3, 2, 8, 8, 7, 3, 5, 7, 4]
1720588:[5, 4, 8, 7, 3, 3, 0, 3, 8, 4]
1730134:[7, 3, 3, 9, 3, 7, 9, 2, 1, 7]
173107:[5, 8, 4, 8, 3, 6, 0, 7, 9, 4]
1740099:[9, 5, 7, 3, 2, 6, 7, 5, 4, 5]
176194:[7, 8, 8, 4, 5, 9, 9, 1, 4, 7]
1812291:[3, 5, 8, 1, 8, 9, 3, 8, 3, 0]
1840825:[5, 8, 1, 9, 3, 3, 3, 4, 3, 4]
1844425:[3, 0, 0, 2, 9, 0, 0, 8, 9, 6]
1853944:[1, 3, 3, 7, 3, 9, 9, 5, 1, 5]
1890108:[5, 5, 6, 4, 1, 5, 1, 5, 9, 0]
189502:[4, 5, 5, 4, 5, 6, 2, 1, 9, 0]
189560:[3, 1, 2, 1, 5, 4, 8, 2, 3, 8]
190716:[4, 7, 1, 9, 3, 6, 7, 0, 9, 9]
1915883:[2, 7, 9, 9, 1, 7, 9, 1, 0, 8]
1936284:[3, 9, 3, 0, 9, 7, 0, 2, 5, 5]
1961971:[5, 1, 6, 2, 2, 6, 2, 6, 5, 5]
1976643:[4, 1, 8, 3, 0, 5, 3, 0, 1, 4]
1989700:[7, 7, 9, 4, 3, 6, 8, 2, 1, 2]
1995771:[6, 3, 8, 8, 4, 1, 7, 7, 5, 8]
1999505:[9, 3, 1, 7, 5, 1, 5, 2, 7, 0]
1999757:[5, 7, 2, 4, 3, 2, 0, 2, 6, 6]
2007632:[3, 9, 6, 4, 1, 5, 2, 0, 7, 2]
201757:[5, 8, 5, 0, 5, 1, 7, 6, 2, 0]
2029996:[1, 9, 8, 7, 1, 3, 0, 8, 2, 0]
203114:[7, 1, 9, 1, 6, 6, 5, 8, 4, 3]
2037449:[4, 1, 3, 0, 4, 6, 4, 4, 7, 9]
2049366:[4, 8, 9, 2, 4, 0, 8, 3, 9, 7]
2051800:[5, 9, 6, 4, 3, 1, 5, 3, 0, 9]
2060650:[0, 3, 2, 7, 0, 3, 0, 2, 3, 7]
2069968:[9, 1, 6, 8, 7, 8, 4, 8, 0, 5]
2078752:[6, 7, 5, 9, 5, 3, 5, 3, 1, 9]
2091081:[7, 5, 2, 3, 2, 3, 6, 9, 3, 6]
2114287:[5, 7, 4, 5, 3, 6, 0, 6, 2, 4]
2120918:[3, 1, 0, 2, 7, 6, 3, 3, 8, 5]
2127279:[6, 7, 8, 0, 5, 7, 1, 2, 6, 6]
2149042:[1, 1, 1, 3, 8, 1, 8, 1, 3, 5]
2153936:[4, 6, 5, 8, 8, 7, 4, 5, 8, 2]
2168385:[8, 1, 0, 4, 9, 6, 2, 2, 2, 8]
221480:[3, 9, 6, 5, 9, 0, 2, 2, 0, 6]
2219274:[7, 8, 7, 1, 0, 6, 0, 3, 7, 7]
2261770:[6, 2, 5, 2, 7, 3, 9, 6, 3, 2]
2296173:[4, 1, 3, 0, 3, 5, 1, 0, 0, 7]
2310878:[5, 8, 1, 1, 6, 9, 0, 6, 6, 6]
2313351:[9, 8, 8, 8, 9, 8, 6, 0, 8, 4]
2315132:[4, 7, 9, 2, 1, 8, 4, 8, 7, 5]
2320065:[4, 4, 4, 0, 9, 3, 5, 5, 8, 7]
2330360:[7, 1, 9, 3, 0, 5, 1, 4, 3, 8]
2333301:[2, 1, 2, 6, 6, 4, 0, 8, 5, 4]
2341388:[6, 9, 8, 3, 9, 1, 4, 9, 7, 0]
2344756:[0, 2, 0, 7, 8, 3, 5, 0, 5, 6]
2346499:[6, 4, 1, 6, 6, 3, 9, 8, 7, 6]
2348747:[8, 5, 5, 9, 1, 0, 6, 3, 9, 1]
2372785:[5, 5, 3, 4, 5, 6, 2, 1, 4, 5]
2386891:[1, 5, 1, 7, 2, 3, 6, 1, 2, 1]
239345:[2, 7, 0, 7, 4, 4, 6, 6, 6, 0]
2418755:[5, 5, 1, 8, 7, 0, 1, 4, 6, 4]
2424139:[0, 2, 2, 4, 6, 5, 2, 6, 2, 3]
2426340:[4, 7, 0, 1, 6, 7, 1, 3, 3, 0]
2435819:[8, 5, 0, 5, 5, 6, 2, 1, 9, 0]
2451018:[0, 2, 2, 9, 5, 8, 4, 7, 1, 5]
2459404:[7, 9, 2, 8, 2, 3, 3, 0, 7, 9]
2470758:[4, 3, 7, 8, 1, 6, 3, 8, 2, 4]
2478896:[7, 3, 1, 8, 7, 4, 6, 5, 7, 8]
2487911:[4, 0, 4, 0, 4, 8, 3, 9, 3, 8]
250330:[9, 9, 3, 0, 1, 7, 9, 9, 9, 5]
250380:[6, 9, 2, 1, 1, 0, 1, 9, 4, 7]
2516772:[5, 8, 7, 6, 5, 1, 4, 0, 0, 8]
2570339:[9, 2, 2, 0, 1, 9, 1, 0, 9, 3]
2577082:[0, 9, 5, 9, 0, 7, 0, 7, 7, 7]
2580822:[2, 6, 4, 7, 5, 0, 3, 6, 4, 0]
2586790:[4, 9, 6, 4, 1, 9, 5, 7, 8, 6]
2588607:[9, 7, 3, 5, 7, 5, 8, 1, 4, 2]
2606779:[1, 7, 7, 1, 8, 9, 2, 2, 2, 1]
2607031:[1, 2, 0, 2, 1, 5, 0, 9, 0, 2]
2610132:[5, 7, 1, 5, 4, 2, 7, 7, 7, 1]
2617310:[9, 9, 2, 8, 6, 3, 7, 6, 7, 6]
2619554:[7, 7, 7, 5, 3, 4, 1, 5, 1, 5]
2636223:[3, 8, 7, 7, 1, 7, 1, 3, 6, 5]
2639229:[0, 3, 2, 9, 8, 2, 6, 4, 0, 4]
2639858:[3, 0, 1, 4, 2, 5, 0, 9, 2, 7]
2639888:[9, 9, 4, 7, 1, 3, 9, 6, 0, 8]
2641628:[0, 3, 0, 9, 3, 5, 0, 2, 1, 4]
2654257:[0, 3, 0, 6, 5, 1, 3, 9, 3, 7]
265582:[3, 8, 7, 4, 4, 7, 2, 1, 7, 0]
2670286:[5, 5, 0, 5, 8, 4, 7, 2, 0, 0]
2679567:[0, 9, 6, 5, 9, 2, 2, 9, 9, 8]
2686190:[2, 7, 9, 3, 0, 4, 5, 8, 7, 6]
2690655:[2, 4, 0, 4, 6, 7, 3, 6, 5, 4]
2692557:[0, 0, 9, 2, 3, 9, 0, 6, 5, 5]
2736901:[9, 1, 1, 6, 5, 6, 7, 4, 4, 4]
2750756:[6, 7, 0, 7, 4, 3, 6, 5, 2, 7]
2762972:[8, 6, 7, 4, 5, 5, 7, 5, 9, 7]
2785712:[6, 1, 2, 4, 5, 2, 0, 4, 8, 3]
278652:[4, 2, 0, 4, 4, 6, 3, 2, 7, 6]
2786963:[1, 0, 6, 3, 9, 6, 4, 6, 5, 6]
2798414:[3, 3, 7, 4, 4, 2, 1, 4, 9, 2]
2801557:[2, 8, 4, 9, 9, 4, 7, 7, 9, 6]
2820269:[5, 0, 3, 3, 3, 8, 2, 7, 6, 2]
2845866:[1, 6, 8, 5, 8, 4, 3, 6, 0, 9]
2869730:[6, 2, 6, 5, 7, 4, 0, 7, 5, 6]
2875684:[7, 4, 6, 0, 1, 0, 4, 5, 3, 9]
2876294:[1, 3, 3, 7, 3, 9, 9, 5, 1, 5]
2892371:[9, 9, 7, 5, 9, 1, 5, 6, 8, 6]
2926033:[2, 1, 1, 1, 8, 5, 2, 4, 1, 5]
2933210:[0, 1, 2, 2, 4, 2, 8, 6, 4, 3]
2961809:[2, 9, 8, 0, 9, 7, 3, 9, 8, 8]
296211:[6, 9, 5, 7, 5, 9, 3, 4, 7, 0]
2964359:[4, 2, 4, 8, 2, 5, 0, 2, 0, 0]
2977292:[4, 1, 3, 8, 8, 4, 0, 8, 3, 7]
2985074:[4, 0, 3, 5, 1, 4, 5, 3, 0, 7]
2993885:[2, 5, 8, 9, 1, 8, 2, 8, 2, 2]
2999874:[1, 7, 2, 4, 7, 4, 9, 4, 7, 5]
3002542:[5, 1, 1, 3, 5, 4, 2, 1, 4, 0]
3007170:[8, 1, 4, 4, 5, 0, 4, 8, 3, 8]
3014256:[5, 8, 0, 9, 1, 5, 8, 3, 5, 4]
3030629:[4, 7, 0, 0, 0, 2, 0, 6, 6, 6]
3043926:[1, 2, 3, 0, 3, 4, 4, 9, 0, 6]
3046279:[4, 0, 5, 5, 7, 1, 9, 3, 2, 4]
3068510:[8, 3, 2, 6, 0, 7, 2, 6, 4, 6]
307299:[3, 7, 7, 2, 0, 1, 4, 6, 6, 7]
3109691:[3, 2, 0, 1, 4, 1, 2, 6, 5, 8]
3116282:[5, 2, 3, 7, 9, 4, 0, 0, 6, 6]
311755:[5, 6, 2, 8, 7, 0, 5, 2, 2, 3]
3119004:[7, 0, 9, 5, 4, 8, 3, 1, 2, 5]
3121799:[0, 8, 7, 0, 5, 3, 0, 8, 5, 2]
3133828:[4, 9, 3, 5, 2, 8, 0, 3, 8, 0]
3145339:[5, 1, 5, 4, 6, 7, 0, 7, 2, 6]
3156477:[8, 8, 0, 6, 3, 0, 4, 9, 7, 8]
317183:[1, 9, 3, 6, 0, 6, 5, 6, 5, 5]
3185305:[3, 4, 5, 5, 2, 5, 4, 8, 9, 9]
3193118:[9, 1, 1, 2, 9, 5, 7, 7, 0, 6]
3206909:[8, 6, 8, 8, 8, 6, 9, 6, 9, 7]
3207755:[4, 3, 4, 0, 7, 7, 4, 7, 8, 7]
3209304:[1, 3, 3, 2, 0, 9, 4, 5, 3, 8]
3219305:[6, 7, 4, 1, 0, 0, 0, 0, 2, 0]
3231042:[4, 0, 9, 8, 5, 2, 3, 3, 1, 6]
3245637:[0, 6, 2, 7, 1, 5, 6, 8, 3, 9]
3248659:[4, 7, 0, 8, 9, 9, 3, 8, 4, 9]
3252996:[4, 4, 1, 7, 8, 2, 1, 4, 8, 1]
3257931:[4, 8, 1, 9, 3, 5, 0, 6, 6, 6]
3260368:[4, 1, 5, 7, 4, 1, 8, 8, 0, 7]
3268236:[2, 7, 5, 2, 9, 8, 9, 5, 0, 5]
335849:[5, 0, 8, 1, 8, 8, 8, 6, 7, 6]
338833:[3, 0, 3, 3, 3, 1, 0, 8, 2, 5]
342863:[9, 0, 1, 7, 2, 2, 9, 2, 0, 2]
344151:[3, 1, 4, 1, 0, 2, 7, 2, 8, 5]
346470:[7, 2, 3, 6, 1, 4, 4, 0, 6, 2]
378093:[0, 1, 5, 0, 6, 3, 7, 1, 7, 7]
401734:[1, 2, 1, 4, 1, 1, 4, 6, 7, 4]
405366:[0, 3, 3, 4, 0, 7, 1, 9, 5, 4]
432977:[4, 8, 0, 6, 4, 8, 3, 6, 5, 2]
437839:[2, 3, 0, 2, 0, 3, 1, 3, 9, 6]
445689:[3, 1, 4, 3, 1, 9, 0, 8, 1, 1]
446187:[9, 4, 1, 6, 8, 0, 0, 5, 7, 6]
470878:[2, 4, 0, 2, 4, 9, 6, 6, 2, 0]
479983:[2, 2, 0, 5, 0, 9, 9, 8, 9, 6]
482413:[4, 2, 2, 3, 9, 0, 9, 0, 5, 9]
518911:[4, 8, 4, 8, 0, 5, 8, 6, 0, 0]
525363:[7, 8, 5, 8, 3, 8, 0, 1, 1, 6]
537432:[6, 3, 8, 8, 4, 1, 7, 7, 5, 8]
539821:[5, 0, 3, 4, 3, 6, 4, 6, 8, 0]
540311:[0, 2, 5, 7, 7, 1, 9, 9, 4, 3]
54404:[4, 4, 8, 1, 9, 3, 3, 4, 5, 2]
560581:[7, 9, 3, 2, 1, 9, 2, 3, 1, 5]
586678:[7, 1, 7, 8, 6, 3, 8, 2, 4, 8]
590783:[3, 6, 9, 0, 2, 1, 0, 2, 3, 7]
590955:[3, 1, 6, 1, 3, 7, 5, 7, 6, 6]
615032:[7, 2, 2, 4, 2, 5, 6, 8, 7, 1]
653824:[4, 8, 2, 8, 1, 9, 5, 3, 8, 8]
658805:[5, 5, 0, 7, 5, 0, 7, 8, 9, 6]
662635:[8, 3, 0, 4, 4, 9, 3, 7, 9, 3]
678666:[8, 1, 5, 6, 0, 6, 3, 6, 8, 4]
688738:[5, 6, 8, 0, 8, 8, 4, 7, 9, 9]
717419:[1, 1, 9, 3, 2, 8, 6, 3, 1, 5]
739689:[7, 2, 3, 3, 3, 7, 6, 2, 1, 3]
774168:[8, 7, 7, 7, 1, 7, 1, 3, 6, 5]
786464:[3, 3, 6, 8, 6, 9, 6, 1, 0, 9]
788538:[3, 7, 6, 9, 5, 7, 9, 2, 6, 5]
809503:[2, 6, 6, 0, 7, 4, 4, 0, 1, 0]
824576:[4, 2, 2, 7, 4, 4, 0, 4, 4, 0]
854455:[5, 4, 3, 4, 5, 9, 4, 8, 2, 4]
872679:[6, 2, 7, 3, 7, 2, 6, 3, 1, 5]
875981:[5, 9, 1, 0, 4, 3, 1, 5, 1, 2]
891640:[1, 9, 6, 3, 9, 4, 4, 0, 8, 8]
895958:[3, 3, 7, 5, 1, 7, 3, 3, 0, 3]
930115:[9, 6, 5, 7, 4, 7, 0, 8, 3, 0]
934931:[4, 1, 9, 4, 3, 9, 0, 5, 3, 8]
96241:[2, 7, 3, 5, 0, 9, 3, 6, 7, 9]
966502:[3, 2, 7, 6, 8, 6, 9, 7, 8, 3]
972555:[3, 3, 0, 8, 6, 3, 3, 5, 6, 1]
978841:[5, 3, 9, 1, 1, 5, 0, 0, 5, 0]
980917:[5, 0, 4, 5, 1, 9, 7, 4, 9, 3]
983227:[8, 7, 5, 5, 1, 5, 7, 0, 2, 1]
990722:[5, 5, 9, 9, 3, 9, 2, 7, 9, 6]
993834:[2, 4, 4, 0, 4, 7, 8, 6, 7, 6]
