100161:[8, 1, 7, 1, 4, 1, 1, 2, 5, 0]
1010194:[6, 1, 0, 7, 6, 6, 9, 2, 4, 2]
1027643:[3, 9, 6, 6, 6, 9, 9, 6, 7, 7]
103690:[0, 5, 4, 0, 2, 7, 7, 8, 4, 7]
104321:[5, 6, 7, 5, 0, 8, 1, 0, 1, 6]
1044609:[9, 7, 8, 8, 6, 1, 1, 5, 1, 6]
1049364:[7, 4, 7, 4, 3, 1, 5, 7, 3, 8]
1049724:[3, 4, 6, 4, 4, 4, 1, 2, 9, 5]
1074836:[7, 0, 3, 0, 1, 4, 1, 4, 0, 3]
1078980:[8, 6, 5, 2, 9, 3, 5, 6, 1, 9]
1082550:[1, 0, 0, 7, 0, 1, 4, 5, 8, 6]
1085291:[6, 4, 2, 9, 5, 0, 2, 1, 2, 3]
1119044:[5, 8, 6, 2, 3, 7, 5, 7, 1, 3]
1122225:[2, 2, 6, 4, 7, 3, 2, 6, 4, 4]
1139220:[9, 3, 5, 6, 4, 8, 4, 9, 9, 4]
1141958:[3, 8, 7, 0, 1, 3, 8, 6, 2, 9]
1142551:[4, 2, 5, 1, 1, 0, 8, 7, 8, 4]
1147179:[1, 3, 0, 1, 5, 9, 0, 8, 3, 1]
1166893:[4, 8, 4, 3, 6, 2, 4, 3, 7, 6]
1174123:[2, 7, 0, 1, 8, 6, 7, 2, 0, 7]
1175738:[5, 8, 8, 9, 0, 7, 8, 4, 1, 6]
1177198:[3, 2, 3, 4, 8, 1, 0, 8, 6, 6]
1188637:[2, 6, 0, 1, 5, 8, 6, 5, 0, 3]
1189267:[4, 2, 9, 8, 7, 5, 4, 4, 3, 0]
1194487:[8, 6, 2, 1, 4, 1, 0, 3, 8, 7]
1201950:[5, 0, 2, 9, 7, 8, 5, 6, 9, 4]
1202376:[8, 6, 5, 0, 4, 6, 3, 4, 1, 6]
1209045:[5, 0, 9, 2, 6, 4, 3, 9, 3, 0]
1211717:[0, 4, 7, 7, 3, 5, 5, 5, 0, 4]
1220549:[6, 9, 8, 3, 1, 8, 5, 0, 3, 5]
1223205:[7, 6, 5, 1, 7, 7, 3, 3, 6, 2]
1231444:[9, 3, 7, 9, 7, 2, 7, 6, 6, 3]
1263729:[1, 1, 2, 2, 9, 0, 0, 4, 3, 8]
126702:[1, 9, 3, 7, 2, 6, 3, 5, 0, 5]
1276356:[8, 0, 2, 5, 5, 0, 1, 2, 0, 2]
1290086:[9, 3, 6, 5, 3, 4, 5, 8, 8, 4]
1293493:[4, 3, 0, 7, 3, 9, 0, 7, 5, 5]
1306018:[4, 8, 0, 4, 2, 6, 1, 0, 5, 0]
1312432:[5, 5, 7, 5, 5, 8, 0, 1, 5, 7]
1317993:[8, 4, 9, 2, 1, 3, 5, 2, 5, 7]
1319923:[7, 9, 0, 2, 1, 7, 9, 0, 1, 0]
1325566:[2, 7, 3, 9, 8, 5, 0, 3, 1, 8]
1334461:[4, 4, 3, 6, 8, 3, 2, 5, 2, 1]
1342200:[1, 6, 9, 5, 3, 4, 7, 3, 1, 9]
1342517:[6, 5, 9, 9, 0, 3, 0, 6, 8, 6]
1354472:[1, 4, 6, 0, 6, 9, 6, 6, 6, 8]
1356900:[5, 2, 8, 2, 6, 2, 0, 3, 0, 3]
1370476:[7, 3, 3, 4, 0, 7, 2, 7, 8, 1]
1374582:[0, 1, 2, 3, 2, 4, 0, 9, 0, 0]
1375749:[8, 7, 3, 5, 7, 0, 6, 2, 4, 5]
1377179:[8, 0, 3, 1, 3, 1, 1, 0, 0, 4]
138588:[1, 6, 8, 7, 5, 4, 9, 8, 3, 5]
1389375:[2, 5, 4, 3, 5, 4, 9, 4, 5, 5]
1393231:[7, 6, 6, 2, 3, 6, 2, 8, 2, 1]
1404067:[2, 6, 4, 7, 6, 7, 3, 3, 1, 6]
1414750:[1, 8, 9, 0, 6, 1, 6, 8, 2, 0]
1428282:[7, 0, 5, 5, 9, 0, 0, 1, 3, 3]
143404:[9, 1, 9, 2, 6, 3, 4, 6, 2, 6]
1434875:[5, 2, 9, 0, 8, 5, 9, 8, 3, 2]
1438275:[8, 6, 6, 2, 9, 0, 7, 2, 2, 3]
1442956:[8, 7, 9, 3, 9, 5, 3, 5, 0, 6]
1449942:[3, 4, 5, 9, 6, 8, 9, 8, 1, 8]
1461161:[1, 0, 0, 0, 7, 5, 2, 7, 3, 0]
1461354:[1, 1, 1, 4, 6, 0, 0, 0, 0, 3]
1463768:[6, 5, 5, 4, 1, 8, 8, 7, 8, 5]
146439:[8, 7, 5, 0, 8, 6, 8, 5, 8, 3]
1464584:[0, 7, 1, 2, 1, 4, 7, 6, 1, 1]
1471716:[9, 6, 9, 0, 5, 6, 8, 7, 5, 2]
1482535:[0, 8, 1, 6, 5, 9, 3, 7, 2, 3]
1485765:[3, 4, 6, 3, 8, 4, 6, 7, 4, 0]
1486111:[4, 1, 0, 5, 5, 4, 9, 4, 4, 6]
1509037:[2, 1, 7, 5, 4, 9, 1, 8, 7, 0]
1519333:[4, 7, 1, 7, 3, 4, 8, 0, 5, 1]
1520245:[3, 5, 6, 0, 3, 2, 3, 9, 4, 3]
1545152:[1, 9, 0, 6, 4, 2, 8, 5, 4, 4]
1557533:[6, 1, 9, 1, 8, 5, 6, 4, 2, 8]
1562766:[1, 1, 5, 2, 0, 6, 9, 0, 4, 7]
1565564:[4, 4, 8, 8, 4, 7, 5, 0, 1, 2]
1570707:[4, 8, 5, 9, 7, 0, 4, 5, 9, 2]
1577682:[3, 6, 0, 2, 8, 3, 9, 1, 1, 2]
157939:[5, 5, 8, 8, 8, 7, 4, 6, 3, 3]
1581628:[7, 9, 9, 0, 9, 1, 9, 3, 8, 8]
1584019:[1, 8, 1, 1, 3, 1, 3, 6, 4, 1]
1586627:[7, 5, 8, 6, 4, 1, 1, 2, 4, 0]
1594840:[9, 1, 5, 5, 6, 8, 3, 8, 1, 0]
1595928:[6, 7, 8, 0, 5, 9, 1, 5, 6, 4]
1600289:[9, 3, 3, 1, 8, 8, 5, 1, 0, 5]
1608136:[3, 8, 1, 8, 8, 1, 5, 5, 4, 7]
1608142:[6, 8, 3, 1, 3, 6, 7, 6, 5, 2]
1620331:[1, 2, 0, 7, 4, 6, 5, 0, 7, 3]
1631107:[1, 7, 8, 9, 5, 8, 9, 9, 1, 1]
1639081:[6, 2, 9, 9, 1, 7, 0, 5, 9, 5]
1643119:[3, 4, 5, 4, 1, 2, 1, 1, 7, 4]
1643333:[9, 2, 7, 2, 8, 1, 3, 6, 0, 1]
1647704:[3, 6, 3, 1, 9, 1, 8, 5, 2, 4]
1655354:[8, 3, 6, 8, 3, 8, 7, 4, 3, 0]
1656611:[8, 0, 0, 7, 3, 8, 4, 8, 0, 0]
16590:[4, 0, 2, 6, 8, 7, 2, 1, 0, 6]
1661638:[5, 3, 1, 9, 1, 4, 7, 4, 3, 5]
1664762:[1, 4, 9, 4, 1, 4, 4, 8, 6, 5]
1665603:[4, 6, 2, 3, 0, 6, 6, 9, 1, 0]
1665724:[9, 9, 3, 1, 5, 6, 8, 1, 7, 5]
1668479:[8, 8, 4, 1, 1, 2, 3, 1, 0, 4]
1669082:[9, 6, 2, 6, 5, 1, 0, 3, 0, 8]
167993:[5, 0, 8, 9, 1, 6, 4, 9, 9, 1]
1687650:[8, 2, 5, 6, 8, 4, 3, 5, 1, 5]
168787:[7, 9, 5, 5, 9, 7, 1, 5, 2, 4]
1692973:[3, 4, 1, 3, 8, 5, 5, 6, 9, 8]
1694890:[0, 0, 4, 3, 7, 1, 9, 8, 3, 2]
1707790:[1, 0, 1, 9, 8, 6, 7, 5, 1, 8]
1735914:[4, 4, 9, 5, 5, 1, 9, 7, 6, 6]
1739141:[4, 8, 2, 7, 6, 0, 1, 0, 8, 8]
1753372:[4, 7, 9, 8, 7, 7, 0, 0, 0, 2]
1761602:[8, 5, 1, 9, 7, 9, 7, 9, 9, 4]
1770916:[4, 5, 4, 3, 2, 2, 6, 7, 0, 3]
1771746:[4, 3, 6, 6, 5, 9, 4, 8, 3, 9]
1776718:[9, 3, 5, 6, 4, 4, 4, 9, 9, 9]
1783900:[1, 7, 0, 9, 5, 3, 1, 1, 9, 2]
1798754:[3, 4, 2, 7, 7, 6, 0, 6, 2, 0]
1818428:[1, 1, 5, 2, 7, 0, 3, 4, 3, 0]
182975:[7, 5, 0, 6, 2, 3, 7, 9, 6, 0]
1830796:[1, 4, 0, 2, 6, 7, 8, 1, 8, 8]
1839506:[8, 1, 7, 0, 0, 6, 7, 0, 9, 8]
1851447:[6, 7, 4, 8, 7, 9, 3, 4, 6, 9]
1853110:[1, 6, 4, 6, 1, 8, 7, 4, 7, 2]
18605:[4, 8, 1, 2, 4, 3, 8, 6, 2, 7]
1861979:[0, 5, 7, 9, 2, 2, 3, 2, 9, 8]
1865733:[8, 8, 9, 7, 3, 2, 9, 5, 8, 4]
1871778:[4, 9, 4, 2, 1, 8, 8, 4, 4, 1]
1880872:[4, 8, 1, 4, 8, 5, 2, 6, 4, 1]
188138:[8, 2, 3, 7, 8, 8, 3, 6, 9, 5]
1883598:[5, 5, 2, 1, 1, 3, 5, 6, 7, 3]
1914761:[0, 9, 5, 6, 2, 1, 5, 8, 0, 4]
1923390:[4, 7, 6, 0, 6, 0, 1, 2, 7, 1]
1935277:[0, 5, 3, 6, 5, 4, 6, 8, 8, 5]
1935553:[5, 6, 7, 7, 8, 8, 7, 5, 8, 3]
1941094:[6, 3, 1, 6, 6, 4, 7, 4, 5, 8]
1941461:[3, 6, 4, 4, 7, 8, 6, 7, 0, 2]
1943582:[8, 3, 7, 5, 7, 0, 6, 0, 8, 1]
1954567:[2, 0, 0, 8, 7, 0, 8, 6, 7, 9]
1958317:[4, 8, 7, 2, 4, 0, 2, 7, 0, 3]
1966633:[9, 3, 5, 8, 9, 7, 3, 7, 9, 1]
1970768:[0, 2, 6, 8, 7, 7, 0, 3, 0, 0]
1990409:[7, 9, 8, 1, 4, 6, 1, 3, 0, 3]
2006845:[7, 0, 3, 5, 2, 0, 0, 4, 0, 4]
2015688:[4, 9, 1, 5, 8, 0, 6, 0, 5, 9]
2023185:[7, 1, 6, 4, 5, 7, 5, 4, 8, 4]
2024215:[2, 8, 4, 0, 2, 2, 2, 8, 8, 1]
2033444:[3, 5, 4, 4, 0, 7, 9, 1, 8, 5]
2037301:[2, 0, 2, 3, 9, 7, 8, 8, 6, 1]
2037810:[4, 2, 4, 0, 3, 7, 2, 3, 8, 7]
2039587:[6, 6, 6, 3, 8, 6, 3, 1, 0, 1]
2043198:[6, 7, 7, 9, 9, 3, 7, 0, 2, 0]
2058988:[0, 2, 9, 8, 4, 0, 8, 2, 4, 2]
2061760:[1, 9, 9, 3, 4, 6, 2, 7, 0, 2]
2062248:[8, 3, 2, 9, 7, 7, 2, 2, 0, 6]
2065910:[3, 7, 7, 5, 2, 3, 1, 3, 3, 0]
2093782:[1, 0, 4, 4, 9, 3, 7, 1, 4, 2]
210276:[2, 0, 6, 8, 2, 6, 9, 6, 0, 1]
211597:[9, 1, 5, 9, 4, 1, 9, 1, 2, 1]
2118271:[9, 8, 2, 7, 3, 9, 4, 1, 9, 7]
2120885:[9, 2, 4, 1, 4, 6, 4, 8, 0, 6]
2123606:[6, 7, 6, 4, 2, 1, 8, 8, 9, 8]
2138368:[4, 5, 9, 7, 4, 2, 2, 9, 8, 0]
2144570:[8, 0, 7, 3, 7, 4, 1, 4, 0, 9]
2145433:[5, 1, 6, 0, 5, 2, 3, 3, 6, 4]
2157235:[9, 3, 5, 6, 4, 4, 4, 9, 9, 9]
2158835:[3, 8, 8, 3, 6, 5, 5, 4, 4, 1]
2161310:[9, 0, 1, 7, 1, 7, 2, 5, 1, 1]
2163347:[7, 9, 4, 9, 1, 6, 1, 3, 7, 5]
2164239:[1, 7, 9, 9, 7, 6, 1, 8, 7, 8]
2174691:[0, 2, 4, 3, 5, 5, 8, 7, 6, 1]
2187193:[1, 8, 8, 6, 5, 6, 3, 8, 7, 4]
2199290:[5, 9, 7, 3, 3, 5, 5, 8, 5, 2]
2203511:[9, 8, 6, 1, 5, 7, 1, 3, 9, 2]
2205864:[0, 1, 6, 6, 6, 1, 4, 4, 9, 3]
2206179:[7, 8, 5, 5, 8, 0, 2, 2, 0, 6]
2214555:[8, 6, 7, 9, 2, 4, 2, 3, 4, 0]
2223165:[9, 2, 5, 4, 8, 1, 4, 8, 7, 0]
222476:[8, 9, 0, 3, 9, 2, 2, 0, 6, 0]
2243517:[2, 7, 1, 2, 3, 1, 6, 6, 2, 6]
2244778:[8, 1, 3, 0, 3, 6, 6, 5, 7, 1]
2252242:[4, 5, 4, 2, 7, 5, 1, 4, 0, 8]
2254665:[8, 5, 8, 6, 9, 9, 6, 7, 5, 0]
2261883:[6, 1, 0, 1, 2, 5, 7, 9, 1, 2]
2292466:[7, 8, 8, 1, 5, 0, 0, 2, 8, 5]
2294962:[9, 9, 5, 2, 6, 6, 2, 0, 7, 2]
2297178:[1, 5, 2, 3, 0, 4, 2, 2, 8, 1]
2311661:[8, 0, 9, 0, 8, 7, 7, 9, 5, 3]
2315380:[3, 0, 5, 4, 5, 3, 1, 5, 1, 4]
2317879:[4, 0, 8, 2, 4, 9, 5, 1, 1, 8]
2325891:[6, 9, 7, 8, 4, 6, 5, 1, 0, 7]
2328608:[0, 5, 2, 8, 1, 5, 2, 9, 7, 4]
2332181:[6, 8, 0, 0, 9, 9, 7, 5, 5, 5]
2333121:[3, 1, 2, 2, 2, 4, 1, 2, 9, 7]
2340785:[1, 3, 7, 7, 1, 9, 1, 6, 2, 6]
2348711:[4, 6, 8, 6, 6, 6, 9, 7, 2, 1]
2359198:[5, 5, 5, 7, 6, 1, 0, 5, 2, 7]
2360399:[4, 6, 2, 3, 2, 4, 5, 1, 5, 5]
2364758:[1, 5, 3, 4, 0, 6, 3, 1, 4, 9]
23750:[2, 2, 2, 6, 9, 6, 9, 1, 5, 1]
2380632:[2, 4, 7, 4, 7, 8, 9, 3, 8, 2]
2391621:[5, 5, 0, 0, 2, 6, 5, 7, 6, 5]
2409389:[6, 7, 3, 8, 3, 5, 4, 0, 5, 1]
2409478:[5, 8, 1, 0, 4, 5, 9, 0, 2, 3]
242038:[4, 2, 1, 9, 5, 9, 6, 7, 3, 7]
2423502:[5, 3, 0, 4, 1, 6, 1, 3, 5, 0]
2444921:[2, 3, 7, 4, 2, 2, 7, 1, 1, 7]
2447093:[9, 4, 9, 3, 9, 2, 0, 0, 6, 6]
2451175:[4, 6, 5, 7, 4, 1, 8, 8, 8, 6]
2458422:[2, 7, 0, 6, 5, 9, 6, 0, 4, 7]
2468647:[8, 1, 2, 0, 7, 9, 5, 8, 3, 4]
2476934:[8, 6, 4, 1, 7, 4, 9, 4, 0, 5]
2478872:[7, 8, 2, 3, 3, 0, 3, 2, 0, 3]
2481773:[9, 4, 2, 1, 1, 6, 5, 6, 6, 9]
2485473:[0, 5, 7, 7, 6, 7, 3, 2, 4, 2]
2488389:[2, 6, 4, 6, 7, 7, 7, 3, 5, 6]
2504100:[8, 1, 5, 6, 4, 5, 1, 1, 2, 1]
2505987:[6, 6, 0, 0, 9, 0, 2, 0, 2, 9]
2521168:[6, 4, 2, 8, 9, 6, 6, 4, 9, 2]
2521539:[3, 7, 6, 5, 4, 5, 8, 1, 4, 0]
2522197:[0, 8, 8, 1, 5, 5, 4, 0, 7, 0]
2524188:[3, 5, 5, 1, 8, 4, 9, 5, 4, 9]
2526371:[1, 2, 2, 3, 0, 5, 1, 7, 6, 8]
2527332:[9, 1, 7, 2, 8, 6, 6, 2, 6, 7]
2558970:[6, 7, 1, 8, 0, 1, 8, 1, 9, 0]
2566980:[7, 7, 8, 8, 6, 0, 7, 4, 6, 8]
2592492:[3, 5, 1, 2, 0, 7, 2, 1, 2, 1]
2594589:[3, 1, 5, 2, 4, 2, 9, 5, 6, 7]
2595520:[8, 1, 2, 2, 7, 5, 6, 1, 7, 4]
2599489:[5, 6, 3, 4, 7, 4, 3, 9, 7, 0]
2601432:[0, 6, 4, 2, 9, 5, 3, 1, 3, 6]
2617891:[4, 5, 4, 2, 6, 4, 7, 7, 3, 4]
2633828:[5, 1, 4, 9, 8, 6, 0, 0, 0, 0]
2654013:[1, 8, 2, 7, 7, 5, 8, 7, 1, 1]
2654753:[9, 9, 5, 9, 3, 4, 5, 9, 3, 5]
265477:[3, 9, 1, 5, 5, 5, 5, 0, 6, 9]
2666463:[9, 1, 9, 3, 6, 0, 0, 7, 0, 8]
2698234:[2, 1, 5, 7, 0, 1, 1, 8, 8, 6]
2700494:[8, 4, 3, 2, 8, 5, 2, 0, 7, 1]
2705475:[4, 7, 3, 0, 0, 8, 1, 9, 3, 5]
2711948:[0, 2, 9, 5, 4, 1, 3, 4, 4, 8]
272189:[9, 4, 7, 2, 6, 2, 2, 9, 2, 3]
2723691:[4, 6, 7, 8, 0, 7, 6, 4, 3, 0]
2731968:[2, 9, 9, 9, 7, 7, 6, 1, 9, 2]
273610:[3, 3, 1, 5, 5, 9, 1, 6, 1, 2]
2759480:[1, 2, 6, 4, 6, 8, 7, 8, 0, 3]
2761854:[3, 4, 8, 2, 0, 3, 9, 5, 3, 7]
2777635:[7, 7, 5, 9, 6, 2, 6, 0, 4, 7]
2784799:[2, 6, 8, 8, 3, 2, 3, 6, 0, 8]
2794386:[3, 3, 5, 0, 2, 4, 0, 0, 0, 5]
2794528:[4, 3, 5, 6, 4, 6, 4, 8, 6, 5]
2795196:[0, 7, 4, 8, 9, 9, 6, 0, 0, 3]
2802410:[2, 4, 2, 3, 9, 7, 6, 8, 6, 7]
2807182:[0, 3, 5, 9, 1, 5, 8, 7, 9, 1]
281565:[8, 9, 3, 0, 1, 1, 9, 0, 7, 9]
2815953:[2, 8, 1, 4, 0, 2, 5, 0, 8, 7]
2836868:[4, 5, 5, 1, 0, 8, 2, 9, 1, 8]
2847268:[5, 3, 9, 1, 3, 3, 2, 8, 7, 8]
284901:[8, 1, 9, 9, 4, 0, 7, 7, 6, 1]
2852159:[0, 2, 4, 7, 0, 5, 5, 5, 1, 6]
2858131:[4, 2, 2, 6, 5, 5, 9, 8, 2, 8]
2865192:[0, 7, 3, 3, 2, 6, 0, 3, 3, 7]
2869953:[6, 7, 4, 1, 3, 9, 3, 6, 7, 5]
2875031:[8, 9, 5, 3, 4, 6, 9, 3, 1, 3]
2883499:[5, 8, 1, 7, 4, 9, 7, 5, 0, 3]
2893520:[5, 3, 7, 9, 1, 6, 1, 6, 9, 7]
2900209:[9, 2, 9, 4, 8, 5, 3, 1, 0, 0]
2903806:[7, 7, 9, 7, 5, 4, 6, 3, 4, 9]
2907605:[4, 7, 6, 9, 6, 8, 8, 4, 2, 4]
2922736:[9, 2, 0, 5, 1, 8, 8, 7, 0, 4]
2937314:[4, 4, 7, 7, 7, 7, 4, 8, 4, 4]
2957850:[9, 7, 0, 6, 8, 9, 2, 3, 7, 0]
2960977:[8, 1, 0, 7, 1, 2, 9, 2, 3, 6]
2962625:[2, 4, 6, 2, 3, 7, 4, 6, 2, 2]
2963216:[3, 1, 0, 3, 1, 6, 1, 6, 5, 7]
296767:[4, 4, 2, 8, 3, 6, 9, 5, 8, 2]
2974:[7, 1, 6, 8, 5, 3, 3, 9, 9, 2]
297698:[5, 5, 6, 5, 9, 6, 1, 8, 9, 4]
2995381:[7, 3, 3, 2, 3, 7, 3, 2, 6, 0]
3004851:[9, 7, 9, 6, 9, 2, 4, 6, 8, 9]
3005201:[7, 4, 4, 1, 0, 7, 9, 7, 2, 7]
3010352:[8, 2, 5, 1, 3, 6, 8, 2, 5, 4]
301928:[5, 0, 7, 0, 6, 0, 9, 2, 7, 1]
3030432:[0, 2, 4, 6, 3, 0, 6, 0, 4, 3]
3055057:[1, 9, 8, 9, 4, 4, 5, 0, 6, 3]
3055809:[5, 2, 1, 6, 0, 3, 4, 2, 4, 9]
305629:[2, 2, 8, 6, 6, 5, 1, 3, 1, 8]
306712:[6, 9, 3, 2, 6, 7, 6, 1, 9, 4]
3079757:[8, 8, 7, 1, 2, 9, 9, 7, 0, 5]
3083246:[9, 9, 6, 3, 2, 1, 7, 0, 3, 7]
3099785:[6, 9, 7, 9, 6, 2, 3, 0, 4, 7]
3106404:[1, 6, 2, 4, 9, 5, 4, 2, 1, 8]
3108876:[3, 0, 1, 4, 2, 1, 8, 5, 8, 9]
3115123:[6, 3, 2, 4, 2, 4, 8, 9, 9, 0]
3115517:[5, 6, 4, 8, 5, 8, 4, 7, 7, 3]
3115676:[8, 4, 6, 6, 5, 5, 4, 8, 0, 5]
3123844:[4, 8, 5, 4, 1, 8, 9, 7, 8, 3]
3125489:[4, 8, 1, 0, 0, 3, 3, 6, 8, 7]
313294:[6, 7, 9, 5, 2, 9, 2, 4, 5, 5]
3135593:[1, 8, 6, 3, 9, 1, 9, 7, 7, 9]
3141646:[3, 8, 2, 8, 9, 4, 8, 2, 1, 5]
315490:[7, 5, 0, 4, 4, 8, 4, 1, 5, 2]
3163426:[5, 1, 6, 3, 0, 0, 9, 5, 3, 8]
3165241:[5, 3, 0, 1, 3, 2, 2, 0, 8, 8]
3174617:[6, 8, 7, 1, 8, 1, 1, 7, 0, 2]
3190730:[2, 2, 8, 3, 9, 9, 3, 7, 7, 1]
3192701:[5, 5, 9, 3, 6, 0, 2, 2, 1, 7]
3195672:[8, 3, 5, 0, 4, 4, 9, 4, 1, 1]
3203374:[6, 1, 4, 1, 9, 3, 0, 6, 0, 0]
321185:[0, 4, 9, 2, 0, 4, 9, 0, 6, 4]
3212554:[1, 7, 4, 4, 4, 6, 2, 1, 8, 0]
3215802:[5, 5, 7, 5, 5, 4, 5, 7, 4, 5]
321992:[6, 9, 3, 2, 7, 0, 9, 3, 8, 3]
3220018:[1, 7, 9, 4, 4, 2, 9, 9, 8, 0]
3224751:[4, 9, 6, 5, 6, 6, 0, 6, 3, 6]
3226533:[8, 7, 1, 4, 3, 3, 3, 7, 6, 0]
3237205:[4, 0, 2, 2, 1, 2, 1, 3, 0, 2]
3241011:[0, 5, 1, 7, 9, 8, 0, 2, 0, 6]
325298:[1, 2, 8, 4, 2, 8, 7, 3, 8, 5]
3256655:[2, 1, 2, 3, 6, 1, 6, 9, 4, 4]
3257728:[3, 9, 5, 5, 4, 7, 8, 0, 2, 7]
3266405:[3, 0, 5, 8, 8, 4, 1, 7, 9, 7]
3268361:[6, 6, 7, 8, 9, 0, 3, 5, 9, 6]
333221:[5, 3, 8, 2, 9, 5, 0, 0, 6, 8]
337924:[0, 1, 1, 7, 9, 8, 0, 5, 0, 2]
33970:[1, 4, 6, 4, 7, 1, 5, 3, 0, 4]
360364:[3, 5, 7, 3, 0, 9, 1, 0, 6, 2]
375946:[8, 0, 0, 3, 8, 1, 0, 8, 0, 2]
389035:[5, 9, 8, 9, 8, 9, 2, 5, 5, 8]
405106:[6, 2, 0, 2, 3, 3, 2, 7, 6, 6]
417186:[9, 9, 3, 6, 8, 0, 5, 9, 8, 8]
422129:[8, 3, 5, 8, 8, 7, 1, 3, 6, 9]
422927:[5, 1, 6, 0, 6, 6, 9, 0, 1, 5]
423471:[9, 8, 3, 9, 3, 0, 1, 5, 2, 6]
426182:[8, 6, 4, 2, 2, 5, 3, 1, 4, 6]
426562:[8, 2, 4, 1, 5, 4, 3, 3, 1, 2]
443180:[7, 4, 9, 9, 2, 0, 9, 2, 3, 7]
458945:[7, 0, 8, 6, 8, 4, 6, 8, 5, 4]
461814:[5, 1, 7, 4, 8, 3, 8, 0, 7, 6]
466510:[5, 6, 5, 1, 0, 1, 4, 5, 6, 0]
470962:[3, 1, 5, 9, 1, 6, 7, 9, 3, 6]
475578:[1, 5, 5, 4, 7, 0, 7, 1, 1, 4]
480174:[4, 4, 7, 5, 5, 8, 7, 0, 2, 9]
486785:[8, 3, 0, 9, 9, 3, 1, 3, 7, 1]
488837:[5, 7, 5, 0, 6, 0, 5, 0, 0, 5]
498987:[0, 8, 3, 3, 8, 3, 1, 8, 9, 0]
499504:[1, 3, 5, 0, 2, 3, 9, 0, 8, 9]
500177:[6, 1, 4, 3, 8, 8, 7, 1, 5, 7]
510486:[9, 9, 4, 1, 3, 6, 3, 1, 5, 9]
517507:[7, 6, 0, 7, 2, 5, 7, 0, 5, 7]
519661:[3, 4, 7, 5, 7, 9, 6, 1, 0, 2]
527212:[2, 4, 5, 9, 5, 3, 9, 2, 7, 6]
532000:[3, 6, 9, 1, 4, 6, 1, 3, 4, 1]
54273:[2, 1, 5, 5, 4, 6, 2, 2, 0, 6]
550627:[7, 7, 0, 4, 2, 4, 3, 5, 5, 6]
557744:[6, 0, 1, 3, 7, 7, 7, 9, 5, 6]
560910:[7, 3, 6, 2, 1, 3, 3, 4, 1, 8]
576695:[0, 3, 3, 5, 9, 3, 5, 0, 9, 3]
578449:[1, 9, 3, 6, 7, 3, 4, 2, 9, 1]
587441:[4, 3, 3, 8, 9, 9, 4, 6, 9, 6]
589595:[7, 2, 7, 6, 1, 6, 0, 4, 8, 8]
636524:[1, 8, 2, 4, 2, 1, 5, 3, 4, 8]
639944:[6, 9, 7, 5, 5, 6, 1, 9, 8, 2]
650504:[0, 7, 2, 9, 0, 4, 4, 1, 2, 0]
653403:[0, 1, 3, 4, 9, 8, 1, 7, 5, 8]
658984:[1, 4, 6, 9, 2, 7, 1, 3, 9, 4]
664523:[4, 7, 8, 9, 9, 7, 3, 5, 6, 8]
666347:[6, 4, 0, 0, 4, 7, 5, 0, 0, 2]
667444:[0, 7, 1, 3, 6, 5, 9, 1, 5, 2]
674729:[0, 3, 1, 1, 7, 0, 5, 8, 8, 8]
686433:[9, 1, 0, 0, 2, 0, 9, 0, 9, 1]
689990:[0, 7, 3, 9, 3, 2, 0, 7, 6, 8]
702645:[7, 8, 5, 7, 6, 8, 2, 2, 0, 8]
712183:[8, 2, 7, 8, 3, 2, 2, 0, 5, 0]
717234:[4, 6, 5, 7, 6, 3, 2, 1, 8, 4]
722644:[6, 8, 7, 0, 0, 8, 1, 8, 2, 0]
722694:[5, 2, 2, 7, 2, 6, 6, 4, 2, 7]
730597:[5, 9, 4, 3, 7, 1, 9, 6, 2, 5]
73729:[6, 8, 7, 2, 8, 2, 2, 7, 7, 7]
737530:[9, 2, 4, 5, 2, 2, 0, 1, 2, 6]
759501:[7, 3, 3, 9, 7, 9, 5, 6, 1, 7]
764092:[1, 2, 4, 9, 9, 4, 3, 5, 3, 7]
780382:[4, 9, 0, 3, 8, 4, 0, 0, 8, 0]
806413:[9, 3, 1, 6, 7, 0, 4, 7, 7, 3]
810701:[0, 5, 2, 6, 8, 6, 1, 8, 4, 7]
827779:[7, 2, 0, 4, 3, 0, 1, 2, 5, 4]
82829:[0, 4, 5, 2, 9, 2, 5, 0, 0, 7]
828902:[5, 1, 6, 2, 4, 0, 3, 1, 0, 5]
841429:[2, 7, 4, 0, 5, 1, 3, 4, 4, 4]
844898:[7, 4, 7, 6, 6, 3, 3, 1, 1, 9]
858019:[8, 1, 8, 5, 5, 1, 7, 9, 9, 9]
862206:[3, 7, 4, 9, 5, 2, 8, 8, 8, 2]
869338:[3, 6, 9, 4, 3, 0, 3, 0, 7, 2]
876396:[2, 4, 5, 9, 5, 3, 9, 2, 7, 6]
877915:[2, 7, 6, 0, 8, 3, 4, 1, 9, 4]
897333:[1, 7, 3, 8, 9, 6, 2, 4, 2, 7]
90194:[2, 3, 1, 4, 5, 6, 7, 6, 2, 3]
913086:[2, 8, 2, 8, 9, 1, 3, 5, 2, 2]
933911:[4, 8, 0, 0, 1, 5, 0, 6, 0, 1]
939880:[5, 2, 8, 7, 7, 1, 3, 7, 9, 1]
941634:[9, 7, 1, 0, 3, 4, 5, 1, 9, 8]
953483:[7, 1, 6, 5, 8, 2, 1, 8, 4, 9]
957383:[2, 1, 9, 8, 7, 5, 2, 7, 2, 3]
964984:[9, 5, 1, 3, 7, 6, 9, 6, 7, 4]
965539:[5, 3, 5, 0, 5, 5, 9, 7, 2, 2]
971226:[6, 9, 1, 0, 8, 5, 4, 1, 3, 2]
971467:[3, 2, 4, 3, 7, 1, 5, 5, 6, 8]
974943:[7, 1, 0, 2, 5, 4, 4, 1, 2, 1]
976083:[2, 0, 1, 1, 2, 0, 4, 9, 9, 3]
978235:[6, 4, 4, 3, 7, 2, 4, 6, 0, 5]
981167:[3, 2, 3, 4, 7, 8, 7, 8, 9, 5]
984449:[8, 7, 2, 5, 8, 9, 4, 8, 8, 7]
99952:[3, 4, 8, 0, 9, 3, 5, 0, 7, 8]
