102570:[5, 9, 2, 0, 2, 2, 9, 3, 2, 8]
1044544:[1, 4, 3, 9, 1, 1, 6, 4, 3, 0]
1182880:[3, 7, 6, 1, 7, 0, 8, 2, 2, 9]
118481:[3, 4, 2, 0, 7, 2, 7, 1, 0, 9]
1205481:[8, 5, 2, 0, 3, 0, 7, 7, 6, 3]
1217642:[8, 6, 9, 4, 5, 4, 2, 7, 7, 4]
127185:[3, 7, 8, 7, 2, 5, 2, 3, 5, 2]
1291109:[5, 3, 9, 6, 9, 8, 6, 7, 5, 8]
1299887:[8, 1, 3, 9, 6, 2, 2, 3, 0, 9]
1300029:[0, 6, 6, 6, 0, 0, 8, 2, 8, 6]
1348974:[6, 1, 1, 5, 1, 1, 6, 4, 2, 4]
1393830:[8, 3, 9, 2, 1, 6, 3, 8, 0, 7]
1410406:[8, 9, 1, 9, 5, 9, 5, 3, 8, 1]
1458397:[2, 6, 4, 9, 2, 9, 2, 9, 1, 5]
1459341:[2, 2, 0, 4, 3, 8, 2, 3, 8, 5]
1484627:[9, 9, 8, 7, 9, 4, 9, 6, 6, 5]
1516920:[0, 7, 4, 9, 9, 2, 6, 2, 2, 1]
1530773:[0, 4, 4, 3, 7, 9, 5, 7, 0, 9]
1552837:[8, 6, 4, 5, 2, 3, 9, 3, 4, 8]
1572056:[4, 5, 7, 0, 3, 6, 9, 7, 6, 7]
15836:[6, 3, 9, 7, 2, 0, 8, 6, 0, 3]
1637377:[0, 3, 1, 4, 1, 2, 3, 8, 8, 8]
1643409:[4, 2, 6, 0, 1, 7, 5, 3, 7, 1]
1670737:[0, 7, 8, 9, 6, 1, 8, 5, 5, 5]
1681675:[3, 7, 2, 5, 5, 1, 2, 1, 9, 6]
1697014:[5, 8, 1, 5, 3, 6, 2, 5, 2, 3]
1724918:[0, 5, 5, 5, 7, 9, 1, 9, 2, 7]
1733549:[3, 6, 1, 2, 7, 5, 7, 4, 0, 1]
1759938:[3, 7, 8, 8, 0, 9, 7, 5, 2, 9]
1808321:[2, 2, 5, 6, 6, 5, 6, 2, 0, 6]
1808863:[2, 2, 3, 9, 9, 6, 6, 4, 4, 2]
1813461:[4, 6, 9, 5, 0, 0, 6, 2, 8, 3]
1833835:[3, 7, 4, 6, 0, 9, 7, 3, 7, 0]
1847050:[5, 7, 4, 2, 5, 1, 4, 1, 1, 9]
1914522:[0, 0, 3, 6, 7, 7, 7, 6, 9, 3]
1935051:[9, 1, 3, 1, 5, 7, 0, 4, 7, 4]
1965707:[9, 4, 6, 4, 7, 3, 8, 3, 3, 9]
2005265:[7, 6, 3, 6, 5, 2, 7, 1, 1, 4]
201261:[8, 7, 1, 4, 2, 5, 7, 3, 7, 6]
2030448:[0, 4, 7, 1, 1, 9, 2, 5, 8, 1]
2033243:[2, 4, 9, 3, 0, 3, 7, 9, 1, 4]
2039995:[8, 5, 5, 0, 4, 8, 8, 7, 9, 4]
2064414:[5, 3, 5, 7, 2, 8, 1, 8, 3, 3]
2091048:[0, 8, 7, 1, 4, 6, 0, 5, 6, 5]
2117264:[9, 3, 3, 9, 8, 5, 7, 2, 3, 7]
2135028:[8, 9, 7, 0, 7, 6, 7, 4, 5, 5]
2146905:[4, 5, 9, 6, 0, 1, 2, 9, 5, 5]
2157758:[5, 0, 7, 2, 1, 1, 2, 6, 2, 3]
2160621:[8, 1, 2, 4, 4, 9, 3, 0, 4, 7]
2180300:[9, 3, 3, 2, 4, 2, 5, 9, 2, 2]
2245219:[9, 6, 0, 0, 1, 2, 3, 4, 6, 7]
2370686:[1, 9, 3, 5, 7, 2, 1, 3, 2, 5]
2386997:[0, 6, 1, 1, 6, 4, 1, 3, 8, 6]
2387036:[2, 4, 1, 3, 5, 4, 8, 1, 7, 0]
2425458:[0, 2, 1, 8, 1, 8, 0, 7, 6, 9]
2457872:[3, 8, 0, 3, 2, 6, 3, 0, 8, 7]
2463311:[0, 4, 6, 2, 5, 3, 1, 0, 1, 5]
2472732:[7, 5, 7, 3, 5, 3, 5, 5, 6, 1]
2486226:[2, 2, 5, 3, 1, 3, 4, 4, 7, 9]
249919:[6, 0, 9, 3, 8, 1, 7, 1, 2, 8]
2505724:[5, 9, 4, 3, 4, 6, 5, 5, 2, 2]
2608792:[6, 4, 6, 7, 3, 4, 9, 0, 7, 6]
2652557:[5, 4, 4, 0, 2, 3, 4, 9, 9, 0]
2656979:[5, 4, 4, 0, 3, 5, 3, 4, 8, 7]
2675179:[5, 3, 9, 9, 3, 6, 2, 5, 9, 5]
2675909:[2, 3, 5, 7, 5, 6, 3, 7, 1, 0]
2696303:[8, 5, 9, 7, 0, 5, 8, 9, 6, 5]
2697495:[7, 2, 0, 6, 2, 6, 4, 0, 9, 3]
2739869:[7, 1, 8, 2, 9, 2, 1, 9, 1, 7]
2759778:[3, 8, 8, 7, 3, 9, 3, 7, 9, 2]
2789655:[8, 0, 6, 7, 4, 0, 0, 2, 6, 9]
2814109:[5, 1, 2, 2, 7, 2, 9, 2, 8, 8]
2837142:[0, 3, 3, 0, 5, 6, 7, 1, 2, 9]
2854991:[0, 6, 6, 7, 2, 4, 1, 0, 8, 2]
2874782:[7, 3, 2, 6, 1, 1, 8, 5, 2, 7]
2954255:[0, 1, 8, 4, 1, 7, 5, 9, 8, 9]
2968677:[9, 4, 3, 6, 2, 8, 9, 1, 5, 8]
2968949:[5, 5, 7, 7, 0, 4, 0, 6, 2, 1]
2972301:[3, 2, 8, 2, 5, 2, 1, 7, 7, 6]
3095954:[1, 1, 8, 0, 2, 1, 3, 8, 6, 3]
3107513:[2, 0, 9, 5, 6, 6, 8, 8, 9, 5]
3121929:[5, 1, 9, 1, 5, 4, 8, 3, 6, 0]
3125887:[1, 6, 5, 1, 2, 0, 4, 0, 5, 1]
3127312:[6, 3, 5, 7, 5, 8, 3, 1, 7, 2]
3184018:[5, 1, 0, 7, 7, 5, 2, 9, 5, 9]
3185858:[4, 4, 0, 5, 1, 9, 8, 3, 9, 5]
3254199:[6, 3, 8, 7, 7, 1, 3, 7, 0, 1]
366151:[7, 4, 4, 7, 4, 5, 6, 8, 0, 5]
428794:[7, 8, 5, 4, 1, 1, 0, 3, 1, 5]
443452:[6, 0, 2, 3, 9, 0, 5, 9, 3, 3]
564255:[3, 3, 5, 1, 7, 8, 5, 7, 5, 9]
656848:[3, 3, 8, 3, 2, 8, 3, 8, 0, 4]
662508:[8, 6, 1, 9, 5, 0, 9, 2, 2, 7]
671058:[1, 4, 0, 6, 0, 0, 3, 5, 3, 0]
714224:[8, 7, 0, 7, 9, 5, 2, 4, 6, 4]
744369:[0, 9, 7, 5, 0, 8, 5, 4, 5, 6]
755289:[2, 6, 9, 1, 1, 5, 3, 2, 8, 5]
773388:[7, 5, 9, 9, 3, 4, 7, 2, 4, 3]
775260:[0, 9, 8, 8, 3, 6, 0, 2, 2, 5]
783958:[6, 6, 1, 7, 3, 0, 0, 4, 3, 8]
926286:[4, 0, 9, 4, 0, 3, 6, 6, 1, 9]
943154:[0, 1, 0, 3, 1, 5, 1, 6, 8, 2]
963432:[1, 1, 7, 4, 4, 2, 8, 6, 9, 5]
