1005297:[6, 1, 4, 0, 4, 3, 4, 8, 8, 2]
102486:[6, 5, 7, 3, 3, 8, 5, 5, 0, 1]
1027927:[0, 3, 7, 0, 2, 5, 8, 5, 9, 9]
1030640:[7, 1, 3, 9, 5, 3, 4, 6, 2, 3]
1037765:[1, 4, 1, 6, 6, 2, 1, 5, 9, 6]
1038801:[8, 6, 8, 1, 4, 2, 9, 6, 2, 0]
1046862:[2, 9, 3, 7, 3, 4, 7, 0, 0, 8]
1049742:[4, 2, 8, 0, 8, 2, 2, 5, 5, 7]
1052377:[3, 2, 7, 4, 7, 3, 0, 4, 8, 6]
1059384:[0, 7, 8, 1, 7, 1, 5, 1, 6, 7]
1060532:[9, 8, 8, 2, 0, 0, 4, 7, 3, 7]
1063505:[8, 3, 7, 1, 4, 8, 2, 9, 7, 1]
1074912:[8, 8, 7, 9, 0, 3, 1, 0, 1, 2]
1086707:[3, 6, 5, 8, 6, 0, 3, 7, 8, 8]
1089186:[1, 1, 0, 3, 5, 2, 1, 1, 5, 7]
1110310:[2, 7, 2, 6, 0, 4, 0, 8, 1, 9]
1110580:[0, 0, 9, 3, 5, 1, 7, 0, 6, 9]
1133886:[5, 1, 6, 7, 9, 9, 4, 9, 1, 8]
1134063:[5, 6, 5, 7, 7, 6, 6, 2, 5, 6]
1164709:[8, 9, 9, 3, 7, 8, 3, 8, 9, 0]
1168533:[1, 5, 2, 7, 0, 8, 7, 4, 8, 2]
1172248:[7, 1, 0, 9, 7, 9, 0, 3, 0, 8]
1183174:[4, 7, 9, 0, 8, 5, 1, 6, 3, 9]
1192257:[0, 1, 6, 3, 7, 2, 7, 1, 1, 3]
1211196:[3, 5, 3, 0, 7, 4, 8, 9, 0, 7]
1211230:[6, 2, 5, 5, 0, 4, 2, 3, 1, 8]
122066:[9, 1, 9, 8, 2, 3, 2, 0, 5, 6]
1222796:[6, 0, 2, 2, 8, 1, 7, 9, 9, 1]
1230411:[1, 3, 5, 9, 6, 9, 7, 3, 9, 8]
1233738:[2, 8, 4, 9, 1, 6, 5, 3, 2, 1]
1240887:[3, 2, 0, 7, 5, 3, 3, 4, 4, 8]
1253662:[6, 3, 0, 1, 2, 2, 9, 1, 6, 4]
1266054:[0, 7, 5, 4, 8, 7, 7, 8, 7, 7]
1273818:[1, 4, 4, 5, 9, 5, 4, 1, 0, 1]
1278407:[5, 3, 2, 2, 2, 2, 6, 2, 0, 5]
1313832:[8, 7, 3, 8, 1, 8, 2, 1, 4, 5]
1333286:[2, 5, 5, 3, 4, 7, 6, 4, 1, 5]
1337518:[0, 3, 3, 1, 0, 6, 7, 2, 3, 0]
1354550:[8, 0, 9, 4, 4, 4, 4, 3, 0, 7]
1356389:[8, 3, 2, 8, 1, 7, 4, 5, 7, 6]
1357216:[6, 0, 7, 5, 8, 2, 2, 9, 9, 6]
1357729:[3, 3, 8, 8, 3, 5, 3, 6, 2, 4]
1362925:[0, 3, 8, 7, 4, 6, 6, 0, 5, 0]
1364549:[4, 3, 3, 9, 7, 0, 7, 8, 9, 8]
1372954:[1, 6, 6, 8, 6, 2, 8, 4, 4, 0]
1376092:[8, 0, 1, 3, 8, 7, 4, 8, 4, 5]
1381001:[0, 3, 7, 6, 9, 7, 9, 1, 4, 7]
1389483:[0, 0, 4, 2, 8, 2, 4, 7, 8, 9]
1393976:[7, 7, 9, 9, 7, 8, 9, 2, 2, 9]
139431:[8, 1, 1, 2, 3, 2, 2, 9, 2, 1]
1395573:[5, 1, 8, 8, 3, 7, 6, 7, 1, 7]
1398905:[9, 1, 9, 6, 1, 6, 8, 9, 6, 7]
1405328:[5, 0, 4, 8, 1, 1, 5, 3, 2, 8]
1424330:[0, 4, 6, 8, 4, 9, 6, 5, 8, 6]
142458:[0, 2, 7, 1, 3, 2, 5, 7, 1, 8]
1439833:[8, 8, 7, 0, 6, 6, 8, 8, 0, 6]
1443845:[1, 2, 0, 0, 1, 6, 4, 6, 0, 9]
1455263:[2, 6, 4, 0, 1, 0, 8, 1, 1, 0]
1456283:[9, 3, 4, 9, 1, 7, 6, 1, 7, 8]
1464637:[5, 2, 6, 7, 8, 3, 4, 2, 0, 7]
1486524:[7, 0, 0, 8, 4, 1, 3, 4, 6, 0]
1519545:[8, 2, 9, 6, 3, 5, 2, 2, 6, 8]
152138:[7, 7, 6, 5, 1, 6, 1, 6, 8, 4]
1523442:[0, 5, 6, 7, 8, 3, 6, 7, 6, 1]
1525611:[2, 2, 4, 3, 3, 0, 1, 8, 4, 2]
1550086:[6, 6, 0, 5, 7, 7, 1, 4, 6, 1]
1558412:[8, 2, 4, 0, 6, 0, 6, 2, 2, 0]
1571582:[0, 1, 7, 0, 4, 4, 5, 3, 1, 8]
1580073:[3, 8, 2, 2, 3, 0, 5, 5, 1, 2]
1581923:[0, 9, 9, 7, 0, 6, 5, 2, 2, 0]
1602363:[9, 9, 9, 8, 1, 6, 4, 0, 2, 9]
1603398:[2, 2, 0, 3, 2, 8, 5, 9, 2, 9]
1626652:[6, 1, 9, 6, 6, 3, 3, 5, 3, 9]
1630904:[9, 6, 4, 6, 7, 7, 8, 8, 8, 6]
1635131:[0, 0, 4, 2, 8, 2, 4, 7, 8, 9]
1642623:[1, 2, 1, 0, 4, 2, 0, 9, 7, 4]
1643979:[4, 2, 5, 2, 6, 6, 4, 3, 0, 3]
1657324:[1, 2, 7, 8, 3, 4, 5, 2, 7, 9]
1668195:[1, 8, 9, 4, 6, 0, 7, 6, 6, 5]
1674358:[5, 2, 9, 4, 7, 7, 1, 4, 6, 6]
1696268:[5, 7, 8, 4, 2, 1, 8, 0, 1, 5]
1700017:[4, 3, 2, 1, 8, 3, 6, 0, 5, 1]
1703632:[1, 6, 5, 5, 7, 1, 4, 8, 1, 6]
1729140:[9, 0, 7, 9, 9, 0, 8, 1, 8, 0]
1734990:[9, 5, 1, 6, 8, 7, 5, 7, 1, 4]
1736457:[8, 5, 4, 2, 5, 8, 9, 1, 0, 5]
1745582:[0, 1, 6, 7, 5, 3, 2, 0, 3, 7]
1749668:[6, 1, 0, 5, 6, 7, 7, 7, 0, 2]
1750054:[7, 0, 3, 1, 5, 7, 0, 9, 1, 3]
1753702:[5, 7, 4, 3, 6, 8, 2, 6, 8, 9]
1759568:[1, 8, 9, 9, 6, 7, 8, 6, 9, 5]
1770881:[5, 8, 2, 5, 7, 3, 3, 6, 4, 2]
1782853:[0, 5, 8, 1, 6, 7, 5, 3, 3, 1]
178942:[8, 2, 5, 9, 8, 3, 0, 6, 7, 8]
1828304:[3, 6, 4, 1, 1, 1, 2, 9, 1, 4]
1828831:[5, 7, 0, 3, 0, 3, 9, 0, 0, 1]
1846006:[9, 9, 7, 9, 9, 7, 3, 9, 9, 9]
1848944:[3, 0, 3, 2, 9, 6, 3, 6, 4, 6]
1857434:[9, 2, 0, 8, 3, 3, 6, 2, 8, 1]
1863234:[7, 2, 0, 0, 4, 3, 5, 3, 3, 1]
1864319:[4, 7, 6, 5, 7, 3, 5, 8, 5, 3]
1874610:[0, 7, 0, 8, 9, 5, 5, 6, 7, 4]
1882322:[1, 2, 7, 8, 3, 4, 5, 2, 7, 9]
188422:[5, 3, 4, 1, 0, 3, 5, 3, 8, 8]
1899482:[1, 6, 7, 5, 0, 8, 6, 6, 2, 9]
1929753:[6, 5, 5, 6, 3, 7, 8, 1, 9, 8]
1941554:[1, 6, 1, 3, 9, 2, 4, 2, 7, 3]
1946635:[1, 0, 9, 1, 6, 7, 1, 8, 7, 1]
1952513:[9, 7, 6, 3, 5, 1, 3, 5, 8, 4]
1957322:[1, 8, 6, 5, 6, 2, 5, 6, 0, 8]
1959055:[2, 2, 1, 1, 2, 6, 7, 1, 8, 5]
1971102:[8, 3, 4, 8, 8, 9, 0, 4, 0, 4]
1983526:[0, 2, 5, 7, 3, 3, 0, 0, 8, 3]
1991266:[1, 2, 9, 5, 9, 7, 5, 6, 5, 5]
2004366:[7, 1, 4, 7, 9, 0, 8, 7, 5, 1]
2007947:[7, 6, 9, 1, 7, 1, 2, 9, 8, 6]
2023207:[5, 7, 8, 4, 2, 7, 8, 0, 1, 5]
2036635:[1, 0, 1, 8, 2, 1, 1, 6, 9, 2]
2040626:[2, 8, 9, 5, 5, 2, 6, 5, 8, 9]
2040759:[7, 0, 0, 2, 2, 8, 3, 0, 5, 8]
2040930:[8, 5, 9, 1, 8, 4, 7, 2, 5, 1]
2047990:[9, 4, 5, 6, 1, 2, 4, 5, 5, 9]
2057036:[0, 7, 6, 8, 7, 8, 3, 0, 2, 3]
2063634:[3, 7, 8, 0, 4, 4, 4, 2, 7, 1]
2078992:[4, 0, 2, 3, 0, 9, 3, 3, 7, 5]
2082671:[8, 7, 7, 2, 2, 7, 6, 4, 7, 1]
2099151:[9, 4, 7, 3, 9, 2, 2, 9, 4, 6]
2112645:[6, 7, 8, 9, 4, 6, 0, 1, 9, 1]
2112651:[4, 5, 2, 7, 4, 9, 2, 2, 0, 8]
2139726:[2, 6, 5, 1, 1, 0, 6, 7, 1, 3]
2141200:[1, 6, 6, 9, 6, 4, 3, 2, 1, 1]
2161799:[5, 2, 8, 1, 2, 3, 5, 1, 2, 1]
2176492:[1, 3, 6, 0, 6, 4, 6, 5, 8, 7]
2192073:[4, 0, 9, 7, 0, 8, 3, 8, 6, 1]
2199795:[3, 9, 0, 4, 3, 6, 2, 1, 8, 0]
2203672:[5, 4, 9, 9, 8, 0, 1, 9, 0, 7]
2222796:[3, 1, 4, 6, 6, 5, 6, 8, 0, 1]
2234371:[3, 0, 3, 7, 0, 9, 1, 2, 5, 8]
2234867:[4, 8, 0, 6, 5, 2, 0, 3, 9, 4]
2243808:[3, 7, 1, 1, 7, 1, 6, 3, 1, 9]
2252474:[1, 3, 1, 2, 6, 0, 5, 6, 7, 2]
2253633:[0, 2, 7, 8, 0, 8, 7, 8, 1, 4]
2255456:[6, 6, 8, 8, 2, 7, 1, 4, 2, 1]
2258117:[8, 7, 7, 8, 3, 0, 4, 4, 5, 2]
2268336:[8, 6, 4, 2, 7, 2, 9, 9, 5, 8]
2274529:[1, 2, 8, 5, 8, 7, 3, 5, 8, 2]
2291510:[5, 4, 7, 0, 0, 5, 9, 9, 1, 2]
2304994:[1, 4, 8, 0, 9, 3, 8, 2, 9, 0]
2320553:[8, 3, 6, 9, 0, 0, 3, 1, 9, 0]
2321874:[5, 9, 5, 1, 2, 9, 3, 2, 8, 0]
232731:[5, 4, 0, 3, 8, 3, 5, 6, 0, 1]
2343052:[9, 5, 0, 3, 2, 2, 7, 9, 0, 2]
2351018:[3, 9, 8, 9, 3, 1, 9, 4, 3, 9]
2353053:[1, 6, 0, 3, 6, 6, 1, 3, 1, 3]
2353824:[3, 7, 2, 0, 8, 2, 2, 8, 1, 0]
2363426:[8, 6, 6, 8, 4, 6, 6, 0, 2, 0]
2367389:[2, 1, 4, 7, 7, 7, 0, 7, 4, 0]
2372704:[2, 4, 9, 3, 6, 2, 0, 4, 5, 7]
2377965:[0, 0, 6, 5, 0, 3, 9, 8, 2, 4]
2381523:[4, 6, 5, 5, 9, 0, 3, 1, 0, 1]
2395150:[0, 5, 5, 8, 8, 4, 6, 9, 4, 9]
240475:[1, 1, 8, 2, 6, 2, 4, 3, 4, 4]
2405997:[1, 3, 7, 2, 5, 8, 3, 7, 0, 1]
2415909:[6, 4, 1, 6, 5, 3, 2, 5, 9, 8]
242681:[0, 6, 2, 3, 5, 2, 6, 3, 6, 8]
2429947:[3, 5, 4, 0, 0, 6, 2, 0, 7, 0]
2445299:[5, 8, 0, 6, 4, 9, 3, 3, 6, 6]
244572:[0, 4, 5, 3, 1, 4, 4, 7, 8, 6]
2448394:[0, 0, 5, 6, 8, 3, 9, 9, 4, 8]
2457462:[0, 2, 5, 9, 5, 5, 1, 0, 6, 1]
2460461:[2, 0, 0, 4, 9, 2, 3, 8, 1, 4]
2461994:[6, 8, 4, 6, 6, 8, 1, 6, 1, 2]
246354:[5, 6, 6, 8, 8, 8, 7, 5, 5, 4]
2476368:[8, 5, 4, 4, 6, 7, 7, 5, 6, 3]
2479905:[7, 6, 2, 1, 2, 4, 5, 9, 9, 5]
2488502:[4, 9, 2, 3, 8, 4, 9, 4, 3, 6]
2499969:[6, 3, 0, 0, 6, 2, 9, 8, 2, 3]
2503551:[8, 9, 6, 0, 3, 8, 9, 5, 1, 7]
2531679:[6, 3, 9, 9, 7, 9, 0, 4, 7, 0]
2543892:[9, 3, 9, 7, 7, 7, 0, 8, 2, 7]
2548031:[0, 9, 4, 0, 8, 9, 2, 1, 7, 3]
2550291:[3, 1, 6, 9, 5, 9, 3, 9, 4, 1]
2552737:[1, 2, 1, 0, 4, 2, 0, 9, 7, 4]
2554333:[6, 1, 6, 4, 9, 6, 7, 1, 2, 6]
2585208:[9, 1, 8, 1, 3, 1, 4, 3, 3, 3]
2600800:[3, 1, 0, 3, 3, 3, 6, 2, 1, 2]
2606811:[0, 0, 4, 2, 8, 2, 4, 7, 8, 9]
2614059:[1, 4, 0, 3, 1, 0, 7, 7, 7, 1]
2614226:[2, 9, 8, 9, 7, 0, 5, 7, 3, 1]
2625990:[9, 7, 9, 0, 7, 4, 7, 7, 4, 8]
2633879:[3, 2, 7, 0, 6, 4, 7, 8, 3, 4]
263835:[8, 2, 4, 8, 3, 2, 7, 8, 7, 5]
2649108:[0, 0, 3, 1, 2, 3, 8, 4, 2, 3]
2654652:[9, 1, 0, 1, 5, 4, 6, 5, 1, 2]
2656501:[1, 3, 9, 7, 4, 1, 3, 1, 4, 4]
266650:[8, 2, 7, 5, 6, 0, 3, 0, 6, 3]
2674955:[2, 6, 8, 5, 8, 2, 1, 6, 2, 3]
2677858:[0, 2, 1, 3, 9, 7, 1, 0, 9, 0]
2678932:[4, 7, 1, 5, 1, 8, 5, 4, 5, 5]
2696369:[1, 7, 0, 8, 0, 8, 8, 9, 7, 2]
2728375:[0, 5, 3, 5, 5, 3, 3, 4, 4, 2]
2736507:[3, 5, 5, 9, 2, 1, 5, 9, 9, 6]
2743712:[0, 6, 2, 5, 0, 1, 6, 5, 2, 0]
2765298:[2, 2, 2, 8, 1, 6, 4, 7, 7, 7]
2813679:[5, 5, 0, 1, 4, 0, 8, 3, 8, 0]
2814593:[0, 4, 5, 8, 3, 3, 7, 3, 8, 9]
2821913:[1, 2, 5, 4, 9, 1, 9, 2, 4, 8]
2823507:[4, 5, 9, 0, 0, 0, 4, 5, 6, 2]
2838295:[6, 7, 8, 7, 3, 8, 6, 5, 0, 2]
2859272:[4, 6, 4, 8, 7, 1, 7, 3, 7, 4]
286290:[2, 1, 6, 3, 1, 7, 9, 9, 4, 7]
2893897:[4, 3, 4, 2, 5, 1, 6, 9, 9, 5]
2897662:[5, 5, 2, 4, 7, 6, 4, 4, 2, 2]
2912295:[8, 0, 0, 6, 8, 3, 2, 1, 2, 4]
2915924:[8, 3, 8, 1, 0, 1, 9, 6, 0, 7]
2916598:[9, 1, 0, 2, 2, 6, 4, 1, 3, 6]
2936684:[2, 0, 3, 6, 8, 1, 4, 0, 9, 8]
2947621:[7, 7, 1, 8, 9, 4, 9, 4, 5, 6]
2948437:[0, 3, 7, 9, 3, 9, 7, 6, 8, 5]
2956209:[5, 0, 0, 7, 1, 8, 1, 0, 7, 9]
2957593:[4, 7, 9, 8, 0, 8, 6, 6, 0, 4]
2961508:[4, 3, 6, 6, 9, 0, 1, 6, 3, 2]
2967638:[6, 7, 3, 9, 5, 4, 3, 0, 3, 1]
2975986:[1, 6, 8, 3, 8, 3, 2, 8, 9, 8]
2980377:[1, 4, 5, 5, 8, 4, 4, 4, 0, 7]
2990260:[6, 6, 5, 9, 1, 5, 6, 6, 0, 5]
2990636:[9, 4, 1, 9, 5, 5, 3, 2, 0, 8]
2993102:[6, 7, 8, 9, 4, 4, 3, 3, 3, 3]
2997868:[3, 1, 2, 5, 8, 3, 2, 4, 1, 2]
3002004:[5, 9, 5, 5, 7, 7, 1, 4, 2, 4]
3006116:[8, 2, 0, 7, 3, 2, 6, 3, 5, 3]
3029489:[4, 2, 1, 1, 6, 1, 6, 1, 9, 8]
3029817:[4, 9, 4, 7, 5, 0, 3, 1, 9, 2]
3030742:[9, 1, 1, 5, 7, 6, 5, 3, 1, 5]
3033357:[3, 4, 2, 2, 1, 3, 5, 0, 0, 8]
3036791:[8, 3, 1, 3, 7, 2, 4, 4, 6, 2]
3036853:[0, 5, 6, 8, 0, 9, 8, 2, 5, 8]
304356:[3, 8, 0, 6, 1, 8, 0, 3, 8, 9]
3054458:[9, 3, 8, 8, 3, 1, 8, 1, 2, 5]
3057735:[4, 4, 4, 4, 1, 2, 8, 9, 9, 8]
3099468:[4, 6, 8, 2, 5, 8, 7, 3, 7, 8]
3099524:[9, 1, 7, 6, 5, 2, 4, 2, 9, 1]
3106783:[4, 3, 3, 7, 4, 7, 0, 5, 1, 0]
3113729:[8, 3, 5, 1, 1, 9, 8, 4, 9, 5]
3117303:[5, 8, 3, 0, 0, 6, 6, 2, 0, 0]
3125709:[6, 6, 5, 1, 2, 9, 2, 1, 7, 5]
3126156:[6, 6, 8, 9, 1, 8, 5, 3, 7, 1]
3130384:[0, 8, 8, 4, 1, 5, 6, 2, 8, 2]
315482:[6, 4, 9, 5, 8, 3, 4, 0, 3, 4]
3161827:[0, 2, 1, 9, 3, 5, 2, 7, 1, 9]
3165993:[6, 4, 2, 4, 3, 7, 5, 8, 0, 8]
3169194:[0, 4, 5, 1, 9, 8, 3, 2, 5, 8]
3173832:[9, 9, 6, 4, 8, 0, 1, 5, 6, 2]
3177188:[8, 2, 2, 8, 2, 0, 3, 3, 1, 2]
31962:[4, 6, 3, 8, 6, 0, 2, 3, 4, 1]
3199911:[0, 8, 2, 4, 1, 2, 6, 1, 4, 1]
3207811:[2, 4, 7, 0, 6, 5, 5, 2, 4, 2]
3209177:[2, 9, 1, 7, 6, 6, 7, 8, 6, 9]
3213430:[5, 8, 1, 3, 9, 9, 8, 0, 0, 1]
3228214:[2, 0, 2, 3, 8, 3, 3, 3, 1, 5]
3231923:[1, 4, 2, 8, 9, 2, 1, 3, 2, 1]
3235197:[9, 8, 5, 4, 9, 0, 9, 5, 0, 7]
3241526:[3, 7, 5, 0, 9, 6, 7, 4, 3, 8]
3244668:[3, 5, 4, 8, 0, 4, 9, 0, 6, 0]
325162:[4, 5, 1, 6, 0, 2, 3, 1, 5, 5]
3251639:[4, 5, 3, 9, 0, 5, 8, 2, 6, 4]
3255177:[9, 6, 1, 0, 5, 8, 8, 8, 6, 9]
3258677:[8, 8, 4, 9, 9, 1, 9, 5, 0, 0]
347483:[4, 7, 0, 8, 3, 1, 5, 5, 2, 4]
371205:[5, 2, 2, 1, 1, 5, 5, 0, 4, 2]
373389:[4, 3, 6, 2, 5, 1, 4, 8, 2, 9]
377084:[5, 1, 4, 8, 9, 3, 3, 8, 7, 8]
381221:[8, 7, 2, 6, 6, 0, 5, 4, 3, 0]
38372:[5, 4, 0, 0, 7, 3, 5, 0, 1, 1]
385381:[5, 2, 4, 6, 9, 2, 2, 6, 6, 1]
39039:[4, 4, 2, 7, 3, 2, 8, 4, 7, 3]
411675:[7, 3, 7, 6, 6, 6, 5, 6, 2, 5]
41919:[8, 6, 4, 1, 7, 1, 6, 4, 9, 8]
42219:[6, 3, 9, 1, 9, 0, 2, 5, 1, 3]
433254:[4, 8, 0, 4, 4, 9, 4, 9, 2, 5]
438165:[5, 7, 0, 8, 4, 2, 4, 2, 6, 9]
439782:[1, 2, 2, 1, 1, 2, 3, 6, 6, 7]
440480:[8, 2, 5, 4, 8, 1, 5, 3, 1, 4]
452476:[8, 1, 3, 4, 7, 2, 6, 9, 0, 0]
456191:[9, 1, 7, 6, 6, 2, 4, 0, 6, 9]
461759:[8, 1, 4, 3, 8, 6, 3, 0, 9, 6]
472143:[2, 5, 5, 1, 7, 7, 7, 6, 7, 4]
485666:[6, 9, 4, 8, 3, 2, 5, 0, 0, 3]
488877:[8, 8, 9, 4, 2, 5, 6, 6, 2, 9]
522248:[8, 5, 5, 0, 6, 4, 1, 4, 4, 7]
523148:[8, 4, 9, 1, 7, 1, 7, 9, 1, 0]
530461:[5, 5, 2, 8, 6, 3, 3, 5, 7, 6]
539122:[5, 0, 4, 8, 1, 1, 5, 3, 2, 8]
548508:[7, 7, 6, 5, 8, 2, 8, 8, 6, 0]
567015:[8, 0, 5, 1, 8, 3, 6, 1, 2, 1]
570226:[5, 7, 0, 9, 1, 6, 0, 8, 2, 6]
573387:[4, 6, 2, 0, 1, 1, 3, 8, 7, 9]
590348:[8, 7, 4, 0, 7, 6, 1, 8, 7, 1]
601456:[1, 5, 9, 4, 3, 3, 0, 9, 0, 5]
60652:[2, 2, 4, 8, 6, 5, 2, 0, 8, 0]
607871:[8, 9, 2, 7, 2, 5, 3, 2, 4, 8]
614752:[5, 3, 1, 2, 0, 2, 4, 2, 0, 0]
626703:[8, 0, 9, 5, 9, 3, 3, 7, 9, 5]
629553:[7, 0, 7, 3, 8, 9, 0, 4, 3, 3]
638079:[8, 3, 6, 1, 0, 2, 4, 8, 3, 9]
651324:[5, 8, 7, 4, 0, 1, 0, 2, 0, 7]
665311:[0, 2, 7, 7, 5, 7, 9, 5, 2, 3]
671639:[1, 5, 4, 7, 2, 2, 1, 2, 5, 5]
683359:[5, 5, 1, 7, 5, 6, 1, 2, 4, 4]
685923:[3, 9, 4, 0, 3, 9, 1, 1, 0, 2]
705199:[9, 7, 4, 9, 8, 4, 3, 2, 0, 1]
717257:[8, 9, 6, 3, 2, 4, 6, 8, 9, 2]
720383:[8, 9, 4, 5, 1, 8, 0, 4, 7, 6]
720467:[2, 6, 7, 1, 1, 3, 0, 6, 0, 2]
725848:[1, 5, 6, 5, 4, 9, 0, 6, 6, 6]
736866:[9, 7, 0, 1, 6, 6, 5, 6, 5, 0]
739603:[9, 0, 3, 5, 0, 9, 3, 5, 7, 3]
746404:[3, 0, 9, 3, 1, 0, 8, 4, 0, 2]
761335:[0, 5, 7, 0, 8, 6, 1, 6, 3, 6]
765675:[2, 1, 0, 5, 4, 4, 3, 3, 7, 1]
767053:[4, 1, 6, 0, 8, 5, 7, 0, 8, 3]
775019:[1, 1, 4, 3, 9, 9, 5, 8, 4, 0]
784824:[7, 6, 8, 0, 1, 5, 9, 6, 3, 4]
785961:[9, 7, 3, 4, 0, 7, 0, 0, 7, 2]
80847:[0, 9, 7, 8, 4, 1, 1, 1, 0, 3]
832961:[1, 0, 8, 4, 9, 7, 3, 1, 3, 0]
835176:[4, 8, 0, 6, 6, 3, 8, 6, 1, 5]
836712:[2, 4, 1, 7, 6, 7, 8, 2, 6, 5]
865699:[3, 0, 4, 5, 6, 6, 2, 7, 8, 7]
886872:[3, 8, 1, 5, 7, 9, 6, 2, 7, 9]
894033:[7, 2, 9, 5, 7, 6, 5, 4, 0, 4]
900837:[5, 1, 4, 5, 8, 3, 4, 9, 2, 8]
901629:[5, 6, 3, 8, 7, 8, 3, 9, 1, 4]
909176:[4, 6, 2, 1, 1, 1, 1, 9, 5, 5]
92751:[9, 7, 6, 0, 6, 3, 9, 9, 2, 9]
933457:[8, 9, 0, 7, 5, 1, 2, 1, 7, 2]
954428:[7, 1, 8, 3, 0, 7, 2, 8, 6, 2]
960058:[1, 2, 9, 8, 7, 2, 3, 4, 1, 6]
974081:[0, 3, 7, 7, 5, 3, 7, 6, 4, 9]
979349:[1, 2, 1, 0, 4, 2, 0, 9, 7, 4]
99664:[9, 3, 8, 9, 2, 7, 5, 9, 5, 3]
