1006445:[8, 6, 5, 5, 2, 3, 3, 3, 3, 5]
1011542:[3, 2, 2, 3, 4, 7, 3, 4, 4, 2]
1017402:[0, 8, 6, 1, 0, 6, 2, 3, 6, 9]
1017801:[8, 9, 0, 3, 8, 6, 4, 3, 9, 6]
1018617:[6, 0, 4, 1, 3, 2, 5, 2, 0, 6]
1020800:[9, 2, 2, 5, 5, 8, 1, 9, 7, 4]
1031181:[5, 2, 3, 7, 7, 7, 3, 6, 8, 5]
1033176:[5, 3, 1, 3, 5, 4, 0, 8, 9, 9]
1039404:[7, 8, 0, 6, 2, 8, 0, 1, 8, 2]
1042726:[9, 9, 4, 2, 7, 6, 6, 9, 1, 8]
1053906:[1, 5, 3, 9, 1, 9, 4, 5, 1, 3]
1055751:[3, 8, 2, 4, 3, 0, 0, 6, 1, 0]
1060458:[6, 5, 5, 3, 6, 8, 0, 8, 8, 0]
1062243:[6, 4, 6, 6, 1, 8, 1, 5, 0, 4]
1071604:[1, 8, 9, 3, 6, 0, 1, 6, 5, 9]
1075781:[5, 2, 8, 1, 6, 8, 4, 3, 5, 7]
1079754:[2, 9, 3, 3, 0, 3, 7, 1, 1, 9]
1080635:[8, 9, 5, 2, 8, 4, 9, 1, 9, 1]
1084222:[1, 7, 0, 1, 7, 8, 9, 2, 8, 4]
1084357:[7, 5, 1, 3, 7, 1, 4, 1, 2, 2]
1084659:[3, 8, 4, 2, 4, 9, 3, 0, 1, 6]
1086187:[3, 7, 6, 4, 3, 5, 5, 4, 4, 1]
1087706:[4, 3, 9, 7, 9, 9, 1, 5, 2, 9]
1088342:[7, 1, 4, 4, 9, 1, 6, 4, 7, 4]
1090558:[7, 1, 3, 8, 4, 8, 2, 4, 9, 9]
1094851:[4, 8, 1, 9, 7, 9, 6, 5, 9, 3]
1098974:[4, 8, 1, 3, 2, 7, 8, 2, 8, 0]
1101833:[9, 2, 9, 2, 5, 2, 4, 5, 4, 7]
1110990:[3, 6, 9, 3, 9, 2, 9, 6, 3, 5]
1112612:[9, 4, 4, 5, 1, 3, 9, 2, 4, 7]
1120380:[3, 6, 6, 9, 7, 7, 6, 4, 4, 0]
1121165:[5, 9, 1, 6, 6, 6, 0, 9, 7, 6]
1122602:[4, 0, 9, 3, 3, 7, 2, 1, 7, 8]
1128789:[0, 6, 8, 2, 4, 3, 0, 7, 5, 6]
1138099:[3, 2, 7, 2, 7, 4, 8, 2, 3, 4]
1144099:[2, 3, 6, 8, 6, 0, 3, 9, 0, 5]
114616:[3, 0, 4, 4, 0, 3, 2, 3, 7, 6]
1150349:[1, 5, 1, 3, 2, 4, 8, 3, 4, 9]
1152146:[9, 2, 8, 4, 5, 3, 4, 3, 1, 2]
1153116:[0, 9, 5, 4, 2, 9, 7, 7, 8, 0]
1162515:[3, 8, 7, 5, 0, 1, 5, 4, 1, 7]
116259:[2, 9, 2, 6, 6, 4, 4, 4, 7, 9]
1164447:[9, 1, 8, 2, 4, 1, 2, 5, 5, 1]
1171458:[2, 2, 9, 5, 6, 1, 4, 3, 6, 9]
1177070:[5, 7, 4, 6, 3, 6, 6, 8, 2, 5]
1179072:[8, 3, 2, 7, 5, 2, 5, 0, 3, 1]
1181675:[6, 7, 4, 8, 2, 8, 0, 8, 1, 7]
1186446:[0, 7, 9, 4, 2, 4, 7, 4, 9, 3]
1186690:[7, 7, 5, 2, 7, 9, 2, 9, 6, 7]
1192401:[4, 2, 7, 1, 1, 2, 4, 7, 8, 4]
1192453:[8, 1, 3, 2, 4, 4, 2, 6, 1, 4]
1195184:[3, 7, 6, 2, 0, 7, 1, 7, 9, 5]
1198329:[8, 8, 6, 2, 2, 9, 7, 6, 6, 9]
1204152:[9, 6, 9, 6, 4, 7, 1, 0, 5, 9]
1209335:[1, 6, 7, 8, 0, 4, 8, 8, 6, 9]
1214230:[7, 8, 5, 9, 5, 2, 2, 2, 9, 7]
1216006:[4, 5, 2, 7, 9, 9, 1, 3, 6, 2]
1218411:[2, 4, 8, 4, 2, 2, 2, 7, 4, 4]
1221686:[4, 3, 6, 2, 9, 9, 4, 5, 3, 5]
1222575:[7, 7, 5, 0, 1, 9, 1, 7, 9, 8]
1224348:[5, 5, 6, 8, 2, 1, 2, 2, 1, 6]
1228558:[8, 0, 4, 5, 4, 1, 6, 9, 4, 1]
1237632:[7, 9, 5, 8, 0, 3, 7, 7, 4, 3]
1242579:[7, 2, 3, 9, 2, 7, 4, 7, 5, 3]
1244473:[3, 9, 0, 3, 3, 7, 2, 0, 3, 6]
1265053:[2, 3, 2, 2, 5, 8, 9, 4, 9, 4]
126561:[5, 7, 7, 5, 9, 4, 6, 7, 3, 8]
1270104:[3, 5, 0, 3, 3, 3, 8, 5, 4, 0]
1272752:[2, 9, 2, 2, 5, 1, 9, 5, 9, 8]
1278698:[7, 0, 6, 3, 5, 8, 1, 6, 1, 1]
1279338:[4, 1, 9, 1, 4, 5, 0, 1, 7, 0]
1283949:[0, 6, 2, 2, 4, 3, 0, 2, 3, 7]
1289163:[9, 9, 5, 3, 8, 8, 7, 3, 3, 6]
1293283:[5, 5, 5, 2, 9, 6, 8, 2, 4, 1]
1293429:[5, 0, 9, 6, 4, 3, 0, 8, 3, 5]
1298216:[7, 0, 2, 5, 7, 9, 6, 4, 5, 3]
1300175:[5, 0, 9, 6, 7, 7, 8, 7, 7, 5]
1309481:[0, 9, 9, 3, 2, 9, 1, 8, 2, 5]
1311722:[5, 7, 1, 6, 3, 1, 7, 7, 3, 1]
1317042:[6, 6, 2, 1, 6, 3, 3, 2, 2, 0]
1318086:[0, 3, 7, 2, 2, 6, 8, 9, 5, 6]
1338107:[8, 3, 8, 8, 5, 2, 3, 9, 5, 9]
1348754:[3, 9, 0, 9, 2, 2, 0, 3, 2, 8]
135214:[0, 5, 8, 8, 9, 7, 1, 2, 6, 0]
1352736:[1, 9, 1, 4, 9, 9, 0, 8, 1, 6]
1354962:[6, 0, 1, 3, 4, 9, 6, 5, 1, 9]
1355922:[6, 7, 9, 6, 2, 5, 9, 4, 9, 1]
1362133:[8, 7, 3, 4, 8, 5, 1, 9, 7, 6]
1368443:[9, 0, 2, 6, 6, 8, 9, 5, 9, 9]
1371677:[3, 0, 5, 5, 8, 6, 2, 1, 5, 2]
1372496:[1, 9, 9, 3, 8, 1, 8, 2, 2, 5]
1373937:[5, 3, 9, 0, 9, 3, 7, 2, 3, 9]
1374472:[6, 5, 6, 7, 7, 4, 5, 4, 6, 6]
1375531:[6, 2, 1, 8, 9, 8, 6, 5, 9, 2]
1383874:[5, 3, 3, 4, 3, 8, 1, 3, 9, 6]
1387285:[3, 7, 6, 2, 5, 6, 0, 1, 2, 6]
1389556:[0, 2, 2, 3, 6, 6, 9, 0, 7, 6]
1393428:[4, 0, 1, 4, 0, 3, 5, 0, 7, 9]
1396260:[1, 8, 9, 7, 6, 3, 6, 5, 4, 5]
1397918:[1, 9, 9, 6, 2, 2, 7, 5, 0, 6]
139885:[2, 3, 0, 2, 2, 5, 4, 5, 6, 0]
1400489:[1, 1, 9, 0, 4, 0, 3, 8, 5, 2]
1402766:[8, 7, 4, 5, 1, 8, 6, 1, 8, 4]
1404986:[1, 8, 4, 9, 2, 3, 5, 7, 7, 1]
1406194:[2, 6, 4, 9, 0, 1, 9, 4, 2, 0]
1406267:[0, 6, 8, 3, 2, 1, 3, 3, 2, 3]
1409590:[5, 4, 2, 0, 1, 5, 8, 2, 8, 6]
1430717:[2, 4, 8, 7, 0, 3, 8, 7, 9, 0]
1432732:[1, 0, 8, 7, 0, 2, 6, 4, 0, 4]
1439507:[8, 0, 8, 5, 0, 1, 7, 7, 4, 9]
1440741:[1, 8, 2, 5, 4, 8, 6, 6, 3, 4]
1441898:[4, 0, 1, 9, 0, 8, 7, 0, 4, 3]
1442037:[2, 3, 0, 0, 2, 6, 6, 9, 1, 2]
1442126:[6, 8, 7, 6, 4, 9, 4, 6, 1, 2]
1448119:[6, 4, 4, 5, 7, 8, 4, 9, 5, 4]
1448344:[5, 0, 7, 4, 2, 6, 5, 2, 1, 4]
1449199:[3, 0, 4, 3, 1, 5, 7, 3, 3, 9]
1458442:[1, 7, 0, 9, 1, 6, 1, 9, 2, 4]
1461057:[1, 1, 8, 1, 2, 9, 9, 6, 1, 9]
1461387:[7, 0, 1, 3, 4, 5, 5, 1, 0, 4]
1466891:[2, 0, 6, 6, 3, 5, 9, 8, 0, 9]
147068:[1, 3, 2, 3, 0, 5, 2, 6, 8, 2]
1471296:[3, 0, 6, 0, 1, 9, 3, 6, 1, 6]
1476342:[6, 3, 0, 0, 5, 3, 1, 0, 8, 9]
1477184:[3, 6, 2, 6, 7, 6, 2, 6, 0, 4]
1480526:[1, 4, 6, 6, 1, 8, 6, 4, 0, 7]
1490823:[8, 9, 7, 2, 6, 7, 6, 0, 5, 7]
1493136:[6, 4, 1, 6, 1, 6, 8, 6, 7, 2]
1506201:[1, 4, 1, 0, 0, 2, 1, 5, 6, 3]
1510793:[3, 8, 3, 6, 7, 4, 9, 6, 3, 2]
1511833:[9, 8, 1, 7, 1, 0, 4, 5, 9, 8]
1521391:[2, 0, 8, 3, 8, 2, 8, 8, 8, 9]
1529393:[4, 6, 8, 1, 2, 2, 5, 7, 4, 1]
1533317:[5, 5, 4, 7, 8, 0, 1, 6, 4, 9]
1538044:[6, 2, 2, 8, 6, 2, 5, 8, 2, 7]
1541179:[4, 9, 4, 4, 4, 9, 0, 4, 9, 1]
1547865:[2, 5, 9, 3, 2, 5, 5, 6, 4, 9]
1551211:[3, 1, 5, 9, 7, 8, 8, 8, 7, 5]
1553519:[3, 8, 5, 9, 7, 5, 1, 8, 4, 6]
1554840:[0, 8, 1, 3, 5, 7, 6, 9, 6, 0]
1558269:[4, 0, 7, 6, 7, 4, 7, 5, 0, 0]
1559192:[5, 4, 5, 1, 3, 0, 9, 9, 6, 8]
155926:[3, 0, 1, 5, 8, 3, 3, 9, 2, 6]
1559320:[7, 7, 5, 9, 6, 1, 8, 7, 9, 0]
1559563:[9, 4, 1, 5, 5, 9, 3, 6, 8, 5]
1564137:[4, 0, 6, 4, 6, 3, 0, 7, 9, 0]
1568389:[0, 8, 4, 1, 7, 1, 9, 0, 6, 3]
1572842:[0, 1, 8, 2, 4, 1, 6, 7, 5, 8]
1582581:[3, 2, 2, 1, 7, 3, 2, 6, 1, 5]
1584588:[6, 3, 7, 6, 8, 7, 6, 0, 5, 5]
1586586:[3, 0, 5, 1, 9, 4, 0, 4, 1, 5]
1589872:[9, 8, 3, 8, 2, 1, 5, 4, 7, 1]
1590399:[4, 7, 4, 9, 1, 4, 6, 7, 8, 1]
1590814:[8, 6, 9, 4, 0, 0, 9, 7, 6, 5]
159956:[0, 3, 4, 4, 3, 7, 5, 4, 6, 5]
1601179:[4, 5, 4, 9, 1, 2, 2, 0, 1, 4]
1601423:[2, 0, 3, 4, 0, 6, 3, 9, 5, 3]
1607444:[4, 7, 5, 8, 1, 7, 4, 8, 4, 1]
1608282:[0, 4, 0, 9, 5, 1, 9, 1, 8, 5]
1609141:[7, 1, 2, 9, 6, 0, 1, 7, 6, 8]
1614894:[9, 0, 2, 5, 9, 6, 1, 3, 4, 5]
1626827:[2, 5, 0, 1, 8, 4, 4, 0, 8, 1]
1636151:[6, 4, 1, 6, 1, 6, 8, 6, 7, 2]
1636496:[0, 0, 1, 1, 5, 5, 3, 8, 8, 7]
1641518:[0, 9, 7, 1, 5, 5, 0, 0, 0, 5]
1641942:[7, 3, 0, 4, 5, 7, 8, 8, 7, 3]
1643895:[2, 7, 0, 9, 8, 3, 6, 9, 1, 5]
1647269:[1, 9, 5, 1, 8, 5, 4, 3, 5, 1]
1648793:[2, 8, 8, 2, 5, 2, 0, 5, 6, 4]
1653918:[9, 3, 9, 3, 3, 3, 3, 7, 2, 7]
1659405:[7, 9, 5, 9, 8, 8, 6, 3, 0, 5]
1668781:[6, 9, 6, 3, 9, 1, 4, 6, 5, 3]
167073:[9, 0, 4, 1, 3, 5, 0, 8, 6, 4]
1673819:[0, 5, 8, 8, 9, 7, 1, 2, 6, 0]
1679325:[1, 0, 7, 2, 2, 3, 3, 7, 1, 2]
167980:[2, 1, 9, 9, 2, 6, 6, 9, 4, 2]
1688571:[2, 4, 0, 2, 4, 8, 8, 8, 3, 8]
1690398:[9, 6, 5, 1, 1, 3, 2, 0, 9, 8]
1691144:[1, 5, 9, 2, 8, 5, 8, 7, 9, 2]
169410:[5, 9, 4, 6, 8, 7, 0, 9, 5, 9]
1695692:[8, 6, 5, 0, 8, 6, 0, 4, 4, 3]
170157:[0, 0, 7, 1, 8, 3, 2, 3, 6, 3]
1704882:[5, 7, 5, 0, 1, 6, 1, 5, 4, 7]
1705223:[2, 7, 1, 6, 3, 4, 0, 7, 5, 9]
1710391:[9, 5, 6, 3, 0, 3, 8, 4, 0, 1]
1714793:[5, 7, 8, 5, 6, 5, 3, 6, 1, 9]
1716895:[4, 9, 8, 4, 1, 4, 6, 7, 7, 8]
1724724:[0, 3, 3, 1, 7, 9, 3, 9, 4, 9]
1727461:[5, 4, 6, 8, 8, 1, 4, 1, 3, 5]
1728060:[6, 3, 7, 6, 3, 1, 8, 3, 5, 2]
1734539:[8, 5, 3, 2, 4, 2, 9, 2, 0, 3]
1736257:[5, 9, 6, 2, 2, 5, 1, 1, 6, 6]
1739458:[6, 7, 5, 8, 4, 1, 5, 4, 7, 7]
1742124:[0, 6, 2, 0, 8, 0, 8, 1, 4, 3]
1748949:[7, 1, 8, 7, 4, 9, 0, 7, 0, 0]
1750593:[7, 3, 6, 3, 8, 8, 5, 4, 5, 4]
1752519:[1, 8, 5, 6, 4, 7, 9, 2, 7, 9]
175352:[1, 3, 9, 6, 1, 8, 4, 9, 0, 1]
1762433:[5, 8, 4, 0, 2, 2, 5, 9, 7, 1]
1772385:[2, 0, 7, 1, 5, 8, 0, 6, 8, 8]
1779163:[6, 1, 5, 9, 8, 2, 0, 1, 6, 8]
1786974:[8, 2, 8, 6, 6, 6, 5, 1, 3, 3]
1790405:[2, 0, 2, 4, 5, 1, 3, 9, 8, 2]
1791726:[4, 6, 2, 5, 5, 9, 1, 3, 6, 3]
1803490:[8, 5, 9, 7, 3, 0, 1, 1, 2, 9]
1806797:[6, 3, 4, 2, 0, 1, 6, 0, 3, 5]
180765:[6, 4, 2, 0, 8, 5, 2, 3, 9, 8]
1808408:[3, 6, 5, 7, 1, 6, 1, 5, 9, 5]
1808806:[8, 3, 7, 0, 9, 9, 9, 4, 0, 2]
1810239:[5, 2, 6, 9, 5, 8, 0, 9, 5, 2]
1814645:[0, 8, 6, 3, 4, 7, 1, 4, 6, 3]
1817952:[9, 3, 0, 4, 9, 1, 5, 1, 7, 6]
1818867:[2, 4, 6, 5, 2, 5, 3, 8, 8, 3]
1818955:[5, 2, 0, 9, 4, 5, 0, 5, 4, 2]
1822017:[3, 0, 3, 5, 5, 5, 4, 3, 1, 1]
1826466:[7, 0, 9, 2, 4, 3, 4, 8, 6, 1]
18280:[7, 9, 7, 0, 0, 2, 6, 7, 8, 9]
1846484:[7, 1, 0, 4, 4, 6, 2, 8, 6, 6]
1853136:[3, 5, 8, 2, 4, 7, 0, 1, 4, 8]
1858294:[1, 7, 6, 9, 3, 6, 8, 9, 9, 0]
1858978:[0, 4, 5, 3, 4, 1, 8, 0, 3, 8]
186090:[3, 0, 3, 5, 5, 7, 9, 1, 5, 5]
1861564:[2, 4, 0, 8, 7, 3, 7, 8, 8, 5]
1861890:[6, 1, 6, 4, 2, 6, 5, 9, 8, 5]
1862122:[0, 9, 2, 7, 1, 1, 6, 8, 4, 4]
1866294:[5, 8, 8, 9, 8, 5, 7, 4, 5, 7]
1876407:[5, 6, 6, 6, 7, 2, 7, 3, 7, 5]
1886261:[4, 6, 8, 2, 1, 5, 3, 5, 0, 5]
1902278:[1, 3, 7, 2, 2, 2, 8, 3, 3, 0]
1903050:[4, 8, 8, 6, 7, 9, 5, 4, 2, 8]
1903231:[9, 7, 7, 7, 3, 8, 4, 2, 4, 3]
1903876:[0, 3, 3, 0, 5, 9, 4, 8, 6, 6]
1904125:[3, 7, 5, 7, 5, 8, 3, 1, 0, 5]
1909857:[6, 2, 1, 2, 9, 0, 4, 6, 3, 9]
1919568:[7, 3, 6, 0, 6, 4, 2, 9, 1, 2]
1922428:[4, 2, 6, 7, 2, 2, 3, 7, 8, 3]
1928065:[7, 2, 4, 7, 4, 2, 9, 6, 2, 9]
1930648:[1, 0, 7, 3, 4, 8, 4, 5, 0, 2]
1930862:[5, 7, 2, 8, 5, 7, 0, 5, 0, 0]
1931771:[6, 6, 9, 6, 1, 6, 4, 5, 2, 7]
1933403:[8, 3, 6, 5, 2, 1, 9, 8, 9, 0]
1942592:[0, 9, 3, 5, 8, 9, 0, 2, 7, 5]
1946915:[3, 8, 4, 2, 5, 3, 0, 2, 9, 7]
1952600:[0, 4, 3, 5, 1, 9, 8, 4, 1, 9]
1954001:[7, 9, 5, 8, 0, 3, 7, 7, 4, 3]
1955374:[5, 4, 5, 9, 3, 9, 3, 0, 6, 2]
1957259:[0, 4, 0, 6, 5, 1, 7, 1, 2, 0]
1959049:[2, 4, 8, 7, 7, 4, 1, 6, 9, 9]
1962193:[2, 8, 2, 2, 7, 2, 9, 2, 0, 5]
196409:[3, 1, 5, 5, 9, 2, 5, 8, 5, 0]
1965515:[9, 8, 0, 4, 7, 8, 2, 8, 0, 7]
1966025:[2, 0, 5, 3, 7, 9, 4, 9, 1, 6]
1968646:[7, 4, 0, 0, 1, 7, 0, 7, 3, 9]
1975677:[8, 0, 0, 9, 5, 0, 4, 2, 5, 2]
1991074:[7, 5, 7, 5, 1, 9, 3, 7, 5, 3]
1998995:[6, 5, 8, 5, 3, 9, 2, 9, 2, 0]
2001301:[8, 4, 8, 5, 5, 0, 2, 3, 4, 4]
2003443:[1, 7, 0, 2, 8, 5, 8, 7, 4, 5]
2007593:[9, 8, 6, 3, 4, 2, 5, 0, 5, 3]
2008831:[8, 0, 8, 6, 9, 3, 6, 2, 8, 4]
2010464:[6, 6, 9, 6, 1, 6, 4, 5, 2, 7]
2010727:[0, 4, 3, 6, 1, 3, 1, 7, 1, 5]
2010847:[6, 9, 3, 2, 6, 8, 1, 3, 8, 5]
2017849:[0, 8, 1, 6, 7, 0, 4, 2, 7, 1]
2018144:[2, 5, 9, 6, 6, 5, 1, 1, 8, 4]
2021145:[5, 5, 9, 3, 9, 1, 7, 7, 8, 2]
2025360:[5, 7, 1, 0, 9, 2, 3, 0, 4, 3]
2026396:[8, 7, 0, 6, 2, 8, 8, 0, 5, 0]
2032044:[4, 3, 5, 0, 4, 7, 6, 2, 0, 6]
2042029:[0, 9, 1, 9, 0, 2, 2, 2, 1, 5]
2045317:[3, 9, 5, 3, 5, 2, 3, 0, 2, 5]
2045574:[9, 6, 0, 0, 8, 9, 7, 2, 3, 3]
2045656:[6, 1, 3, 3, 9, 0, 5, 2, 2, 0]
2047337:[5, 6, 5, 0, 8, 6, 0, 5, 0, 2]
2051844:[9, 6, 9, 9, 0, 6, 8, 1, 6, 1]
205348:[0, 9, 7, 1, 2, 4, 4, 2, 1, 6]
2056048:[9, 8, 9, 0, 6, 0, 0, 4, 9, 8]
2059465:[8, 3, 2, 4, 2, 2, 8, 9, 6, 4]
2059915:[8, 3, 5, 4, 8, 9, 2, 8, 5, 9]
2059957:[0, 8, 2, 2, 1, 9, 9, 0, 8, 9]
2060740:[6, 8, 9, 2, 7, 3, 0, 8, 8, 3]
206187:[9, 3, 4, 7, 5, 8, 6, 3, 8, 9]
2073222:[9, 0, 6, 3, 0, 0, 7, 6, 2, 1]
2075062:[9, 3, 0, 3, 4, 3, 6, 8, 4, 2]
2077269:[5, 4, 3, 8, 1, 5, 2, 6, 4, 0]
2077494:[5, 6, 0, 8, 9, 0, 7, 6, 3, 4]
2078982:[1, 4, 9, 4, 2, 9, 4, 0, 9, 9]
2087180:[5, 9, 5, 1, 9, 1, 0, 9, 6, 5]
2087706:[7, 9, 4, 6, 9, 6, 4, 2, 8, 7]
2092981:[5, 5, 7, 4, 5, 4, 9, 6, 3, 1]
2098839:[4, 4, 3, 5, 5, 8, 0, 0, 3, 5]
2099456:[0, 3, 7, 7, 2, 9, 0, 4, 5, 4]
2101409:[5, 2, 8, 1, 2, 1, 8, 3, 9, 8]
2120809:[3, 3, 5, 4, 4, 7, 9, 5, 1, 6]
2127469:[0, 9, 9, 5, 9, 8, 5, 5, 7, 2]
212901:[8, 0, 2, 9, 9, 9, 9, 7, 4, 3]
2131046:[8, 8, 4, 0, 5, 6, 3, 9, 7, 6]
2132440:[2, 0, 1, 1, 7, 0, 8, 6, 3, 2]
2137084:[0, 7, 3, 5, 9, 5, 8, 4, 6, 8]
2139168:[6, 0, 2, 1, 6, 0, 2, 1, 7, 9]
2141399:[6, 2, 2, 2, 2, 2, 6, 9, 5, 3]
2141597:[7, 3, 6, 2, 0, 8, 7, 9, 3, 0]
2141741:[5, 5, 1, 8, 4, 0, 8, 2, 5, 5]
2152582:[3, 7, 3, 9, 4, 0, 8, 7, 0, 4]
2158736:[5, 3, 1, 3, 5, 4, 0, 8, 9, 9]
2158904:[6, 5, 8, 9, 0, 1, 9, 5, 7, 3]
2161880:[4, 7, 4, 2, 5, 3, 3, 0, 7, 0]
2168289:[0, 1, 9, 3, 1, 9, 1, 6, 2, 9]
2171335:[7, 4, 1, 2, 8, 2, 0, 8, 8, 3]
21783:[6, 0, 0, 6, 6, 0, 4, 2, 4, 5]
2189239:[9, 8, 6, 6, 7, 5, 2, 5, 1, 2]
2193935:[2, 0, 7, 9, 8, 8, 2, 6, 1, 0]
2194497:[5, 6, 7, 9, 9, 1, 8, 5, 1, 0]
2194993:[2, 0, 0, 0, 4, 5, 0, 6, 4, 2]
2195137:[4, 7, 5, 9, 3, 6, 6, 9, 2, 6]
2196359:[0, 9, 7, 8, 4, 8, 2, 4, 3, 1]
221151:[9, 2, 9, 2, 5, 2, 4, 5, 4, 7]
2211930:[0, 9, 2, 4, 5, 2, 4, 3, 2, 8]
2212973:[1, 8, 5, 8, 7, 5, 1, 8, 2, 8]
2217216:[6, 7, 9, 3, 0, 1, 3, 4, 3, 0]
2217448:[3, 3, 5, 9, 6, 2, 1, 3, 7, 3]
2222007:[8, 3, 4, 9, 0, 1, 0, 2, 6, 2]
2226195:[2, 8, 8, 8, 0, 5, 5, 4, 2, 1]
2232152:[6, 1, 0, 2, 8, 1, 8, 6, 4, 6]
2232222:[4, 6, 6, 4, 8, 9, 3, 1, 1, 9]
2234746:[1, 6, 6, 4, 9, 3, 3, 3, 5, 1]
2240103:[4, 2, 7, 6, 9, 7, 6, 8, 2, 3]
2243749:[2, 0, 8, 6, 3, 8, 9, 8, 0, 9]
2246010:[3, 5, 6, 5, 4, 3, 5, 8, 2, 9]
2249750:[7, 1, 2, 4, 8, 4, 5, 6, 8, 5]
2250667:[8, 1, 5, 9, 6, 8, 2, 7, 6, 0]
2253470:[0, 3, 6, 3, 0, 6, 2, 5, 1, 9]
225871:[5, 5, 5, 2, 9, 6, 8, 2, 4, 1]
2259763:[5, 3, 4, 9, 4, 5, 1, 8, 8, 5]
2271998:[3, 4, 2, 8, 7, 1, 9, 3, 2, 6]
2273377:[9, 8, 5, 1, 0, 4, 7, 8, 8, 5]
2275377:[6, 8, 0, 3, 9, 9, 5, 2, 3, 7]
2276183:[6, 7, 5, 2, 6, 7, 4, 5, 0, 5]
2277421:[2, 9, 4, 3, 5, 0, 5, 2, 7, 5]
2277632:[4, 3, 4, 0, 7, 4, 2, 6, 8, 3]
2277731:[3, 8, 3, 6, 7, 4, 9, 6, 3, 2]
2278817:[3, 7, 9, 3, 0, 5, 1, 7, 3, 2]
2279696:[6, 5, 5, 2, 1, 0, 3, 1, 0, 2]
2283061:[3, 4, 0, 1, 7, 6, 6, 6, 1, 9]
2285094:[2, 2, 5, 6, 8, 3, 3, 9, 7, 9]
2286415:[7, 1, 3, 2, 3, 4, 3, 6, 5, 9]
2288268:[5, 5, 9, 0, 5, 5, 1, 2, 3, 5]
2290340:[5, 3, 7, 7, 3, 6, 6, 9, 5, 8]
2299886:[6, 7, 4, 6, 9, 3, 7, 0, 6, 6]
2301326:[4, 9, 9, 9, 4, 2, 2, 6, 4, 2]
2304929:[8, 8, 7, 9, 3, 2, 8, 7, 1, 9]
2305334:[6, 8, 0, 7, 2, 9, 7, 6, 9, 8]
2306577:[1, 8, 8, 5, 8, 8, 7, 1, 2, 5]
2312005:[1, 6, 7, 1, 7, 9, 5, 6, 6, 4]
2327899:[5, 6, 9, 2, 4, 4, 9, 9, 9, 1]
2330387:[7, 0, 6, 3, 7, 6, 6, 9, 3, 5]
2332275:[2, 2, 7, 9, 6, 2, 9, 8, 7, 9]
2333002:[9, 0, 0, 4, 5, 5, 9, 1, 8, 5]
2342368:[3, 2, 9, 1, 4, 5, 2, 0, 2, 2]
2352492:[2, 8, 8, 8, 8, 9, 6, 1, 1, 3]
2354986:[5, 3, 7, 6, 3, 7, 4, 2, 3, 1]
2356472:[1, 9, 8, 5, 2, 8, 2, 4, 2, 3]
2358814:[2, 6, 6, 8, 6, 1, 6, 4, 5, 5]
2366732:[6, 2, 1, 8, 7, 8, 6, 5, 2, 2]
2367279:[2, 4, 3, 3, 4, 7, 9, 8, 7, 8]
2370001:[4, 0, 8, 3, 4, 1, 3, 9, 0, 5]
2371325:[9, 5, 1, 5, 3, 5, 4, 2, 0, 4]
2373904:[7, 0, 8, 9, 9, 6, 8, 4, 2, 7]
2379131:[8, 5, 4, 7, 1, 7, 6, 4, 2, 6]
2379926:[9, 9, 0, 3, 6, 5, 5, 8, 3, 9]
2390610:[3, 9, 4, 2, 6, 0, 0, 7, 4, 4]
2391334:[9, 1, 7, 9, 9, 1, 5, 7, 6, 2]
2396297:[2, 1, 6, 2, 9, 7, 9, 4, 2, 2]
2400308:[5, 1, 0, 4, 3, 5, 1, 7, 8, 4]
2400521:[1, 4, 5, 2, 8, 7, 2, 4, 8, 4]
2402232:[2, 6, 1, 6, 6, 8, 7, 4, 8, 5]
240463:[5, 0, 5, 7, 8, 1, 7, 4, 7, 9]
241267:[4, 3, 6, 2, 7, 9, 6, 9, 0, 4]
2417653:[6, 3, 4, 1, 9, 3, 5, 0, 4, 8]
2423398:[7, 2, 1, 8, 8, 0, 5, 9, 4, 6]
2425539:[5, 2, 7, 0, 7, 5, 0, 1, 7, 1]
243205:[2, 6, 6, 0, 8, 6, 8, 3, 8, 3]
243946:[3, 8, 1, 4, 7, 4, 0, 7, 3, 4]
2441349:[9, 4, 7, 0, 1, 5, 7, 8, 6, 9]
2451705:[0, 8, 2, 0, 9, 3, 0, 6, 8, 6]
2454261:[1, 1, 4, 5, 8, 6, 9, 3, 0, 4]
245575:[6, 7, 0, 9, 8, 1, 2, 2, 8, 5]
2460969:[9, 2, 7, 3, 0, 8, 7, 8, 7, 4]
2463912:[2, 0, 0, 9, 8, 8, 4, 0, 9, 1]
2465981:[1, 2, 0, 3, 3, 9, 8, 6, 3, 2]
2467487:[9, 9, 7, 2, 7, 8, 8, 4, 3, 8]
2470713:[5, 0, 2, 1, 1, 5, 7, 2, 8, 8]
2487761:[4, 5, 6, 3, 0, 8, 1, 2, 7, 8]
2491261:[2, 0, 1, 1, 7, 0, 8, 6, 3, 2]
2491507:[8, 0, 2, 9, 2, 2, 7, 9, 9, 3]
2493179:[3, 3, 5, 3, 1, 2, 0, 4, 7, 2]
2493618:[4, 4, 1, 1, 3, 9, 4, 3, 6, 2]
2501213:[5, 7, 2, 7, 5, 2, 2, 2, 3, 1]
2502787:[3, 0, 4, 4, 8, 7, 4, 5, 8, 1]
2512557:[5, 9, 6, 6, 9, 9, 6, 6, 4, 0]
2521519:[7, 9, 3, 0, 0, 2, 8, 0, 4, 4]
2527507:[6, 0, 7, 0, 9, 1, 5, 7, 9, 0]
2537669:[3, 6, 2, 4, 5, 8, 8, 9, 0, 2]
2539177:[4, 8, 8, 1, 4, 0, 4, 7, 0, 3]
2539674:[2, 1, 1, 5, 5, 0, 3, 7, 0, 0]
2540024:[1, 2, 2, 2, 4, 4, 1, 9, 5, 7]
2547949:[9, 0, 5, 6, 1, 8, 2, 1, 3, 9]
2548995:[2, 7, 2, 6, 0, 4, 9, 0, 8, 4]
2559023:[2, 8, 0, 4, 7, 3, 5, 8, 2, 0]
2561521:[1, 4, 6, 2, 6, 5, 5, 0, 1, 4]
2564113:[3, 0, 7, 7, 6, 9, 5, 4, 6, 5]
2566230:[4, 6, 4, 2, 2, 9, 5, 1, 5, 8]
2567524:[9, 1, 9, 3, 5, 8, 9, 2, 4, 7]
2568369:[8, 7, 7, 7, 1, 9, 3, 0, 3, 2]
2573487:[9, 0, 5, 1, 5, 2, 4, 7, 4, 1]
2573591:[9, 0, 3, 9, 6, 5, 8, 6, 8, 1]
2585344:[7, 8, 5, 6, 6, 8, 5, 1, 8, 2]
2590270:[7, 8, 4, 3, 0, 9, 5, 0, 0, 5]
2595621:[6, 1, 9, 4, 2, 9, 3, 5, 0, 3]
2599938:[4, 1, 7, 6, 7, 3, 5, 6, 5, 9]
2609568:[4, 4, 6, 8, 3, 7, 8, 8, 6, 3]
261372:[5, 7, 2, 0, 5, 5, 0, 2, 3, 9]
2622794:[6, 0, 1, 4, 2, 3, 0, 2, 9, 0]
2624679:[2, 1, 6, 3, 5, 4, 1, 0, 9, 7]
2639727:[8, 3, 4, 5, 5, 2, 6, 0, 8, 7]
2640017:[1, 5, 9, 5, 3, 5, 6, 7, 4, 9]
2645515:[7, 2, 5, 0, 0, 5, 6, 1, 0, 8]
2648098:[9, 6, 6, 2, 5, 7, 3, 5, 9, 3]
2649512:[2, 0, 3, 3, 0, 0, 4, 5, 1, 3]
265345:[3, 1, 9, 2, 6, 9, 0, 6, 2, 8]
2653497:[6, 1, 8, 7, 1, 5, 7, 9, 6, 9]
2654577:[6, 1, 3, 0, 0, 9, 2, 7, 6, 1]
2655739:[1, 0, 0, 2, 6, 2, 8, 2, 2, 1]
2658955:[4, 3, 0, 0, 1, 9, 7, 2, 2, 3]
265970:[0, 0, 6, 4, 7, 1, 3, 1, 1, 3]
2661114:[5, 2, 6, 8, 9, 8, 2, 3, 4, 0]
2665230:[3, 9, 5, 1, 2, 3, 9, 6, 8, 2]
2666055:[1, 6, 0, 9, 0, 3, 3, 8, 5, 7]
2667149:[6, 8, 7, 0, 5, 7, 2, 0, 2, 2]
2668812:[3, 8, 3, 0, 4, 9, 3, 9, 6, 3]
2673773:[4, 6, 2, 8, 7, 8, 7, 4, 8, 6]
267428:[3, 8, 6, 3, 1, 1, 3, 9, 0, 3]
2680535:[4, 4, 3, 2, 3, 8, 4, 1, 4, 8]
2682794:[1, 6, 7, 1, 7, 6, 8, 0, 7, 8]
2683723:[4, 6, 8, 4, 6, 7, 8, 5, 5, 2]
268805:[8, 5, 8, 3, 4, 2, 3, 5, 6, 3]
2692468:[6, 8, 1, 1, 7, 4, 9, 4, 7, 0]
269432:[8, 6, 4, 7, 7, 7, 1, 7, 9, 3]
2698142:[6, 0, 0, 1, 3, 8, 1, 6, 5, 4]
2702195:[6, 3, 7, 4, 9, 1, 5, 8, 5, 4]
270235:[2, 2, 7, 6, 2, 5, 0, 1, 7, 3]
2706187:[5, 9, 5, 5, 4, 6, 9, 6, 9, 9]
2711993:[6, 8, 6, 2, 9, 5, 8, 8, 4, 2]
2715391:[8, 7, 1, 8, 6, 1, 6, 0, 9, 1]
2715630:[1, 0, 8, 5, 7, 4, 8, 5, 3, 5]
2716174:[2, 5, 0, 9, 6, 0, 7, 8, 3, 6]
2716692:[8, 8, 3, 0, 8, 1, 4, 0, 6, 1]
2717654:[5, 1, 1, 9, 1, 7, 7, 6, 0, 5]
2718022:[8, 7, 7, 4, 5, 5, 4, 8, 4, 2]
2720446:[6, 7, 1, 3, 6, 3, 3, 6, 6, 9]
2722242:[6, 2, 7, 8, 8, 5, 5, 1, 3, 6]
2729069:[9, 4, 7, 3, 5, 9, 3, 1, 1, 4]
2729397:[6, 7, 6, 6, 2, 3, 7, 7, 0, 0]
2736166:[8, 7, 7, 1, 6, 7, 2, 8, 3, 7]
2737190:[9, 9, 1, 4, 5, 3, 5, 3, 0, 5]
2739648:[5, 5, 7, 7, 1, 9, 1, 6, 2, 9]
2742272:[2, 3, 8, 6, 1, 2, 8, 2, 8, 7]
2744540:[2, 6, 6, 0, 9, 4, 9, 0, 1, 9]
2751737:[0, 8, 6, 1, 0, 6, 2, 3, 6, 9]
2754867:[4, 8, 1, 9, 7, 9, 6, 5, 9, 3]
2755504:[4, 0, 9, 3, 3, 7, 2, 1, 7, 8]
2761781:[8, 3, 7, 0, 8, 5, 1, 2, 3, 9]
276182:[0, 8, 6, 1, 0, 6, 2, 3, 6, 9]
2765138:[9, 1, 9, 9, 1, 7, 1, 1, 6, 3]
2767925:[3, 1, 6, 5, 3, 6, 3, 7, 2, 4]
2768471:[9, 6, 9, 7, 2, 8, 3, 4, 0, 7]
2772178:[9, 3, 3, 1, 6, 7, 5, 7, 7, 7]
277360:[3, 9, 1, 0, 7, 6, 2, 8, 4, 7]
2777194:[5, 8, 2, 5, 4, 5, 5, 8, 6, 1]
2781179:[1, 8, 9, 9, 7, 1, 3, 7, 8, 7]
2783834:[1, 3, 0, 3, 9, 7, 2, 5, 1, 9]
2787324:[3, 1, 9, 8, 0, 6, 0, 5, 5, 1]
2789533:[5, 6, 0, 8, 4, 2, 0, 3, 9, 8]
2790554:[9, 3, 5, 1, 0, 5, 9, 9, 6, 0]
2794937:[9, 9, 2, 5, 4, 8, 4, 9, 8, 6]
2801206:[3, 7, 7, 0, 5, 2, 1, 3, 4, 1]
2804946:[4, 9, 1, 4, 8, 2, 2, 8, 0, 6]
2805178:[8, 8, 3, 8, 5, 9, 8, 6, 6, 2]
2806887:[3, 3, 5, 7, 6, 2, 2, 3, 8, 1]
2809174:[4, 4, 6, 1, 6, 6, 8, 8, 8, 2]
280934:[9, 7, 8, 6, 8, 4, 7, 3, 4, 3]
2809793:[5, 3, 4, 1, 2, 8, 9, 6, 7, 6]
2818316:[8, 8, 2, 6, 3, 0, 5, 1, 2, 3]
2827796:[0, 9, 6, 9, 6, 6, 4, 0, 9, 5]
2829591:[2, 4, 7, 1, 4, 4, 2, 7, 3, 9]
2831157:[4, 5, 8, 4, 8, 7, 6, 4, 6, 9]
2833382:[8, 7, 4, 6, 6, 5, 4, 1, 7, 1]
283341:[0, 3, 8, 6, 7, 8, 5, 8, 6, 3]
2836798:[6, 4, 5, 8, 6, 1, 8, 3, 3, 4]
2838908:[6, 6, 8, 1, 5, 5, 4, 3, 0, 5]
2839679:[6, 4, 2, 0, 5, 2, 3, 1, 2, 2]
2845938:[3, 2, 2, 0, 5, 7, 5, 6, 1, 9]
2845987:[8, 0, 1, 7, 2, 2, 0, 0, 1, 3]
2846807:[6, 3, 4, 8, 4, 9, 3, 6, 3, 7]
2849525:[5, 6, 0, 6, 5, 9, 6, 7, 9, 2]
2861194:[7, 8, 9, 6, 5, 0, 7, 5, 6, 7]
2863256:[6, 9, 1, 4, 6, 2, 6, 6, 0, 4]
2864337:[7, 9, 8, 8, 4, 2, 2, 8, 1, 1]
2866454:[4, 8, 3, 7, 6, 0, 8, 3, 2, 4]
2867454:[6, 8, 5, 3, 2, 2, 0, 1, 7, 0]
2871181:[5, 2, 3, 8, 8, 9, 3, 0, 1, 3]
2875428:[9, 7, 3, 2, 7, 6, 1, 6, 6, 1]
2883868:[2, 1, 7, 3, 5, 0, 8, 3, 7, 9]
2886794:[0, 3, 3, 3, 7, 1, 6, 2, 6, 9]
2893248:[2, 3, 1, 6, 5, 3, 2, 0, 4, 2]
2894160:[4, 7, 2, 2, 3, 4, 2, 3, 0, 9]
2905604:[0, 0, 9, 2, 6, 3, 0, 0, 6, 9]
2917387:[7, 0, 7, 3, 7, 6, 4, 0, 4, 7]
2917778:[9, 7, 7, 2, 9, 6, 3, 0, 1, 1]
2927288:[6, 4, 1, 8, 0, 2, 4, 3, 1, 9]
2928780:[1, 5, 6, 4, 2, 5, 4, 8, 4, 1]
2931406:[5, 4, 3, 5, 5, 2, 3, 6, 2, 5]
2931708:[7, 0, 3, 1, 9, 0, 5, 2, 6, 4]
2937313:[3, 8, 4, 5, 2, 6, 7, 7, 9, 9]
2945879:[6, 7, 8, 2, 2, 0, 3, 1, 7, 6]
2959999:[8, 4, 8, 7, 2, 0, 1, 6, 6, 2]
2962018:[8, 3, 8, 4, 4, 7, 2, 4, 8, 9]
2962129:[3, 0, 9, 8, 9, 3, 9, 8, 6, 7]
2964026:[1, 3, 1, 6, 9, 3, 9, 8, 7, 1]
2966542:[2, 4, 3, 7, 3, 3, 9, 7, 2, 2]
2968832:[7, 6, 5, 0, 2, 4, 8, 8, 3, 4]
2970102:[8, 7, 5, 9, 0, 8, 7, 0, 2, 5]
2997783:[1, 9, 6, 9, 7, 4, 3, 7, 2, 3]
29994:[6, 9, 3, 2, 6, 8, 1, 3, 8, 5]
3003303:[2, 9, 5, 9, 2, 2, 3, 3, 1, 8]
3005612:[9, 8, 0, 2, 9, 7, 5, 5, 5, 0]
301415:[8, 6, 8, 9, 7, 9, 8, 9, 5, 5]
3014876:[2, 3, 7, 1, 4, 7, 9, 7, 5, 7]
3016808:[4, 1, 7, 7, 7, 6, 6, 8, 7, 1]
3017925:[5, 2, 7, 0, 7, 5, 0, 1, 7, 1]
3018206:[4, 2, 2, 7, 5, 6, 0, 7, 9, 3]
3021414:[2, 7, 0, 3, 1, 0, 5, 5, 0, 3]
3023799:[1, 5, 1, 1, 3, 9, 3, 3, 1, 5]
3023938:[1, 6, 4, 5, 0, 3, 6, 7, 9, 1]
3024937:[2, 0, 6, 2, 5, 1, 3, 4, 5, 6]
3030056:[1, 5, 6, 1, 0, 5, 4, 8, 0, 8]
3036521:[9, 3, 2, 6, 1, 7, 4, 1, 9, 0]
3036615:[3, 8, 7, 7, 7, 5, 5, 0, 7, 1]
3040596:[4, 6, 1, 9, 4, 3, 2, 2, 7, 2]
3040907:[0, 1, 0, 9, 6, 2, 7, 8, 0, 7]
3041048:[8, 4, 7, 4, 9, 5, 0, 1, 3, 4]
3041069:[3, 6, 9, 9, 6, 0, 1, 6, 2, 1]
3041514:[4, 5, 8, 8, 4, 9, 6, 5, 1, 0]
3051770:[3, 0, 6, 0, 2, 9, 2, 7, 5, 9]
3057840:[3, 0, 5, 5, 4, 4, 6, 3, 3, 9]
3060565:[7, 9, 5, 8, 0, 3, 7, 7, 4, 3]
3061238:[6, 5, 4, 8, 4, 8, 5, 1, 7, 5]
3069427:[5, 4, 2, 8, 6, 5, 2, 5, 6, 3]
307046:[3, 2, 7, 7, 3, 2, 2, 1, 0, 2]
3071547:[8, 0, 3, 7, 6, 2, 5, 9, 2, 0]
3073301:[5, 9, 2, 1, 3, 9, 7, 7, 6, 2]
3077549:[1, 5, 5, 8, 1, 0, 7, 9, 5, 8]
3079149:[8, 3, 8, 9, 9, 2, 0, 1, 6, 4]
3079578:[9, 7, 7, 9, 3, 9, 1, 5, 7, 2]
3083209:[2, 9, 8, 8, 9, 4, 2, 4, 3, 5]
3084064:[0, 3, 5, 4, 8, 8, 1, 9, 6, 6]
3088030:[7, 4, 6, 2, 7, 8, 9, 5, 0, 4]
3090131:[8, 4, 5, 5, 1, 6, 9, 5, 8, 7]
3090467:[0, 5, 0, 8, 5, 4, 5, 3, 7, 8]
3096797:[0, 0, 1, 7, 7, 5, 6, 7, 7, 4]
3101950:[0, 6, 1, 8, 4, 7, 8, 0, 1, 3]
310229:[4, 1, 9, 5, 9, 2, 9, 5, 8, 9]
3103530:[4, 0, 9, 3, 3, 7, 2, 1, 7, 8]
3105397:[9, 4, 2, 5, 4, 8, 6, 7, 0, 3]
31071:[5, 1, 4, 7, 3, 0, 0, 4, 1, 0]
310962:[7, 5, 0, 1, 0, 2, 0, 1, 0, 0]
3114066:[8, 3, 8, 6, 7, 3, 3, 6, 8, 5]
3119631:[9, 0, 9, 5, 8, 7, 1, 2, 7, 3]
3132183:[4, 7, 1, 5, 1, 2, 0, 3, 0, 8]
3132701:[7, 0, 1, 8, 4, 1, 7, 3, 8, 1]
3133414:[1, 7, 6, 7, 6, 4, 3, 4, 5, 4]
3133493:[0, 0, 2, 0, 6, 6, 6, 8, 6, 5]
3140763:[5, 9, 8, 8, 9, 8, 3, 3, 6, 5]
3140806:[1, 9, 2, 9, 8, 2, 5, 4, 1, 5]
3141595:[6, 1, 4, 8, 0, 6, 1, 5, 3, 3]
3143460:[7, 3, 6, 5, 2, 3, 6, 6, 5, 9]
3144249:[4, 4, 3, 7, 4, 0, 7, 2, 4, 1]
3154470:[1, 6, 1, 2, 1, 7, 7, 8, 0, 3]
3160469:[3, 6, 6, 7, 7, 1, 6, 0, 3, 6]
3161017:[0, 3, 0, 1, 5, 9, 5, 0, 8, 1]
3169342:[2, 0, 9, 7, 7, 2, 7, 5, 4, 1]
317117:[4, 1, 3, 9, 2, 1, 4, 6, 2, 9]
3185418:[7, 6, 7, 9, 9, 5, 3, 1, 6, 2]
3188756:[5, 2, 7, 0, 7, 5, 0, 1, 7, 1]
3188884:[2, 4, 1, 8, 0, 5, 8, 9, 6, 6]
3201020:[9, 7, 0, 4, 8, 9, 7, 1, 1, 7]
3217293:[0, 6, 0, 0, 7, 0, 7, 4, 2, 0]
3217700:[5, 1, 9, 9, 8, 9, 3, 2, 2, 1]
32219:[4, 4, 7, 6, 7, 9, 7, 8, 7, 8]
3222817:[8, 1, 8, 5, 6, 7, 3, 6, 7, 4]
3226718:[6, 4, 6, 3, 5, 4, 8, 8, 5, 9]
3228677:[2, 6, 0, 9, 7, 8, 7, 3, 7, 5]
3232383:[7, 7, 7, 8, 9, 0, 4, 7, 4, 5]
3232388:[6, 4, 4, 5, 6, 5, 9, 1, 7, 1]
3233094:[0, 3, 2, 7, 8, 8, 0, 9, 1, 2]
3237070:[3, 2, 5, 1, 9, 1, 0, 1, 2, 6]
3237822:[5, 7, 7, 5, 4, 7, 3, 6, 4, 2]
3238896:[2, 3, 3, 7, 9, 4, 3, 0, 7, 4]
3241201:[2, 1, 5, 3, 7, 0, 6, 8, 7, 1]
3244253:[8, 9, 2, 1, 9, 5, 1, 5, 6, 7]
3252949:[7, 4, 3, 2, 2, 9, 7, 5, 2, 9]
3262080:[8, 8, 9, 6, 2, 0, 8, 4, 8, 1]
3266366:[6, 6, 8, 1, 6, 8, 7, 5, 6, 8]
3267500:[0, 5, 8, 3, 2, 7, 7, 0, 7, 6]
32817:[1, 4, 2, 6, 2, 7, 8, 6, 8, 1]
330778:[4, 7, 6, 9, 7, 8, 7, 9, 1, 4]
331188:[6, 4, 3, 9, 9, 2, 9, 4, 0, 9]
346009:[6, 7, 7, 2, 4, 8, 8, 5, 6, 3]
350028:[6, 8, 4, 3, 5, 5, 7, 6, 9, 0]
350869:[1, 7, 6, 2, 2, 3, 7, 3, 9, 1]
35538:[9, 4, 3, 4, 7, 3, 7, 4, 1, 8]
362139:[4, 1, 0, 9, 4, 9, 9, 3, 1, 8]
363897:[8, 1, 1, 5, 2, 8, 5, 4, 7, 6]
366832:[1, 6, 7, 6, 2, 7, 2, 3, 1, 7]
368601:[4, 4, 4, 2, 7, 5, 0, 5, 7, 9]
372432:[3, 3, 9, 7, 5, 6, 6, 3, 5, 1]
382363:[2, 4, 8, 5, 0, 7, 4, 2, 8, 5]
38353:[8, 4, 7, 8, 9, 5, 2, 0, 9, 1]
387038:[2, 0, 8, 4, 5, 4, 3, 8, 5, 1]
391059:[2, 7, 5, 4, 7, 9, 5, 4, 5, 6]
397014:[5, 3, 4, 9, 0, 3, 4, 1, 4, 6]
398404:[4, 3, 4, 2, 6, 9, 7, 7, 8, 9]
403899:[3, 8, 0, 7, 8, 3, 0, 8, 0, 8]
404844:[8, 2, 7, 8, 4, 3, 6, 4, 0, 9]
411100:[1, 1, 3, 1, 8, 3, 5, 1, 9, 8]
411857:[0, 4, 6, 5, 1, 4, 6, 5, 0, 5]
421344:[0, 8, 3, 5, 7, 9, 8, 2, 9, 7]
426342:[5, 1, 1, 6, 4, 6, 3, 4, 5, 3]
429647:[9, 1, 9, 9, 1, 7, 1, 1, 6, 3]
431666:[6, 3, 8, 1, 9, 7, 7, 2, 9, 5]
432572:[8, 1, 5, 0, 6, 1, 1, 8, 3, 5]
441059:[9, 7, 7, 2, 9, 6, 3, 0, 1, 1]
444342:[3, 3, 6, 4, 9, 9, 9, 8, 8, 9]
444854:[8, 1, 7, 2, 0, 5, 0, 9, 6, 3]
445939:[2, 8, 3, 4, 1, 5, 9, 6, 0, 9]
44614:[3, 1, 2, 4, 2, 4, 4, 9, 2, 7]
449033:[3, 4, 1, 3, 9, 1, 4, 3, 2, 4]
455922:[3, 7, 5, 7, 5, 8, 3, 1, 0, 5]
467597:[2, 3, 5, 7, 4, 7, 2, 5, 6, 8]
47091:[6, 7, 8, 6, 1, 2, 5, 5, 9, 0]
471882:[2, 0, 5, 0, 5, 7, 8, 7, 1, 2]
471914:[3, 1, 6, 9, 4, 5, 3, 0, 4, 3]
480764:[7, 1, 5, 1, 2, 3, 7, 7, 2, 1]
486948:[9, 3, 7, 2, 1, 9, 9, 0, 4, 0]
492280:[4, 9, 3, 1, 7, 7, 6, 8, 9, 3]
498405:[6, 5, 2, 6, 5, 9, 3, 6, 0, 3]
50540:[3, 8, 5, 2, 0, 4, 2, 6, 7, 1]
50562:[1, 2, 8, 2, 3, 4, 4, 9, 1, 1]
506523:[1, 5, 3, 7, 9, 0, 4, 0, 3, 0]
511189:[8, 8, 7, 0, 5, 3, 8, 2, 1, 6]
511570:[9, 3, 0, 3, 8, 7, 5, 0, 5, 0]
515707:[7, 8, 5, 3, 1, 0, 0, 1, 2, 0]
522253:[6, 5, 5, 8, 6, 9, 6, 2, 4, 6]
52249:[9, 8, 0, 2, 8, 2, 0, 7, 7, 1]
522659:[1, 9, 0, 8, 3, 1, 3, 4, 3, 2]
526678:[1, 3, 8, 6, 2, 9, 5, 7, 2, 7]
53255:[9, 2, 5, 5, 2, 6, 9, 1, 1, 0]
535157:[1, 8, 9, 3, 5, 3, 2, 1, 7, 7]
539105:[8, 5, 3, 2, 4, 2, 9, 2, 0, 3]
540714:[0, 7, 5, 2, 1, 6, 7, 8, 2, 8]
541637:[9, 4, 8, 2, 8, 6, 6, 1, 7, 7]
546347:[0, 0, 9, 4, 8, 7, 2, 0, 1, 2]
559135:[9, 2, 2, 4, 4, 1, 0, 4, 7, 1]
562272:[0, 2, 4, 1, 8, 6, 5, 6, 8, 9]
567354:[3, 7, 9, 9, 4, 8, 6, 5, 9, 8]
57511:[5, 7, 7, 2, 5, 3, 5, 9, 5, 2]
576283:[6, 2, 7, 1, 8, 6, 8, 1, 2, 2]
58041:[9, 2, 2, 1, 5, 9, 0, 7, 7, 0]
581748:[7, 4, 0, 5, 3, 6, 8, 9, 5, 6]
587093:[3, 8, 8, 9, 3, 8, 8, 4, 6, 0]
593861:[7, 3, 9, 2, 9, 9, 0, 0, 4, 6]
597385:[5, 1, 1, 9, 1, 7, 7, 6, 0, 5]
602832:[6, 0, 6, 4, 2, 6, 7, 7, 5, 0]
606154:[0, 6, 3, 5, 9, 8, 1, 4, 7, 0]
615514:[6, 6, 9, 6, 3, 5, 4, 5, 7, 3]
616450:[4, 1, 5, 9, 6, 0, 0, 9, 3, 1]
623778:[9, 1, 8, 0, 4, 3, 2, 5, 5, 7]
629882:[6, 7, 6, 0, 1, 1, 3, 8, 9, 6]
630186:[6, 1, 5, 6, 3, 7, 2, 3, 4, 1]
631954:[6, 6, 6, 8, 6, 4, 7, 5, 0, 3]
636855:[1, 3, 2, 5, 5, 4, 8, 2, 0, 3]
63852:[9, 9, 2, 5, 4, 0, 8, 5, 0, 4]
643375:[0, 2, 8, 6, 0, 5, 3, 4, 6, 3]
644216:[5, 1, 1, 4, 4, 7, 0, 2, 2, 6]
644845:[8, 8, 2, 6, 5, 8, 4, 9, 8, 6]
645569:[9, 0, 7, 9, 0, 1, 0, 7, 3, 3]
646983:[2, 8, 9, 0, 6, 9, 1, 7, 9, 9]
649541:[9, 3, 3, 4, 8, 6, 9, 9, 9, 4]
650348:[0, 7, 3, 5, 9, 5, 8, 4, 6, 8]
652566:[2, 4, 1, 8, 0, 5, 8, 9, 6, 6]
6553:[9, 4, 5, 6, 6, 4, 9, 7, 4, 7]
68091:[9, 4, 4, 8, 6, 6, 7, 3, 9, 5]
68173:[3, 8, 9, 7, 3, 4, 3, 7, 0, 0]
684832:[5, 6, 9, 0, 8, 7, 6, 2, 4, 1]
694422:[8, 9, 8, 2, 4, 7, 1, 2, 3, 2]
695811:[6, 1, 3, 3, 7, 4, 4, 9, 6, 5]
696524:[9, 6, 8, 8, 2, 2, 4, 8, 4, 3]
69670:[5, 4, 6, 5, 4, 2, 0, 4, 6, 7]
697589:[3, 2, 7, 7, 3, 1, 2, 1, 2, 2]
698003:[7, 6, 7, 0, 1, 3, 8, 0, 4, 9]
698105:[9, 9, 3, 9, 5, 6, 4, 6, 5, 1]
706777:[4, 1, 4, 5, 0, 1, 2, 9, 8, 4]
708688:[5, 2, 9, 1, 1, 3, 8, 0, 5, 9]
711856:[0, 4, 0, 5, 4, 6, 9, 5, 0, 1]
712207:[7, 4, 4, 5, 6, 1, 8, 3, 7, 9]
722017:[5, 9, 6, 2, 3, 1, 1, 9, 1, 5]
722719:[5, 0, 4, 5, 9, 9, 3, 6, 2, 9]
722903:[3, 7, 7, 3, 7, 7, 6, 6, 0, 9]
723919:[2, 1, 9, 7, 4, 4, 5, 9, 4, 5]
725184:[1, 7, 3, 8, 5, 6, 8, 7, 3, 8]
726358:[5, 5, 1, 8, 1, 9, 1, 7, 9, 5]
728434:[1, 8, 5, 9, 1, 9, 1, 3, 4, 0]
731792:[0, 8, 1, 9, 9, 7, 6, 4, 9, 0]
736094:[6, 7, 3, 3, 1, 3, 2, 9, 4, 9]
740266:[5, 7, 5, 2, 8, 1, 2, 1, 3, 7]
745504:[4, 3, 9, 0, 8, 1, 8, 2, 6, 5]
747316:[2, 6, 4, 5, 8, 4, 5, 3, 6, 5]
752588:[4, 8, 0, 9, 6, 7, 0, 5, 7, 4]
761486:[8, 5, 8, 0, 6, 9, 1, 0, 2, 4]
762561:[7, 1, 2, 1, 8, 5, 9, 6, 8, 8]
773249:[6, 5, 4, 5, 1, 9, 9, 5, 2, 0]
776939:[7, 8, 3, 8, 4, 0, 9, 5, 9, 2]
778848:[9, 6, 7, 9, 5, 8, 7, 6, 2, 5]
787470:[1, 4, 9, 4, 2, 9, 4, 0, 9, 9]
79508:[0, 0, 2, 9, 3, 9, 9, 4, 2, 2]
7984:[3, 3, 6, 1, 2, 9, 9, 9, 1, 5]
802107:[8, 1, 7, 2, 9, 6, 5, 1, 1, 5]
802551:[4, 1, 2, 9, 5, 9, 5, 2, 4, 4]
803013:[9, 0, 8, 1, 6, 7, 8, 9, 9, 4]
804640:[5, 4, 6, 9, 8, 9, 9, 4, 0, 1]
805527:[1, 5, 6, 7, 1, 4, 4, 2, 9, 6]
80657:[6, 4, 1, 4, 7, 3, 8, 6, 5, 5]
810729:[3, 7, 5, 2, 0, 6, 0, 8, 2, 6]
815584:[5, 9, 6, 2, 3, 5, 1, 1, 2, 5]
821573:[4, 2, 4, 5, 1, 0, 8, 7, 6, 4]
82290:[1, 3, 2, 9, 8, 3, 4, 0, 4, 6]
825508:[6, 1, 3, 0, 3, 8, 0, 2, 2, 6]
843277:[2, 4, 6, 9, 0, 9, 2, 0, 5, 0]
843743:[7, 3, 3, 1, 5, 8, 6, 7, 2, 7]
847063:[0, 0, 5, 5, 6, 6, 1, 8, 5, 5]
847801:[6, 4, 1, 3, 3, 6, 3, 0, 1, 3]
848786:[4, 0, 1, 8, 8, 9, 4, 1, 3, 9]
850413:[9, 5, 0, 9, 2, 3, 5, 0, 6, 4]
850790:[5, 2, 7, 0, 7, 5, 0, 1, 7, 1]
85100:[2, 5, 7, 7, 9, 0, 9, 7, 4, 5]
853837:[6, 7, 0, 0, 9, 9, 4, 9, 9, 1]
857431:[1, 4, 3, 0, 2, 3, 1, 9, 9, 3]
859561:[4, 7, 8, 4, 1, 6, 5, 5, 8, 7]
861440:[3, 7, 0, 3, 4, 1, 3, 5, 1, 3]
864398:[5, 8, 0, 5, 2, 3, 3, 3, 2, 7]
865218:[6, 7, 1, 5, 4, 9, 1, 9, 7, 0]
871967:[6, 2, 9, 5, 6, 8, 7, 7, 1, 2]
872554:[8, 8, 5, 2, 3, 1, 7, 7, 2, 6]
876813:[9, 0, 4, 0, 2, 3, 4, 5, 6, 7]
879167:[1, 4, 7, 9, 8, 6, 8, 0, 5, 2]
882831:[4, 0, 8, 5, 2, 1, 5, 9, 9, 1]
88769:[6, 9, 9, 1, 9, 4, 0, 9, 7, 4]
888290:[3, 8, 5, 2, 0, 4, 2, 6, 7, 1]
892365:[5, 1, 7, 2, 2, 5, 1, 7, 9, 8]
900867:[5, 5, 8, 5, 1, 5, 0, 2, 1, 9]
903502:[4, 0, 7, 6, 7, 4, 7, 5, 0, 2]
910986:[6, 5, 9, 0, 1, 1, 3, 2, 6, 7]
91340:[3, 9, 1, 4, 9, 9, 3, 0, 2, 6]
918236:[3, 7, 3, 7, 4, 6, 5, 4, 6, 9]
918293:[4, 4, 1, 2, 4, 5, 5, 7, 3, 1]
920961:[2, 3, 2, 2, 7, 9, 5, 8, 3, 2]
925686:[4, 8, 9, 9, 5, 9, 2, 4, 7, 3]
934636:[3, 5, 2, 9, 5, 0, 4, 8, 5, 2]
936742:[7, 3, 7, 5, 2, 4, 0, 9, 6, 3]
937792:[5, 0, 6, 3, 3, 9, 0, 5, 5, 8]
941746:[5, 5, 6, 9, 9, 0, 5, 1, 0, 3]
942511:[3, 3, 5, 5, 6, 6, 7, 0, 0, 1]
952201:[2, 9, 5, 7, 2, 0, 2, 1, 9, 5]
953868:[8, 7, 0, 8, 0, 1, 9, 0, 9, 5]
954244:[0, 6, 7, 9, 5, 2, 4, 4, 9, 7]
959087:[8, 0, 6, 8, 0, 6, 4, 7, 6, 3]
959879:[3, 6, 5, 0, 7, 5, 4, 3, 7, 5]
964419:[5, 6, 0, 9, 0, 5, 2, 4, 0, 3]
964798:[3, 0, 6, 4, 0, 3, 8, 8, 9, 9]
966108:[0, 9, 8, 4, 1, 7, 4, 4, 0, 8]
96836:[5, 0, 7, 4, 2, 6, 5, 2, 1, 4]
968797:[4, 0, 6, 8, 4, 4, 2, 4, 6, 9]
970123:[3, 3, 5, 4, 4, 7, 9, 5, 1, 6]
971295:[5, 9, 1, 2, 5, 3, 8, 6, 7, 3]
97806:[5, 6, 9, 0, 9, 8, 0, 7, 7, 7]
988450:[8, 7, 4, 1, 0, 8, 3, 0, 9, 8]
993444:[5, 0, 8, 6, 6, 0, 1, 8, 7, 1]
