1027366:[8, 0, 3, 2, 3, 7, 3, 5, 7, 0]
1062457:[1, 4, 8, 0, 3, 1, 9, 9, 7, 2]
108717:[8, 4, 3, 8, 9, 2, 4, 0, 7, 0]
1164244:[1, 8, 9, 9, 9, 5, 3, 3, 9, 3]
1172914:[3, 0, 6, 9, 6, 6, 0, 8, 4, 5]
1245599:[1, 2, 7, 9, 0, 8, 9, 3, 0, 5]
1318043:[4, 7, 0, 8, 0, 7, 1, 4, 0, 1]
1497718:[0, 8, 1, 6, 8, 9, 3, 9, 7, 8]
154695:[2, 3, 3, 3, 5, 8, 9, 6, 7, 8]
1559339:[6, 1, 6, 3, 7, 9, 0, 2, 0, 4]
1610050:[6, 0, 6, 4, 6, 7, 0, 2, 2, 5]
1795251:[3, 1, 0, 7, 1, 7, 8, 6, 2, 6]
1841460:[6, 1, 5, 6, 3, 0, 3, 9, 8, 0]
1853609:[1, 4, 9, 6, 7, 8, 7, 7, 8, 0]
1971594:[8, 6, 4, 0, 4, 4, 5, 1, 7, 0]
200738:[6, 2, 3, 2, 6, 7, 7, 0, 6, 4]
2014757:[7, 5, 6, 3, 1, 1, 4, 5, 0, 7]
2057443:[6, 9, 6, 9, 2, 4, 8, 3, 0, 3]
2146772:[6, 1, 9, 9, 3, 0, 9, 6, 6, 2]
2206762:[2, 2, 4, 0, 3, 6, 8, 1, 3, 6]
2478063:[2, 3, 1, 1, 8, 1, 7, 9, 4, 9]
2480311:[7, 2, 5, 9, 5, 9, 3, 6, 5, 6]
2484033:[9, 4, 9, 3, 6, 4, 4, 6, 5, 5]
257179:[6, 5, 3, 3, 3, 6, 2, 5, 6, 9]
2594812:[7, 2, 5, 4, 5, 7, 2, 0, 6, 3]
2662588:[5, 1, 7, 2, 1, 2, 6, 8, 8, 8]
275717:[7, 8, 9, 5, 0, 2, 3, 7, 8, 7]
2805562:[0, 0, 2, 6, 3, 7, 5, 2, 1, 0]
2827669:[1, 5, 9, 6, 4, 5, 1, 2, 5, 3]
2836429:[9, 0, 7, 4, 0, 3, 8, 3, 9, 0]
2879223:[3, 6, 6, 6, 2, 6, 9, 1, 3, 6]
2923857:[5, 1, 2, 3, 2, 7, 6, 5, 7, 9]
295291:[2, 1, 9, 2, 9, 1, 9, 3, 7, 4]
2981479:[4, 6, 9, 5, 7, 6, 3, 4, 6, 9]
3004180:[7, 0, 2, 9, 0, 5, 5, 9, 7, 2]
3018550:[3, 0, 6, 7, 4, 2, 1, 3, 5, 4]
3029125:[9, 2, 0, 7, 9, 7, 0, 6, 7, 3]
3160053:[3, 2, 7, 7, 5, 1, 9, 7, 4, 0]
3192655:[7, 9, 3, 7, 2, 7, 9, 7, 3, 9]
3193207:[1, 3, 9, 4, 3, 0, 4, 1, 5, 9]
322989:[0, 4, 4, 7, 8, 5, 4, 2, 9, 4]
398805:[4, 4, 4, 8, 9, 1, 3, 2, 3, 2]
421598:[3, 9, 5, 0, 2, 4, 4, 4, 3, 3]
447303:[8, 4, 8, 3, 7, 2, 4, 6, 1, 9]
510189:[6, 6, 5, 7, 9, 4, 6, 1, 3, 0]
557800:[5, 5, 0, 1, 3, 3, 8, 1, 6, 4]
609545:[4, 9, 9, 5, 3, 8, 8, 1, 2, 6]
704736:[7, 3, 6, 8, 8, 9, 6, 5, 2, 6]
726665:[9, 1, 8, 4, 9, 0, 6, 8, 1, 9]
755156:[3, 9, 3, 9, 7, 1, 6, 2, 9, 4]
763669:[5, 1, 7, 7, 1, 0, 4, 6, 4, 9]
97111:[6, 9, 8, 6, 7, 0, 8, 2, 4, 7]
