1018315:[4, 4, 8, 6, 6, 1, 0, 6, 9, 7]
1022595:[0, 5, 1, 2, 1, 5, 4, 4, 3, 5]
1051259:[3, 6, 3, 9, 9, 7, 1, 0, 8, 5]
1058209:[6, 9, 4, 2, 3, 4, 1, 8, 1, 3]
1072872:[0, 2, 3, 0, 2, 1, 8, 8, 4, 7]
1073286:[3, 5, 4, 4, 3, 5, 3, 9, 8, 7]
108248:[4, 6, 8, 8, 0, 8, 2, 6, 3, 9]
1126861:[9, 7, 7, 9, 9, 1, 4, 8, 5, 7]
1128112:[3, 2, 3, 1, 1, 2, 1, 7, 1, 6]
1129813:[3, 1, 3, 1, 4, 4, 7, 8, 5, 5]
1151855:[7, 1, 7, 5, 7, 8, 3, 9, 4, 8]
1181193:[9, 2, 6, 3, 9, 1, 2, 0, 8, 1]
1186037:[9, 2, 9, 1, 3, 2, 4, 8, 9, 6]
1187735:[4, 6, 1, 1, 5, 1, 0, 2, 9, 4]
1202679:[5, 4, 5, 0, 6, 1, 2, 5, 4, 9]
1217239:[1, 0, 3, 5, 4, 3, 7, 9, 6, 0]
1224795:[7, 4, 2, 0, 5, 8, 2, 3, 9, 2]
1245889:[9, 9, 4, 1, 0, 6, 6, 8, 8, 4]
1247435:[9, 8, 2, 0, 0, 9, 0, 9, 9, 5]
1252903:[8, 1, 3, 2, 7, 5, 2, 6, 7, 9]
1253841:[7, 4, 2, 2, 5, 3, 2, 3, 9, 2]
1253969:[8, 2, 0, 1, 5, 4, 7, 3, 5, 0]
1256533:[7, 6, 0, 7, 4, 1, 7, 5, 6, 7]
1262911:[5, 4, 9, 1, 9, 9, 8, 4, 2, 4]
1283573:[3, 1, 1, 8, 8, 9, 5, 8, 5, 8]
1294816:[9, 0, 1, 2, 0, 2, 0, 1, 8, 9]
1300445:[2, 7, 5, 1, 5, 0, 9, 6, 0, 4]
1322594:[5, 9, 4, 4, 0, 6, 6, 8, 8, 4]
1331233:[1, 0, 6, 5, 4, 2, 5, 8, 1, 2]
1341667:[8, 8, 6, 2, 1, 8, 2, 0, 6, 4]
1351657:[8, 8, 5, 7, 0, 4, 5, 0, 4, 4]
1367386:[7, 6, 0, 5, 0, 9, 6, 3, 1, 2]
139278:[4, 4, 3, 9, 4, 7, 2, 2, 5, 5]
1405670:[4, 6, 8, 0, 3, 9, 8, 6, 3, 5]
1406101:[0, 8, 8, 5, 7, 6, 4, 3, 7, 7]
1414034:[2, 2, 6, 3, 4, 0, 6, 3, 7, 2]
141613:[6, 5, 3, 7, 6, 3, 8, 9, 8, 3]
1426377:[0, 5, 9, 1, 9, 3, 7, 3, 2, 1]
1444851:[2, 6, 9, 4, 3, 2, 4, 0, 7, 6]
1445116:[7, 3, 9, 3, 9, 2, 5, 1, 7, 5]
1456101:[8, 5, 5, 1, 9, 0, 1, 4, 3, 3]
1462869:[2, 2, 3, 4, 3, 1, 0, 2, 3, 7]
1473353:[0, 0, 0, 1, 1, 8, 1, 6, 9, 2]
1492746:[8, 4, 7, 5, 5, 2, 1, 6, 9, 0]
1499192:[1, 1, 6, 7, 6, 1, 8, 9, 1, 3]
1505966:[0, 5, 2, 1, 5, 9, 9, 9, 5, 7]
1515482:[5, 2, 6, 9, 8, 4, 5, 0, 1, 4]
1517816:[0, 4, 8, 3, 6, 1, 0, 7, 9, 3]
1539353:[1, 8, 8, 9, 8, 8, 9, 8, 3, 1]
1542141:[8, 0, 3, 0, 9, 8, 7, 9, 5, 6]
1550130:[3, 4, 9, 1, 3, 4, 2, 9, 5, 1]
1557580:[8, 4, 2, 7, 1, 1, 2, 8, 9, 3]
1559061:[9, 3, 7, 0, 4, 5, 1, 5, 6, 2]
15659:[0, 4, 9, 3, 9, 3, 3, 3, 2, 1]
1575670:[0, 2, 8, 5, 4, 6, 4, 8, 0, 0]
1585081:[3, 0, 7, 6, 1, 2, 2, 6, 3, 6]
1588551:[7, 5, 5, 1, 5, 9, 4, 5, 3, 5]
1594126:[2, 2, 5, 9, 2, 2, 4, 2, 8, 0]
159868:[9, 7, 3, 9, 3, 9, 2, 4, 2, 8]
1600161:[5, 0, 3, 6, 3, 9, 4, 5, 2, 1]
1609475:[6, 3, 2, 3, 5, 2, 3, 7, 3, 8]
163470:[8, 5, 4, 7, 3, 9, 1, 4, 3, 2]
1646710:[6, 7, 1, 3, 5, 7, 8, 6, 0, 8]
1650213:[5, 6, 8, 3, 1, 7, 2, 4, 0, 0]
16563:[6, 2, 5, 5, 1, 1, 8, 6, 4, 2]
1681473:[4, 4, 6, 5, 7, 3, 1, 1, 8, 2]
1682588:[4, 6, 5, 7, 9, 6, 5, 6, 5, 3]
1684746:[8, 1, 5, 6, 1, 5, 8, 0, 8, 7]
1704847:[1, 1, 7, 3, 4, 7, 2, 0, 3, 3]
1710738:[6, 7, 5, 0, 2, 1, 1, 5, 5, 8]
1712278:[5, 4, 3, 6, 7, 6, 0, 2, 4, 9]
1715106:[4, 0, 7, 4, 9, 0, 9, 3, 1, 4]
1723341:[6, 9, 4, 3, 7, 7, 3, 5, 5, 2]
1731894:[5, 9, 1, 1, 1, 7, 7, 3, 2, 6]
1737293:[5, 5, 5, 9, 2, 0, 7, 4, 5, 1]
1742112:[0, 5, 1, 4, 8, 8, 4, 3, 7, 4]
1744342:[7, 4, 5, 0, 3, 3, 9, 1, 8, 4]
17443:[9, 7, 7, 6, 7, 3, 7, 1, 1, 9]
1757873:[8, 8, 9, 1, 1, 6, 9, 0, 9, 2]
1760749:[1, 3, 3, 3, 7, 9, 7, 5, 3, 0]
177486:[5, 2, 2, 0, 5, 4, 1, 2, 8, 6]
1784326:[3, 2, 0, 6, 5, 8, 8, 0, 2, 2]
1794577:[0, 7, 8, 6, 1, 9, 2, 7, 9, 2]
1806250:[0, 7, 2, 9, 0, 7, 9, 0, 1, 8]
1833119:[2, 1, 8, 1, 0, 7, 8, 3, 7, 1]
1844333:[8, 3, 8, 5, 3, 3, 5, 6, 6, 6]
1845866:[1, 4, 5, 3, 4, 2, 7, 8, 3, 2]
1865618:[7, 0, 5, 3, 7, 5, 0, 8, 8, 0]
1877825:[9, 4, 6, 3, 9, 1, 8, 2, 9, 1]
1887420:[8, 0, 0, 8, 2, 1, 3, 5, 2, 6]
1899114:[5, 6, 7, 8, 1, 7, 2, 4, 0, 7]
190025:[0, 5, 0, 9, 7, 0, 5, 0, 1, 5]
1904369:[7, 2, 6, 1, 4, 2, 1, 3, 1, 9]
1904386:[0, 8, 2, 7, 3, 8, 6, 7, 6, 7]
1919926:[3, 8, 9, 6, 6, 5, 7, 0, 6, 7]
1925020:[8, 5, 6, 4, 7, 9, 8, 1, 0, 1]
1931794:[5, 2, 6, 6, 0, 5, 2, 5, 1, 3]
1938755:[3, 8, 3, 3, 1, 5, 7, 3, 9, 9]
1939820:[7, 9, 2, 1, 1, 3, 9, 3, 8, 8]
1959897:[2, 4, 6, 3, 5, 8, 5, 7, 7, 8]
1975095:[3, 1, 6, 3, 8, 3, 2, 5, 3, 6]
1979918:[1, 0, 3, 5, 5, 4, 8, 6, 3, 1]
1986229:[9, 8, 5, 1, 7, 4, 5, 8, 2, 8]
1986904:[4, 4, 8, 5, 6, 7, 1, 5, 3, 7]
1997636:[0, 5, 9, 6, 2, 4, 8, 0, 5, 6]
2003729:[4, 3, 6, 6, 8, 8, 9, 7, 1, 8]
200833:[3, 7, 9, 4, 4, 5, 5, 4, 9, 0]
2009336:[4, 1, 1, 9, 4, 4, 5, 8, 2, 1]
2015648:[6, 9, 5, 0, 4, 3, 3, 6, 3, 7]
2025930:[4, 2, 1, 1, 9, 1, 6, 2, 3, 0]
2062231:[3, 3, 1, 8, 4, 7, 7, 4, 4, 7]
2062340:[6, 4, 5, 1, 8, 2, 6, 2, 5, 7]
2066882:[6, 0, 0, 5, 9, 3, 7, 8, 5, 1]
2066938:[5, 7, 4, 5, 1, 6, 1, 1, 5, 1]
2067406:[5, 6, 8, 9, 4, 6, 5, 8, 2, 6]
2087076:[2, 0, 2, 5, 8, 6, 1, 4, 6, 6]
2093477:[1, 4, 1, 7, 8, 1, 5, 0, 1, 5]
2121893:[8, 5, 0, 2, 0, 5, 3, 8, 3, 7]
21429:[0, 6, 2, 9, 2, 2, 2, 1, 6, 8]
2166008:[5, 5, 7, 3, 5, 3, 6, 7, 4, 8]
218071:[5, 9, 6, 6, 9, 4, 1, 4, 5, 2]
218246:[2, 9, 4, 6, 4, 8, 5, 8, 6, 4]
219533:[1, 2, 0, 3, 2, 7, 2, 9, 5, 9]
2201346:[5, 9, 0, 9, 8, 7, 8, 0, 2, 2]
2202738:[8, 4, 8, 3, 4, 9, 7, 5, 4, 5]
2213913:[0, 0, 6, 5, 9, 4, 9, 3, 3, 3]
2221014:[3, 2, 0, 1, 9, 4, 2, 0, 1, 7]
2235455:[5, 5, 3, 3, 0, 1, 0, 4, 3, 0]
2244995:[4, 1, 4, 0, 3, 0, 4, 4, 9, 8]
2245424:[6, 2, 9, 0, 0, 1, 9, 5, 4, 1]
224742:[0, 5, 0, 9, 7, 0, 5, 0, 1, 5]
2247587:[2, 5, 1, 5, 3, 2, 3, 9, 7, 6]
2253121:[5, 6, 8, 4, 4, 0, 3, 9, 2, 3]
2258677:[4, 4, 2, 3, 6, 3, 3, 3, 1, 7]
2264761:[0, 5, 6, 1, 8, 5, 2, 3, 1, 3]
2266701:[6, 9, 6, 8, 5, 6, 7, 8, 9, 5]
2282479:[7, 2, 1, 9, 3, 1, 6, 2, 8, 3]
2282974:[2, 2, 3, 1, 6, 7, 9, 8, 5, 6]
2285036:[7, 5, 8, 0, 1, 7, 4, 4, 8, 5]
23232:[7, 8, 8, 8, 0, 3, 2, 3, 1, 5]
2331549:[7, 5, 1, 3, 3, 5, 6, 7, 9, 3]
2345315:[2, 5, 8, 4, 4, 9, 0, 9, 7, 1]
2354709:[9, 8, 2, 6, 8, 5, 0, 4, 0, 2]
23581:[8, 9, 4, 9, 0, 3, 4, 3, 3, 9]
2372503:[5, 9, 8, 9, 0, 9, 7, 5, 9, 0]
2378300:[4, 6, 7, 1, 5, 0, 8, 9, 3, 7]
239887:[6, 4, 8, 9, 7, 0, 2, 8, 1, 9]
2418763:[2, 7, 2, 5, 0, 1, 2, 9, 0, 8]
2421472:[7, 1, 9, 6, 6, 4, 4, 0, 0, 8]
2422073:[5, 6, 5, 7, 5, 8, 3, 2, 8, 8]
2426169:[8, 4, 1, 2, 2, 3, 9, 7, 6, 2]
2435961:[2, 1, 2, 6, 3, 7, 1, 5, 2, 1]
2457677:[6, 7, 1, 5, 4, 5, 2, 4, 0, 3]
2481281:[5, 9, 6, 1, 8, 3, 9, 7, 6, 8]
2532:[0, 2, 0, 8, 3, 7, 6, 8, 8, 4]
2542516:[9, 5, 7, 4, 3, 7, 6, 7, 2, 1]
2550585:[7, 9, 6, 1, 5, 4, 2, 3, 0, 6]
25523:[3, 4, 4, 3, 7, 7, 3, 2, 6, 2]
2569215:[8, 9, 0, 3, 6, 1, 3, 6, 1, 3]
2575181:[9, 2, 9, 1, 3, 2, 4, 8, 9, 6]
2592759:[1, 1, 7, 0, 2, 5, 9, 1, 1, 7]
2602717:[5, 9, 6, 2, 8, 4, 4, 1, 1, 8]
2603449:[1, 1, 8, 4, 5, 6, 6, 5, 9, 4]
2618584:[5, 3, 0, 7, 1, 8, 9, 8, 2, 6]
2627513:[9, 6, 7, 2, 8, 8, 9, 5, 8, 5]
2636699:[8, 5, 5, 3, 9, 0, 8, 0, 9, 9]
2636907:[2, 2, 3, 6, 2, 6, 5, 6, 4, 5]
2645336:[7, 1, 7, 1, 1, 8, 8, 2, 2, 5]
2657351:[8, 4, 2, 0, 8, 8, 3, 7, 2, 4]
2662621:[3, 0, 0, 1, 8, 9, 7, 1, 6, 9]
2674430:[4, 3, 6, 0, 7, 0, 4, 8, 1, 1]
2691717:[0, 7, 0, 2, 0, 5, 0, 0, 3, 5]
2693361:[7, 3, 1, 3, 1, 5, 4, 4, 0, 5]
2722928:[6, 7, 3, 8, 8, 6, 6, 4, 5, 2]
2725517:[5, 7, 5, 9, 1, 4, 9, 1, 9, 7]
2729389:[1, 1, 4, 9, 6, 2, 4, 4, 2, 7]
2773645:[2, 2, 1, 0, 5, 8, 0, 8, 0, 2]
2787384:[1, 7, 8, 0, 4, 0, 9, 4, 5, 3]
2793496:[8, 5, 8, 3, 1, 3, 4, 7, 2, 3]
28027:[5, 4, 7, 6, 9, 6, 1, 3, 6, 3]
2815330:[3, 6, 7, 1, 0, 4, 2, 1, 7, 8]
2816030:[7, 1, 1, 5, 6, 3, 6, 1, 0, 3]
2828597:[2, 7, 9, 9, 7, 2, 4, 9, 1, 4]
2831312:[6, 9, 6, 9, 1, 2, 1, 1, 8, 0]
2835803:[5, 4, 2, 9, 8, 2, 7, 2, 8, 7]
2865212:[1, 7, 6, 7, 1, 7, 2, 7, 0, 9]
2865466:[5, 5, 9, 1, 0, 5, 3, 0, 7, 4]
2900342:[5, 2, 1, 1, 9, 2, 8, 4, 3, 0]
2942958:[3, 0, 6, 3, 0, 4, 8, 2, 0, 9]
2946497:[2, 7, 0, 4, 9, 6, 8, 6, 2, 1]
2952785:[3, 4, 3, 3, 2, 8, 2, 0, 8, 2]
2958888:[8, 4, 4, 9, 8, 5, 7, 6, 0, 2]
2962187:[9, 8, 0, 1, 3, 4, 7, 9, 4, 6]
2970149:[1, 2, 6, 3, 9, 7, 2, 3, 5, 9]
2970514:[2, 7, 2, 9, 9, 0, 3, 5, 9, 2]
2983081:[0, 1, 8, 3, 2, 3, 0, 3, 8, 8]
2990036:[2, 1, 2, 6, 3, 7, 1, 5, 2, 1]
2990916:[6, 1, 3, 9, 2, 7, 5, 8, 5, 2]
2991825:[6, 9, 8, 1, 7, 6, 4, 9, 5, 4]
3001357:[4, 3, 8, 4, 2, 5, 1, 4, 3, 3]
3007954:[6, 6, 0, 1, 2, 4, 3, 1, 2, 6]
3015952:[5, 7, 5, 9, 8, 4, 3, 4, 9, 7]
3017990:[9, 5, 9, 1, 4, 0, 1, 4, 1, 4]
3035880:[0, 2, 8, 5, 4, 6, 4, 8, 0, 0]
304903:[4, 4, 0, 2, 1, 2, 3, 7, 5, 8]
3055182:[8, 1, 4, 2, 8, 6, 9, 4, 2, 5]
3071662:[2, 0, 1, 2, 6, 2, 3, 6, 7, 2]
3075541:[2, 6, 8, 0, 7, 6, 5, 4, 1, 7]
3084276:[0, 7, 6, 5, 7, 4, 7, 6, 3, 5]
3091072:[3, 6, 5, 3, 0, 4, 8, 2, 5, 8]
3100803:[7, 3, 8, 3, 9, 4, 1, 6, 9, 1]
310321:[4, 5, 2, 0, 2, 3, 2, 5, 1, 2]
311160:[6, 7, 0, 6, 7, 0, 8, 4, 0, 5]
3128092:[0, 5, 1, 3, 8, 6, 9, 2, 5, 9]
3130599:[5, 6, 2, 3, 7, 2, 2, 8, 4, 7]
3138825:[2, 4, 7, 2, 5, 6, 6, 0, 5, 7]
3143537:[7, 1, 0, 4, 8, 3, 9, 5, 7, 4]
3144083:[0, 8, 3, 8, 3, 0, 8, 3, 0, 3]
3146219:[0, 5, 9, 4, 5, 8, 5, 9, 1, 8]
3148187:[5, 3, 3, 1, 1, 4, 9, 1, 9, 6]
3156782:[8, 5, 6, 0, 2, 5, 6, 9, 0, 4]
3159779:[4, 5, 1, 0, 1, 5, 0, 6, 0, 1]
3163183:[3, 5, 5, 4, 2, 3, 4, 8, 6, 4]
3164580:[0, 2, 8, 5, 4, 6, 4, 8, 0, 0]
3175438:[1, 2, 5, 9, 5, 3, 8, 0, 4, 5]
3182603:[7, 7, 5, 0, 8, 8, 8, 0, 9, 9]
3193011:[2, 8, 5, 5, 8, 9, 3, 4, 0, 6]
3208378:[6, 5, 7, 3, 3, 3, 9, 1, 0, 4]
3217147:[5, 1, 6, 2, 5, 4, 8, 6, 0, 5]
3234225:[2, 2, 5, 0, 3, 6, 3, 9, 7, 8]
3235161:[1, 8, 4, 8, 2, 3, 1, 8, 5, 4]
3238392:[2, 2, 6, 2, 0, 4, 3, 1, 5, 0]
3248166:[9, 9, 7, 7, 1, 7, 7, 5, 1, 9]
3254675:[9, 7, 7, 9, 9, 5, 0, 6, 5, 4]
3261537:[3, 2, 7, 6, 4, 4, 2, 8, 4, 5]
327670:[9, 2, 9, 1, 3, 2, 4, 8, 9, 6]
336810:[1, 0, 4, 0, 1, 9, 6, 5, 8, 4]
346212:[2, 5, 7, 9, 4, 1, 3, 9, 5, 1]
350705:[7, 5, 3, 9, 3, 0, 6, 2, 8, 8]
373430:[6, 1, 9, 7, 0, 5, 1, 2, 8, 3]
376631:[9, 6, 5, 6, 6, 5, 5, 4, 8, 3]
402829:[8, 6, 1, 8, 3, 4, 5, 1, 8, 7]
406379:[5, 5, 8, 7, 0, 8, 2, 7, 3, 5]
415238:[2, 4, 8, 7, 7, 6, 7, 3, 0, 3]
429092:[7, 2, 9, 5, 9, 3, 9, 3, 0, 4]
43427:[0, 4, 7, 7, 9, 0, 4, 2, 1, 3]
438422:[3, 1, 1, 3, 4, 7, 6, 8, 7, 8]
441775:[2, 4, 2, 5, 8, 7, 7, 7, 5, 3]
442386:[1, 9, 9, 7, 7, 1, 2, 4, 5, 9]
457966:[1, 7, 8, 0, 4, 0, 9, 4, 5, 3]
458443:[4, 3, 1, 0, 1, 1, 8, 8, 0, 3]
45968:[1, 4, 5, 8, 7, 8, 3, 5, 0, 3]
459833:[6, 2, 1, 4, 0, 4, 5, 6, 5, 5]
463390:[6, 1, 2, 8, 3, 6, 0, 1, 8, 9]
482814:[6, 2, 5, 9, 1, 4, 5, 6, 5, 2]
492065:[0, 1, 3, 8, 4, 5, 2, 0, 8, 2]
508788:[0, 9, 7, 5, 7, 3, 2, 6, 4, 2]
513173:[4, 1, 0, 2, 1, 3, 3, 9, 1, 6]
516512:[3, 6, 6, 5, 9, 3, 2, 8, 6, 1]
529243:[9, 3, 3, 8, 7, 5, 7, 6, 0, 1]
548453:[3, 0, 6, 3, 0, 4, 8, 2, 0, 9]
556440:[9, 0, 6, 3, 1, 9, 1, 5, 3, 0]
558004:[2, 8, 3, 7, 9, 8, 9, 6, 6, 7]
575871:[0, 5, 9, 5, 4, 8, 5, 4, 1, 8]
580409:[4, 6, 2, 7, 7, 3, 5, 1, 7, 7]
585542:[0, 5, 3, 7, 1, 1, 7, 1, 5, 9]
615117:[0, 0, 9, 0, 0, 2, 9, 0, 3, 6]
620548:[1, 0, 7, 7, 8, 1, 1, 5, 5, 7]
624372:[8, 5, 5, 3, 9, 7, 5, 0, 9, 9]
646464:[0, 8, 3, 7, 9, 0, 4, 7, 9, 1]
651972:[3, 4, 5, 8, 7, 3, 2, 9, 7, 8]
65361:[3, 4, 2, 3, 5, 0, 3, 6, 1, 2]
662328:[7, 1, 2, 9, 6, 3, 3, 6, 7, 5]
664581:[0, 4, 4, 2, 7, 2, 8, 4, 2, 2]
672297:[1, 7, 9, 3, 8, 0, 4, 4, 0, 6]
687671:[0, 2, 0, 0, 4, 2, 0, 1, 4, 9]
715063:[6, 3, 4, 6, 1, 1, 9, 5, 0, 4]
743818:[5, 9, 8, 6, 7, 2, 1, 6, 9, 3]
757707:[8, 6, 8, 6, 5, 6, 4, 8, 6, 8]
760184:[2, 1, 8, 8, 2, 7, 3, 8, 3, 1]
811298:[3, 6, 2, 8, 6, 1, 8, 6, 7, 3]
837397:[0, 9, 6, 7, 8, 0, 3, 1, 4, 8]
845458:[3, 8, 7, 7, 1, 6, 6, 6, 1, 6]
855617:[2, 0, 6, 7, 3, 6, 3, 3, 3, 7]
865653:[9, 7, 8, 5, 7, 9, 5, 8, 4, 6]
868129:[4, 6, 7, 8, 3, 5, 8, 2, 4, 8]
875908:[5, 4, 4, 4, 3, 8, 7, 4, 9, 2]
886453:[7, 4, 6, 1, 2, 7, 2, 5, 9, 1]
891051:[2, 8, 2, 1, 8, 4, 4, 5, 8, 4]
900432:[0, 8, 3, 8, 3, 0, 8, 3, 0, 3]
901682:[7, 6, 3, 5, 1, 1, 9, 8, 9, 3]
905121:[3, 0, 0, 6, 7, 7, 2, 5, 7, 2]
913419:[8, 1, 7, 5, 2, 6, 8, 1, 0, 8]
93129:[4, 0, 1, 5, 1, 8, 5, 1, 3, 4]
944847:[9, 4, 9, 9, 9, 8, 0, 7, 7, 2]
947863:[8, 2, 2, 8, 9, 4, 0, 0, 6, 0]
957190:[5, 2, 0, 4, 5, 3, 2, 6, 3, 4]
960923:[0, 1, 3, 8, 4, 7, 2, 0, 8, 0]
970486:[6, 7, 5, 5, 2, 6, 4, 1, 7, 0]
977673:[6, 7, 4, 4, 0, 0, 4, 3, 1, 8]
992854:[1, 9, 7, 1, 4, 6, 5, 7, 0, 5]
