1000244:[2, 2, 6, 5, 9, 3, 9, 5, 6, 0]
1004650:[5, 5, 0, 0, 2, 0, 8, 6, 8, 4]
10052:[3, 5, 5, 9, 9, 9, 6, 4, 8, 3]
100649:[2, 1, 5, 7, 1, 5, 0, 5, 3, 2]
1011439:[8, 3, 5, 0, 0, 4, 3, 4, 7, 4]
1017280:[9, 8, 8, 3, 6, 4, 3, 3, 4, 4]
1017364:[4, 2, 3, 0, 7, 0, 2, 6, 7, 7]
1017670:[1, 6, 7, 3, 5, 7, 7, 6, 8, 4]
1022267:[9, 1, 2, 9, 4, 6, 4, 8, 8, 0]
1022563:[0, 3, 4, 9, 3, 7, 2, 7, 3, 2]
102741:[8, 9, 5, 3, 6, 7, 6, 4, 5, 7]
1030514:[0, 7, 5, 3, 8, 8, 2, 3, 8, 8]
1044089:[1, 7, 6, 8, 1, 9, 5, 6, 1, 5]
1044458:[1, 8, 5, 9, 4, 2, 0, 4, 1, 9]
10453:[1, 3, 2, 6, 9, 7, 9, 6, 7, 0]
1045432:[6, 8, 8, 4, 3, 3, 0, 6, 5, 2]
1049525:[5, 8, 0, 6, 6, 4, 7, 2, 5, 9]
1060757:[2, 7, 1, 1, 0, 2, 2, 6, 3, 4]
1065515:[5, 7, 4, 5, 4, 7, 1, 2, 5, 7]
1067341:[5, 7, 3, 6, 2, 4, 4, 7, 4, 0]
107425:[8, 2, 8, 8, 0, 8, 4, 8, 5, 2]
1074847:[5, 8, 1, 8, 0, 3, 7, 8, 1, 5]
1075430:[4, 8, 2, 2, 6, 7, 8, 5, 9, 3]
107731:[1, 0, 9, 2, 8, 2, 6, 2, 9, 5]
1078846:[8, 4, 2, 4, 7, 0, 3, 0, 5, 8]
1085061:[5, 4, 3, 7, 9, 9, 5, 6, 3, 3]
1085475:[0, 3, 2, 2, 1, 3, 5, 6, 9, 0]
1101962:[0, 2, 8, 8, 6, 7, 2, 5, 3, 4]
110199:[0, 8, 2, 9, 2, 2, 0, 7, 6, 6]
1104832:[4, 6, 7, 7, 4, 4, 4, 8, 5, 9]
1107400:[5, 1, 3, 1, 8, 7, 5, 0, 1, 6]
1110410:[9, 5, 5, 8, 4, 0, 5, 0, 8, 3]
1114020:[0, 6, 3, 1, 5, 4, 6, 3, 9, 8]
1122222:[5, 2, 8, 4, 8, 3, 1, 0, 7, 0]
112424:[2, 6, 4, 2, 6, 6, 0, 7, 9, 5]
1124902:[8, 4, 6, 7, 7, 3, 5, 7, 9, 9]
1126613:[7, 6, 7, 1, 2, 1, 6, 3, 7, 5]
1128420:[8, 1, 9, 2, 1, 4, 4, 3, 9, 9]
1129611:[1, 4, 1, 4, 4, 9, 3, 6, 5, 0]
1137012:[4, 5, 8, 8, 1, 5, 5, 3, 7, 8]
1146037:[9, 9, 9, 2, 2, 3, 0, 8, 7, 5]
1146127:[8, 8, 5, 8, 1, 9, 8, 2, 4, 4]
1146557:[3, 8, 6, 3, 5, 2, 8, 5, 2, 5]
1152875:[6, 4, 2, 7, 7, 4, 6, 5, 2, 4]
1157112:[0, 1, 2, 7, 4, 4, 8, 9, 9, 3]
1160791:[5, 9, 6, 7, 8, 9, 9, 5, 7, 1]
1161468:[9, 9, 6, 8, 9, 6, 0, 6, 8, 4]
1161986:[0, 6, 8, 3, 3, 6, 9, 4, 7, 1]
1163387:[5, 6, 7, 3, 0, 1, 9, 1, 6, 2]
1165369:[7, 1, 1, 2, 4, 1, 8, 3, 1, 1]
1166630:[2, 7, 2, 6, 8, 0, 3, 4, 2, 5]
1175785:[9, 0, 1, 3, 7, 5, 9, 0, 0, 4]
1176197:[1, 3, 3, 3, 4, 5, 4, 0, 2, 0]
1183441:[7, 7, 6, 9, 8, 2, 2, 6, 9, 9]
1183646:[0, 3, 9, 3, 7, 7, 5, 8, 7, 1]
1185709:[6, 9, 1, 2, 6, 7, 8, 0, 5, 6]
1185825:[8, 5, 8, 3, 4, 3, 3, 3, 1, 7]
1186304:[0, 3, 1, 8, 5, 3, 6, 5, 0, 1]
1192857:[2, 4, 8, 0, 2, 7, 5, 2, 8, 9]
1193494:[4, 3, 9, 1, 9, 7, 5, 3, 6, 6]
1196672:[6, 2, 4, 0, 0, 7, 6, 6, 6, 2]
1204040:[1, 1, 5, 4, 1, 7, 9, 3, 6, 0]
1205202:[7, 1, 1, 3, 1, 4, 5, 1, 5, 4]
1206689:[8, 4, 7, 6, 2, 0, 7, 7, 9, 8]
1207641:[3, 1, 1, 7, 7, 1, 4, 6, 8, 5]
1211267:[3, 5, 7, 8, 8, 7, 5, 4, 9, 1]
1213842:[8, 7, 4, 7, 9, 6, 8, 9, 0, 0]
1214255:[1, 8, 7, 9, 2, 2, 9, 9, 1, 0]
1217667:[0, 7, 4, 6, 1, 7, 8, 9, 0, 0]
1220757:[6, 1, 9, 2, 3, 2, 1, 5, 7, 2]
1222831:[7, 1, 0, 9, 7, 7, 1, 5, 6, 1]
1223587:[9, 8, 9, 6, 5, 4, 3, 8, 0, 5]
1223666:[1, 4, 2, 3, 5, 3, 5, 0, 8, 9]
1225143:[6, 8, 0, 7, 7, 4, 6, 6, 3, 8]
1225550:[6, 0, 3, 6, 8, 5, 8, 2, 3, 2]
1231495:[0, 6, 7, 3, 4, 8, 3, 5, 7, 3]
1234112:[5, 1, 7, 8, 2, 3, 7, 6, 0, 9]
1234293:[6, 1, 0, 6, 3, 3, 9, 8, 1, 9]
1236418:[0, 1, 5, 7, 8, 7, 6, 3, 0, 1]
1238421:[7, 4, 9, 5, 5, 5, 9, 6, 6, 4]
1239870:[4, 1, 6, 1, 7, 3, 6, 5, 5, 3]
1241811:[5, 7, 1, 2, 3, 3, 6, 8, 7, 6]
124462:[8, 0, 0, 7, 2, 6, 6, 8, 1, 9]
1249213:[7, 4, 6, 5, 0, 7, 8, 7, 9, 8]
1249221:[4, 2, 4, 6, 0, 8, 9, 5, 1, 1]
1254173:[4, 5, 2, 6, 4, 5, 8, 5, 2, 7]
1256560:[5, 3, 1, 4, 2, 5, 1, 4, 7, 3]
1261401:[7, 5, 9, 3, 9, 2, 0, 6, 7, 5]
1261768:[1, 9, 9, 3, 5, 3, 5, 5, 0, 7]
1261833:[7, 8, 6, 1, 4, 4, 6, 4, 9, 9]
1263004:[4, 8, 1, 8, 8, 3, 6, 5, 9, 9]
1265393:[1, 5, 1, 6, 2, 3, 8, 7, 1, 4]
1269442:[4, 1, 8, 4, 6, 1, 1, 5, 8, 8]
1273771:[8, 4, 4, 7, 8, 7, 0, 1, 1, 4]
1281276:[7, 4, 6, 9, 3, 7, 0, 8, 6, 7]
1282737:[0, 9, 3, 6, 0, 8, 6, 8, 8, 6]
1283797:[3, 4, 3, 8, 8, 3, 4, 1, 2, 0]
1284985:[5, 9, 2, 4, 7, 4, 8, 1, 5, 6]
1293078:[8, 2, 4, 4, 0, 7, 7, 0, 2, 9]
1293783:[3, 4, 3, 0, 4, 2, 7, 0, 1, 8]
129741:[3, 7, 9, 5, 6, 0, 8, 7, 3, 8]
1299482:[1, 1, 7, 9, 1, 4, 6, 2, 8, 0]
1301562:[9, 6, 3, 5, 1, 1, 9, 3, 8, 6]
1302961:[7, 0, 9, 0, 8, 0, 2, 2, 4, 8]
130478:[6, 0, 6, 5, 0, 7, 2, 6, 3, 2]
1304914:[5, 4, 3, 1, 6, 4, 9, 4, 0, 0]
131290:[0, 9, 0, 7, 9, 8, 8, 6, 7, 8]
131642:[5, 0, 2, 5, 2, 6, 9, 0, 2, 6]
1319582:[3, 2, 5, 2, 7, 1, 1, 6, 5, 3]
1320684:[7, 8, 2, 2, 6, 3, 4, 7, 3, 3]
1321805:[2, 1, 8, 8, 1, 7, 0, 2, 1, 5]
1323159:[0, 1, 3, 7, 4, 3, 6, 9, 2, 1]
1331576:[3, 5, 2, 3, 2, 9, 0, 5, 1, 5]
1332513:[4, 7, 7, 8, 9, 3, 2, 3, 2, 1]
1333035:[2, 5, 7, 5, 9, 0, 7, 1, 8, 5]
1334708:[4, 5, 2, 6, 9, 5, 5, 8, 7, 5]
1335801:[9, 2, 7, 1, 8, 1, 7, 8, 4, 1]
1343408:[6, 7, 4, 1, 1, 4, 2, 6, 9, 0]
1346069:[8, 6, 4, 9, 2, 4, 3, 9, 6, 9]
1349740:[5, 2, 2, 4, 8, 2, 6, 9, 3, 7]
1358134:[5, 3, 5, 7, 5, 1, 5, 3, 5, 9]
1359496:[5, 6, 7, 6, 6, 4, 6, 0, 7, 8]
1359671:[3, 7, 7, 3, 7, 5, 4, 3, 1, 7]
1362126:[9, 8, 8, 4, 4, 8, 7, 9, 3, 3]
1364005:[0, 1, 6, 2, 1, 6, 1, 0, 4, 1]
1368170:[8, 6, 0, 6, 5, 7, 5, 4, 1, 2]
1380658:[0, 6, 6, 8, 9, 2, 2, 7, 9, 6]
1382469:[9, 9, 1, 3, 0, 6, 3, 5, 6, 9]
1385914:[6, 9, 4, 8, 1, 8, 2, 8, 2, 0]
1387737:[4, 0, 4, 4, 5, 3, 4, 0, 7, 9]
1389469:[6, 7, 6, 0, 0, 5, 6, 7, 1, 8]
1390368:[3, 1, 1, 4, 8, 9, 0, 7, 4, 6]
1391537:[6, 5, 0, 6, 6, 6, 3, 3, 0, 5]
1392443:[2, 1, 5, 3, 6, 0, 5, 9, 5, 0]
1394822:[4, 9, 5, 5, 3, 7, 6, 5, 8, 7]
1396242:[5, 7, 1, 7, 5, 0, 7, 7, 2, 6]
1397514:[5, 3, 2, 8, 6, 3, 0, 9, 4, 5]
1409863:[7, 9, 6, 9, 7, 4, 3, 5, 8, 2]
1413706:[8, 6, 4, 8, 2, 9, 5, 8, 7, 7]
1420036:[6, 3, 1, 8, 0, 7, 9, 8, 5, 6]
1423683:[5, 9, 5, 5, 4, 2, 3, 3, 9, 1]
1425478:[0, 2, 5, 7, 9, 3, 7, 8, 7, 7]
1428052:[7, 8, 5, 6, 6, 3, 6, 7, 8, 0]
1430937:[9, 4, 7, 4, 1, 8, 4, 1, 4, 8]
1432690:[6, 5, 2, 6, 8, 2, 6, 9, 0, 3]
1435006:[7, 1, 9, 9, 5, 4, 0, 4, 0, 7]
1441509:[1, 0, 9, 3, 7, 0, 4, 8, 1, 2]
144304:[9, 0, 0, 4, 8, 1, 8, 1, 6, 8]
1445142:[8, 2, 1, 9, 9, 8, 6, 5, 7, 9]
1449868:[8, 1, 7, 0, 9, 6, 0, 6, 7, 8]
1456706:[8, 3, 2, 9, 3, 3, 7, 8, 8, 6]
1457533:[2, 9, 2, 9, 5, 1, 7, 7, 9, 0]
1468837:[7, 9, 3, 2, 6, 1, 7, 0, 7, 8]
147302:[6, 3, 1, 7, 1, 7, 6, 1, 0, 9]
1473504:[5, 6, 1, 7, 1, 2, 5, 8, 6, 6]
1473871:[4, 3, 5, 7, 7, 4, 3, 5, 0, 4]
1476601:[2, 1, 5, 7, 0, 4, 3, 4, 9, 5]
1477254:[4, 4, 3, 6, 3, 1, 9, 9, 9, 5]
1483111:[7, 0, 0, 4, 6, 6, 5, 3, 9, 1]
1483340:[9, 9, 4, 0, 3, 7, 0, 0, 9, 2]
1490102:[2, 0, 9, 6, 5, 5, 5, 8, 5, 3]
1495193:[3, 7, 7, 1, 4, 5, 7, 8, 6, 9]
1499513:[2, 3, 3, 0, 3, 4, 0, 8, 3, 5]
1499811:[9, 2, 6, 9, 7, 4, 8, 5, 4, 8]
1500972:[7, 4, 6, 6, 3, 6, 8, 0, 3, 1]
1501845:[4, 2, 5, 0, 4, 7, 2, 7, 7, 5]
1516742:[8, 0, 1, 2, 9, 2, 9, 2, 9, 7]
1517479:[2, 3, 4, 2, 1, 7, 8, 3, 6, 1]
151895:[4, 7, 9, 6, 0, 5, 3, 7, 4, 0]
1519546:[1, 9, 4, 2, 7, 9, 4, 6, 8, 3]
1522209:[9, 7, 4, 6, 7, 3, 7, 2, 8, 5]
1522652:[8, 9, 1, 2, 3, 4, 1, 5, 4, 1]
1523783:[4, 8, 7, 0, 4, 6, 0, 8, 8, 7]
1523848:[7, 3, 8, 9, 6, 4, 0, 3, 6, 5]
1525390:[0, 7, 9, 4, 8, 7, 2, 7, 8, 8]
1526294:[0, 7, 4, 5, 4, 1, 4, 4, 8, 4]
1527333:[0, 3, 0, 9, 0, 7, 4, 8, 3, 9]
1527969:[4, 9, 8, 1, 1, 0, 3, 8, 7, 9]
1530190:[7, 5, 0, 7, 8, 0, 5, 5, 5, 8]
1531760:[8, 1, 8, 5, 9, 7, 7, 0, 6, 0]
1534918:[0, 7, 9, 3, 8, 7, 3, 6, 3, 4]
1536475:[4, 9, 9, 0, 3, 0, 7, 2, 8, 5]
1540627:[1, 6, 7, 7, 4, 2, 5, 9, 0, 5]
1542994:[4, 1, 5, 7, 1, 5, 0, 1, 9, 7]
154316:[7, 6, 1, 1, 8, 0, 7, 5, 2, 2]
1543977:[7, 0, 9, 3, 8, 3, 8, 6, 4, 1]
1544566:[6, 7, 8, 4, 6, 4, 4, 5, 3, 5]
1545707:[2, 0, 0, 3, 6, 3, 0, 2, 8, 6]
1548721:[4, 7, 9, 5, 3, 5, 9, 3, 2, 5]
1556472:[2, 0, 5, 3, 5, 0, 5, 3, 6, 3]
1565931:[8, 9, 7, 8, 8, 3, 8, 2, 6, 7]
1567266:[9, 4, 6, 2, 7, 1, 3, 0, 9, 0]
1571545:[6, 7, 3, 7, 4, 0, 7, 7, 2, 4]
1572970:[9, 5, 0, 2, 2, 0, 1, 4, 6, 0]
1575428:[3, 8, 6, 1, 9, 5, 6, 1, 8, 4]
1576418:[7, 5, 6, 0, 8, 3, 2, 2, 4, 9]
1580505:[6, 6, 6, 1, 5, 3, 7, 4, 1, 7]
158182:[2, 0, 1, 1, 2, 3, 3, 1, 2, 9]
1583179:[6, 1, 0, 5, 8, 3, 2, 4, 0, 5]
1583714:[8, 7, 3, 6, 2, 2, 5, 8, 2, 6]
1585675:[8, 6, 8, 5, 0, 7, 3, 5, 6, 0]
1589970:[4, 0, 0, 4, 5, 3, 3, 2, 8, 2]
1594504:[3, 1, 7, 0, 8, 6, 2, 0, 2, 8]
1595336:[6, 0, 6, 0, 7, 7, 7, 9, 0, 2]
1596858:[0, 9, 1, 1, 0, 3, 0, 4, 0, 4]
1597029:[5, 0, 8, 9, 2, 7, 6, 2, 3, 4]
1598322:[2, 3, 1, 2, 9, 2, 0, 1, 2, 9]
1600464:[2, 6, 7, 7, 6, 1, 7, 3, 6, 8]
1602691:[1, 4, 5, 7, 8, 7, 7, 3, 8, 5]
160524:[0, 7, 4, 6, 4, 0, 6, 5, 1, 3]
1605402:[8, 3, 5, 0, 6, 1, 4, 5, 5, 0]
1609947:[8, 5, 9, 6, 4, 7, 0, 4, 6, 5]
1611666:[5, 0, 3, 8, 0, 6, 6, 8, 0, 0]
1612148:[9, 6, 4, 1, 4, 2, 7, 1, 6, 5]
1613757:[4, 2, 0, 8, 0, 9, 1, 6, 0, 2]
1617780:[2, 6, 7, 5, 0, 0, 0, 9, 2, 1]
1619850:[4, 5, 2, 5, 0, 7, 4, 7, 5, 2]
1634334:[8, 2, 6, 9, 9, 7, 1, 0, 1, 4]
1637484:[4, 2, 7, 6, 3, 1, 7, 4, 2, 0]
1639230:[5, 1, 9, 5, 7, 4, 4, 2, 7, 9]
1646991:[6, 6, 0, 9, 7, 9, 1, 5, 0, 9]
1649360:[7, 9, 0, 6, 4, 7, 4, 6, 8, 5]
1650968:[4, 0, 3, 5, 5, 6, 4, 8, 9, 5]
1654181:[5, 9, 6, 4, 8, 7, 9, 2, 2, 1]
1654873:[3, 9, 6, 8, 0, 4, 8, 3, 9, 4]
1657797:[6, 6, 1, 9, 6, 1, 6, 8, 2, 3]
1663518:[3, 6, 8, 0, 5, 8, 1, 5, 3, 4]
1664141:[4, 2, 7, 4, 6, 6, 1, 0, 4, 4]
1664429:[7, 3, 0, 6, 3, 2, 2, 4, 0, 2]
1664847:[7, 3, 6, 4, 8, 0, 7, 8, 5, 1]
1669217:[1, 4, 8, 0, 5, 7, 1, 5, 0, 6]
1669864:[3, 9, 8, 2, 2, 6, 3, 2, 6, 7]
1678742:[0, 2, 0, 9, 0, 7, 5, 4, 5, 6]
1681861:[9, 2, 2, 1, 7, 6, 2, 3, 8, 7]
1683764:[6, 8, 9, 6, 8, 9, 3, 5, 0, 6]
1683981:[1, 6, 6, 4, 6, 1, 9, 8, 2, 5]
1685188:[2, 1, 1, 8, 2, 1, 2, 3, 1, 1]
1692180:[8, 1, 5, 3, 1, 7, 8, 9, 9, 5]
1692697:[5, 3, 9, 3, 6, 3, 4, 0, 0, 7]
1694526:[4, 8, 7, 0, 2, 8, 4, 4, 0, 7]
1704512:[8, 2, 2, 7, 0, 0, 7, 0, 4, 7]
1710893:[1, 9, 1, 4, 8, 6, 2, 8, 7, 1]
171234:[7, 6, 8, 1, 0, 6, 7, 8, 4, 0]
1720213:[3, 5, 7, 0, 2, 6, 2, 1, 6, 5]
1722187:[6, 4, 2, 0, 9, 1, 8, 4, 5, 8]
1723517:[5, 0, 9, 5, 7, 2, 5, 6, 8, 4]
172976:[6, 7, 0, 2, 0, 6, 0, 6, 1, 1]
1731965:[5, 8, 6, 8, 8, 5, 4, 7, 0, 4]
1733256:[4, 9, 2, 2, 4, 1, 3, 2, 0, 5]
1736447:[6, 6, 3, 0, 7, 1, 8, 2, 0, 1]
1740941:[1, 2, 9, 2, 4, 3, 6, 4, 7, 6]
1741941:[7, 8, 8, 5, 2, 7, 8, 0, 7, 7]
1744034:[8, 2, 3, 4, 9, 2, 1, 5, 2, 7]
1746571:[8, 1, 5, 8, 8, 5, 3, 1, 8, 3]
1750270:[4, 6, 8, 2, 1, 0, 4, 1, 1, 4]
1751034:[6, 3, 8, 6, 7, 3, 8, 6, 8, 0]
1756948:[4, 9, 2, 7, 7, 4, 0, 7, 5, 9]
1757305:[3, 5, 3, 4, 7, 9, 6, 3, 0, 3]
1757306:[8, 8, 8, 6, 7, 1, 2, 1, 3, 0]
1757682:[5, 4, 4, 2, 3, 3, 5, 4, 4, 5]
1761457:[9, 9, 1, 5, 8, 3, 2, 0, 8, 1]
176203:[6, 1, 1, 3, 8, 4, 5, 7, 7, 0]
1763029:[1, 6, 1, 5, 1, 7, 6, 8, 7, 4]
1768121:[3, 2, 1, 0, 5, 3, 2, 0, 3, 4]
1771704:[2, 9, 0, 7, 6, 5, 5, 1, 6, 8]
1772070:[6, 0, 4, 6, 4, 8, 5, 8, 8, 1]
1775021:[1, 4, 9, 0, 8, 7, 7, 5, 5, 3]
1775022:[5, 4, 0, 9, 8, 0, 2, 9, 2, 0]
1777263:[6, 7, 6, 9, 6, 7, 9, 2, 3, 6]
1778162:[7, 6, 8, 1, 9, 7, 5, 4, 8, 7]
1778745:[6, 6, 9, 3, 4, 5, 0, 9, 4, 1]
1786275:[4, 8, 4, 4, 9, 7, 2, 4, 2, 7]
1786808:[3, 1, 1, 9, 8, 2, 9, 0, 2, 7]
1788275:[1, 5, 9, 1, 6, 1, 3, 7, 8, 2]
1789825:[8, 8, 9, 1, 6, 5, 3, 3, 8, 1]
1793168:[7, 1, 7, 0, 1, 1, 6, 0, 0, 2]
179332:[4, 0, 7, 4, 3, 4, 4, 1, 9, 7]
1796295:[3, 1, 3, 4, 8, 5, 8, 1, 8, 9]
1796713:[9, 9, 1, 6, 9, 0, 7, 5, 9, 0]
1798948:[7, 2, 4, 5, 9, 7, 9, 7, 5, 6]
1799553:[6, 7, 1, 8, 2, 1, 0, 4, 7, 5]
18024:[4, 4, 8, 9, 1, 5, 1, 4, 1, 1]
1803600:[0, 0, 2, 1, 0, 5, 8, 2, 9, 8]
1804294:[0, 4, 0, 0, 0, 9, 8, 4, 0, 9]
1805176:[2, 0, 3, 3, 7, 8, 7, 5, 6, 2]
1806847:[1, 2, 7, 7, 9, 3, 4, 2, 9, 9]
1808925:[3, 1, 0, 7, 8, 6, 7, 3, 9, 1]
1811404:[3, 4, 1, 8, 1, 6, 8, 5, 9, 4]
1811975:[1, 5, 1, 3, 6, 7, 2, 3, 7, 1]
1813798:[2, 5, 3, 5, 4, 6, 1, 5, 6, 4]
1819729:[4, 5, 4, 2, 6, 6, 6, 6, 8, 6]
1819978:[6, 0, 0, 0, 6, 6, 8, 1, 9, 9]
182111:[1, 6, 6, 8, 6, 8, 9, 6, 8, 3]
183352:[4, 1, 4, 3, 7, 4, 5, 7, 2, 5]
1839658:[9, 8, 8, 5, 9, 5, 6, 2, 4, 7]
1842171:[3, 4, 3, 5, 6, 6, 6, 9, 5, 4]
1844592:[2, 6, 1, 7, 3, 8, 3, 5, 7, 5]
1848914:[1, 0, 9, 9, 5, 3, 1, 3, 5, 3]
1852752:[1, 4, 8, 2, 1, 2, 7, 1, 1, 8]
1853416:[3, 9, 4, 3, 1, 3, 5, 7, 0, 8]
1857788:[3, 9, 4, 3, 8, 3, 8, 0, 0, 3]
1859883:[7, 1, 4, 4, 1, 4, 8, 0, 2, 7]
1863478:[4, 3, 7, 9, 3, 7, 9, 0, 8, 8]
1864791:[7, 9, 3, 8, 6, 7, 2, 5, 0, 4]
1867343:[8, 6, 5, 3, 8, 9, 7, 7, 8, 0]
1868895:[0, 7, 1, 1, 5, 9, 8, 9, 6, 1]
1874547:[2, 4, 7, 8, 8, 6, 8, 1, 9, 6]
1876776:[5, 4, 8, 4, 9, 3, 7, 0, 3, 6]
1877986:[8, 8, 7, 2, 5, 1, 4, 2, 4, 1]
1882812:[3, 3, 6, 0, 9, 7, 5, 5, 4, 1]
1884606:[1, 7, 8, 7, 5, 3, 7, 4, 0, 8]
1885808:[1, 0, 3, 5, 0, 6, 9, 5, 4, 0]
18892:[0, 0, 2, 3, 4, 3, 8, 8, 4, 8]
1890026:[9, 3, 4, 3, 4, 4, 3, 7, 9, 1]
1892720:[9, 2, 4, 2, 1, 6, 0, 1, 1, 2]
1893303:[3, 0, 8, 8, 4, 3, 2, 6, 5, 3]
1894528:[6, 6, 3, 0, 7, 9, 8, 4, 0, 0]
189599:[5, 2, 3, 6, 8, 6, 8, 2, 6, 3]
1899966:[2, 0, 3, 7, 2, 0, 0, 4, 7, 8]
1904109:[6, 0, 7, 3, 4, 9, 8, 3, 7, 9]
1912170:[1, 3, 5, 3, 0, 3, 5, 2, 1, 0]
1921196:[9, 7, 8, 1, 1, 7, 5, 9, 9, 2]
1924873:[9, 1, 0, 3, 7, 6, 7, 2, 5, 5]
1927407:[5, 3, 1, 1, 6, 7, 0, 4, 2, 8]
1932986:[3, 0, 1, 1, 1, 2, 6, 5, 0, 7]
1934581:[0, 6, 8, 5, 4, 7, 0, 7, 9, 0]
193572:[9, 3, 3, 9, 4, 9, 0, 8, 8, 5]
1936920:[4, 0, 3, 8, 9, 5, 4, 2, 5, 6]
1946026:[3, 0, 9, 8, 5, 8, 0, 3, 1, 5]
195546:[1, 1, 8, 0, 1, 3, 5, 1, 6, 4]
1955913:[6, 1, 7, 2, 7, 8, 0, 2, 3, 8]
1957390:[5, 6, 8, 0, 2, 3, 9, 9, 0, 5]
1961013:[1, 0, 4, 1, 2, 2, 0, 4, 9, 2]
1964406:[4, 0, 1, 3, 4, 7, 8, 0, 8, 3]
1970923:[7, 1, 3, 5, 2, 1, 9, 3, 8, 4]
1973370:[9, 7, 9, 9, 2, 7, 8, 4, 2, 1]
197598:[5, 4, 0, 5, 9, 9, 3, 0, 5, 7]
197619:[4, 6, 9, 6, 3, 3, 1, 8, 2, 4]
1981229:[5, 8, 6, 8, 4, 9, 6, 5, 7, 5]
1988179:[9, 4, 8, 3, 5, 5, 5, 7, 4, 4]
1992942:[2, 0, 9, 6, 0, 0, 5, 3, 9, 0]
199504:[4, 2, 0, 1, 3, 3, 5, 0, 9, 4]
2000812:[7, 6, 1, 0, 5, 3, 8, 5, 2, 2]
2002901:[6, 6, 3, 3, 8, 9, 0, 0, 2, 0]
2003377:[9, 4, 6, 0, 5, 1, 8, 0, 9, 2]
2007952:[2, 1, 1, 0, 3, 2, 5, 6, 0, 8]
2011110:[0, 2, 1, 7, 9, 3, 2, 7, 4, 6]
2016542:[9, 0, 6, 1, 3, 7, 8, 7, 8, 8]
2020857:[7, 0, 4, 5, 3, 7, 4, 1, 9, 2]
2022214:[2, 5, 4, 3, 9, 7, 3, 5, 1, 4]
202262:[8, 4, 3, 1, 9, 0, 6, 4, 7, 3]
2023410:[6, 5, 5, 0, 1, 7, 3, 3, 5, 0]
2023836:[2, 2, 3, 8, 6, 6, 4, 3, 4, 5]
2025064:[8, 7, 3, 9, 5, 5, 2, 8, 2, 2]
2035142:[6, 2, 9, 8, 5, 3, 0, 1, 6, 9]
2036473:[1, 0, 7, 9, 9, 8, 5, 0, 0, 8]
2037493:[0, 2, 9, 3, 4, 0, 5, 7, 1, 4]
2039272:[7, 0, 8, 8, 8, 2, 4, 4, 7, 9]
2042146:[0, 0, 4, 0, 6, 4, 5, 6, 2, 3]
2043519:[8, 7, 5, 4, 6, 4, 4, 3, 7, 4]
2048547:[5, 8, 8, 8, 2, 2, 5, 6, 9, 3]
2050530:[2, 2, 6, 6, 4, 4, 3, 0, 0, 9]
205162:[1, 7, 2, 8, 3, 9, 5, 7, 4, 9]
2053323:[6, 4, 3, 9, 7, 5, 5, 5, 5, 5]
2055896:[1, 8, 6, 4, 9, 9, 6, 2, 6, 7]
2058863:[3, 0, 1, 1, 7, 4, 7, 8, 5, 9]
2059936:[3, 6, 5, 7, 2, 3, 9, 2, 4, 7]
2063607:[2, 6, 5, 6, 1, 0, 5, 4, 7, 0]
2065441:[0, 3, 8, 7, 2, 2, 5, 6, 7, 6]
2066996:[4, 6, 0, 8, 8, 1, 9, 9, 9, 9]
2074731:[0, 2, 1, 5, 5, 4, 0, 0, 0, 3]
2075653:[1, 4, 1, 6, 8, 4, 4, 4, 1, 3]
2077467:[5, 2, 9, 6, 9, 3, 5, 7, 9, 6]
207887:[6, 0, 9, 6, 4, 9, 6, 3, 2, 5]
2081565:[3, 0, 2, 0, 6, 1, 6, 9, 3, 1]
2081995:[6, 5, 5, 4, 9, 3, 2, 5, 9, 9]
2085292:[8, 0, 8, 4, 3, 8, 8, 9, 3, 6]
2088542:[8, 2, 7, 0, 5, 3, 7, 1, 6, 9]
2092235:[2, 9, 7, 8, 3, 1, 4, 2, 2, 3]
209759:[1, 0, 6, 6, 1, 7, 5, 0, 4, 3]
2100460:[2, 6, 2, 2, 6, 6, 8, 5, 4, 3]
2107653:[4, 6, 0, 6, 9, 7, 4, 9, 8, 2]
2112227:[4, 0, 9, 8, 2, 3, 5, 5, 4, 6]
2119268:[7, 6, 0, 9, 2, 1, 5, 2, 0, 0]
2125574:[8, 8, 2, 0, 2, 7, 0, 1, 0, 0]
2126173:[5, 3, 7, 8, 0, 3, 7, 1, 6, 6]
2128664:[5, 3, 4, 0, 8, 0, 1, 7, 8, 5]
2132335:[5, 7, 9, 6, 6, 5, 8, 6, 3, 3]
2133067:[8, 9, 0, 6, 1, 9, 4, 6, 2, 2]
2136991:[0, 7, 1, 0, 2, 7, 3, 6, 2, 9]
214100:[1, 0, 4, 5, 5, 0, 7, 1, 0, 6]
214476:[0, 0, 6, 4, 1, 2, 5, 6, 1, 4]
214586:[9, 8, 3, 4, 8, 7, 6, 4, 3, 1]
2150190:[4, 6, 1, 5, 0, 3, 8, 1, 3, 0]
2151142:[3, 1, 4, 3, 1, 4, 3, 2, 8, 7]
215731:[3, 7, 4, 5, 4, 8, 9, 9, 4, 1]
2160114:[0, 9, 8, 1, 9, 6, 5, 2, 8, 3]
2160847:[0, 7, 5, 8, 2, 7, 9, 9, 5, 4]
2162383:[4, 2, 4, 4, 0, 9, 4, 1, 0, 0]
2163241:[0, 3, 2, 9, 6, 6, 9, 5, 0, 4]
2165893:[7, 7, 2, 7, 6, 4, 8, 9, 6, 6]
2167595:[4, 7, 4, 3, 7, 3, 9, 8, 0, 5]
2171332:[3, 1, 9, 5, 2, 1, 9, 8, 9, 6]
2173497:[8, 2, 3, 2, 4, 3, 5, 1, 2, 2]
2179368:[9, 8, 7, 8, 5, 1, 8, 2, 0, 2]
2182453:[0, 8, 9, 4, 6, 8, 0, 9, 3, 9]
2185068:[5, 5, 9, 1, 0, 2, 5, 7, 2, 7]
2185604:[1, 7, 6, 2, 3, 6, 8, 7, 6, 2]
2195288:[5, 1, 5, 0, 2, 3, 7, 3, 6, 2]
219694:[3, 3, 8, 4, 7, 0, 4, 8, 0, 4]
2200107:[9, 9, 4, 0, 2, 3, 0, 0, 5, 1]
2202464:[7, 8, 8, 2, 6, 1, 3, 0, 6, 5]
2206391:[5, 2, 8, 4, 6, 9, 7, 0, 4, 6]
2207547:[3, 6, 2, 2, 8, 9, 2, 5, 8, 6]
2221128:[9, 5, 3, 5, 1, 9, 3, 5, 8, 8]
2221270:[7, 2, 0, 0, 0, 7, 3, 5, 8, 9]
2223863:[5, 7, 0, 8, 0, 7, 4, 2, 0, 0]
2223907:[2, 3, 0, 8, 9, 5, 7, 1, 6, 1]
223175:[3, 0, 6, 9, 1, 7, 6, 8, 8, 5]
223326:[4, 1, 4, 5, 2, 6, 4, 1, 0, 1]
2236109:[9, 3, 5, 6, 4, 7, 7, 2, 5, 0]
2254757:[9, 6, 3, 8, 0, 3, 2, 6, 5, 6]
2256333:[1, 4, 2, 5, 4, 2, 5, 2, 7, 3]
2257536:[8, 0, 6, 8, 6, 2, 9, 3, 0, 7]
2258666:[1, 7, 4, 3, 1, 1, 2, 0, 0, 4]
2260246:[8, 5, 5, 7, 2, 5, 0, 0, 5, 8]
2261228:[4, 3, 4, 1, 9, 1, 9, 0, 6, 2]
2262172:[3, 9, 7, 5, 8, 9, 1, 4, 7, 1]
2271826:[6, 1, 5, 1, 2, 7, 6, 5, 1, 1]
2277848:[0, 6, 6, 3, 7, 1, 7, 8, 0, 7]
2283426:[2, 9, 6, 4, 8, 7, 7, 1, 1, 8]
228500:[3, 5, 7, 3, 9, 9, 9, 9, 7, 9]
2285591:[0, 9, 0, 7, 1, 5, 8, 9, 6, 9]
2286932:[4, 6, 6, 1, 3, 4, 7, 8, 3, 1]
2287639:[4, 2, 4, 2, 4, 1, 6, 3, 5, 6]
2288620:[5, 2, 0, 2, 0, 0, 5, 9, 2, 5]
2292518:[6, 8, 8, 8, 0, 6, 2, 3, 8, 0]
2296490:[2, 3, 6, 9, 4, 8, 5, 9, 1, 4]
2296496:[7, 2, 2, 4, 4, 6, 3, 4, 3, 3]
2297288:[8, 0, 8, 2, 2, 8, 8, 0, 9, 0]
2300196:[2, 2, 5, 6, 0, 7, 2, 3, 4, 1]
2310087:[2, 3, 4, 9, 7, 4, 4, 4, 2, 5]
2316280:[6, 6, 4, 7, 2, 4, 4, 0, 5, 4]
2319238:[0, 1, 3, 2, 8, 3, 1, 4, 3, 7]
2320289:[3, 6, 1, 8, 0, 4, 9, 6, 5, 6]
232567:[1, 4, 8, 7, 5, 8, 2, 1, 4, 4]
2330278:[1, 3, 2, 6, 2, 8, 1, 5, 0, 6]
2330952:[7, 8, 2, 8, 9, 6, 2, 9, 7, 5]
2334455:[5, 4, 9, 5, 4, 3, 2, 7, 0, 0]
2335430:[6, 8, 2, 5, 0, 5, 1, 0, 7, 0]
2335554:[8, 2, 1, 8, 9, 6, 5, 8, 4, 4]
2336215:[5, 0, 4, 3, 1, 3, 9, 2, 7, 3]
2337299:[2, 3, 0, 3, 9, 5, 2, 2, 2, 2]
2337425:[8, 2, 0, 2, 5, 5, 6, 5, 9, 1]
2339523:[6, 0, 9, 5, 8, 4, 9, 0, 1, 1]
2341295:[5, 2, 1, 2, 8, 4, 7, 3, 6, 5]
2342059:[7, 0, 1, 4, 6, 8, 9, 8, 3, 8]
2344675:[3, 0, 8, 0, 5, 5, 6, 3, 5, 7]
234690:[0, 2, 6, 1, 9, 2, 0, 2, 9, 9]
2349358:[0, 2, 2, 3, 7, 0, 1, 6, 4, 7]
2350042:[6, 3, 2, 1, 1, 8, 4, 4, 7, 8]
2350465:[3, 6, 4, 4, 6, 1, 8, 3, 6, 1]
2356266:[0, 1, 1, 6, 5, 1, 5, 4, 2, 7]
235928:[0, 0, 9, 9, 6, 6, 9, 2, 6, 9]
2359329:[4, 8, 1, 8, 2, 7, 5, 8, 5, 3]
2362563:[5, 5, 0, 8, 7, 5, 8, 0, 7, 0]
236859:[5, 6, 5, 2, 1, 9, 5, 7, 3, 5]
2370472:[8, 7, 3, 5, 6, 7, 0, 9, 0, 4]
2373198:[1, 3, 9, 9, 7, 4, 7, 2, 6, 1]
2377528:[5, 7, 7, 5, 7, 0, 9, 4, 6, 5]
2381797:[3, 6, 8, 7, 1, 6, 8, 0, 5, 0]
2382840:[3, 2, 1, 8, 0, 9, 3, 0, 1, 1]
238354:[8, 9, 3, 5, 2, 2, 6, 8, 9, 3]
2389862:[8, 3, 4, 7, 5, 0, 4, 6, 0, 3]
2391427:[5, 7, 2, 6, 0, 7, 5, 9, 0, 4]
239142:[8, 5, 1, 5, 8, 0, 9, 2, 0, 5]
2392649:[5, 1, 6, 0, 3, 6, 6, 5, 6, 3]
2400030:[3, 6, 6, 5, 7, 2, 7, 0, 0, 5]
2401580:[4, 2, 8, 8, 5, 0, 1, 5, 4, 1]
2403146:[7, 8, 4, 5, 7, 1, 7, 3, 2, 7]
2407984:[5, 1, 7, 1, 8, 3, 5, 3, 3, 9]
2409161:[1, 3, 3, 0, 8, 4, 1, 8, 1, 2]
2409604:[9, 4, 9, 8, 0, 6, 6, 1, 3, 0]
2410322:[6, 3, 9, 2, 9, 6, 5, 4, 8, 6]
2410554:[3, 2, 2, 4, 5, 3, 8, 7, 1, 3]
2413567:[1, 5, 3, 7, 6, 0, 5, 0, 2, 4]
2418462:[1, 9, 6, 1, 8, 9, 9, 3, 6, 2]
242581:[5, 6, 9, 5, 3, 9, 5, 1, 8, 6]
2433421:[5, 5, 3, 4, 6, 4, 4, 5, 8, 2]
2436048:[4, 5, 7, 8, 5, 6, 3, 0, 9, 5]
2436149:[5, 1, 9, 5, 0, 9, 4, 3, 4, 9]
2441127:[4, 4, 7, 6, 8, 7, 5, 6, 8, 1]
2444141:[5, 5, 8, 2, 0, 3, 1, 4, 3, 0]
244750:[5, 2, 1, 8, 6, 7, 5, 1, 3, 4]
2450648:[4, 3, 8, 3, 1, 0, 5, 5, 9, 6]
2451413:[9, 9, 9, 9, 8, 9, 2, 0, 8, 5]
2456785:[6, 4, 0, 5, 2, 3, 5, 6, 4, 5]
2464320:[4, 7, 7, 7, 5, 2, 5, 2, 9, 6]
2465297:[4, 9, 7, 8, 1, 8, 7, 1, 3, 1]
2471435:[6, 6, 6, 1, 7, 9, 3, 9, 0, 2]
2471512:[9, 4, 3, 4, 7, 9, 1, 9, 5, 3]
2473820:[0, 9, 4, 2, 7, 9, 1, 5, 7, 2]
2481696:[0, 1, 0, 3, 2, 6, 6, 6, 0, 4]
2484193:[0, 2, 8, 8, 5, 7, 5, 7, 1, 0]
248951:[4, 9, 6, 3, 3, 1, 2, 3, 2, 0]
2500601:[7, 2, 8, 4, 6, 3, 7, 3, 8, 0]
2505063:[8, 6, 6, 7, 9, 9, 1, 2, 7, 5]
2512958:[9, 0, 8, 1, 8, 9, 8, 0, 7, 1]
2515228:[5, 3, 5, 2, 0, 8, 2, 9, 9, 5]
2519447:[3, 3, 7, 3, 2, 6, 1, 9, 3, 2]
2524499:[0, 9, 6, 2, 9, 3, 0, 7, 2, 5]
2526788:[2, 1, 9, 6, 0, 2, 5, 4, 1, 5]
2529315:[3, 5, 8, 1, 9, 6, 4, 2, 7, 5]
2531016:[3, 7, 7, 2, 9, 4, 0, 5, 7, 0]
253362:[0, 1, 6, 0, 6, 5, 5, 0, 0, 7]
2536690:[7, 2, 9, 1, 4, 1, 8, 2, 2, 8]
2538505:[2, 1, 7, 4, 3, 1, 6, 6, 9, 2]
2545832:[3, 8, 0, 3, 2, 4, 8, 8, 7, 6]
2557127:[4, 6, 6, 3, 9, 9, 0, 0, 8, 3]
2563316:[9, 4, 8, 2, 3, 4, 0, 2, 6, 3]
2570840:[8, 3, 3, 0, 3, 6, 1, 4, 8, 6]
2571058:[8, 9, 4, 5, 9, 6, 6, 7, 8, 9]
2572498:[5, 0, 9, 4, 8, 1, 2, 5, 3, 1]
2574992:[7, 9, 2, 6, 0, 3, 6, 2, 8, 2]
2576565:[2, 9, 4, 4, 8, 1, 5, 3, 0, 2]
2581635:[1, 7, 9, 9, 7, 7, 1, 5, 1, 6]
2586432:[9, 0, 4, 0, 0, 3, 1, 4, 6, 1]
2589321:[0, 6, 5, 1, 8, 1, 3, 3, 9, 6]
2592054:[0, 1, 4, 6, 9, 5, 2, 3, 8, 8]
2592729:[1, 9, 1, 3, 4, 3, 2, 7, 9, 2]
2593790:[9, 1, 0, 3, 7, 6, 7, 2, 5, 5]
2596519:[5, 4, 7, 4, 6, 2, 1, 8, 3, 2]
2602036:[0, 2, 6, 5, 6, 0, 0, 2, 8, 4]
2602211:[9, 2, 5, 1, 1, 9, 3, 0, 3, 4]
2603126:[5, 0, 1, 1, 4, 7, 6, 0, 3, 1]
2615865:[5, 9, 2, 9, 7, 2, 7, 7, 4, 1]
2619141:[9, 3, 4, 1, 1, 8, 6, 2, 2, 6]
2621399:[8, 9, 4, 4, 1, 6, 5, 7, 7, 2]
2622538:[0, 2, 9, 6, 0, 6, 7, 1, 3, 6]
2627481:[1, 9, 4, 1, 4, 7, 1, 5, 2, 4]
2628533:[3, 4, 0, 4, 7, 0, 7, 4, 7, 2]
2630113:[0, 0, 7, 2, 8, 4, 6, 2, 5, 4]
2632298:[8, 0, 1, 5, 8, 0, 9, 8, 0, 1]
2633866:[9, 4, 9, 5, 0, 3, 1, 5, 8, 4]
263493:[4, 6, 4, 1, 3, 1, 6, 8, 1, 6]
26386:[4, 2, 3, 6, 3, 7, 8, 0, 5, 3]
2640472:[0, 4, 4, 7, 0, 7, 6, 7, 5, 2]
2640646:[3, 9, 8, 6, 6, 4, 9, 3, 0, 9]
2640936:[3, 2, 1, 1, 8, 2, 7, 6, 1, 0]
2641954:[2, 9, 5, 8, 2, 2, 0, 7, 7, 2]
264265:[9, 4, 3, 1, 7, 7, 9, 8, 1, 6]
264469:[9, 1, 4, 7, 4, 8, 1, 3, 6, 2]
2647407:[1, 2, 4, 5, 6, 6, 7, 6, 2, 7]
2656010:[5, 9, 8, 4, 1, 9, 8, 8, 1, 5]
2657291:[5, 2, 7, 7, 5, 0, 4, 5, 7, 7]
2664806:[9, 9, 1, 6, 1, 2, 0, 0, 0, 1]
2669091:[7, 7, 6, 5, 3, 7, 7, 6, 4, 6]
2671951:[4, 3, 1, 9, 7, 6, 1, 4, 7, 9]
2672021:[8, 2, 6, 5, 9, 7, 1, 0, 1, 4]
2674344:[0, 2, 9, 0, 8, 2, 6, 2, 7, 7]
2683724:[1, 0, 8, 1, 5, 1, 3, 5, 9, 9]
2684799:[7, 3, 7, 2, 0, 3, 9, 2, 3, 0]
2689449:[2, 5, 6, 8, 3, 6, 9, 5, 2, 3]
2690678:[4, 9, 9, 3, 9, 4, 6, 5, 9, 9]
269080:[6, 9, 2, 8, 4, 7, 5, 9, 2, 2]
2694051:[5, 9, 1, 5, 7, 3, 5, 9, 5, 8]
2695021:[1, 1, 4, 9, 7, 4, 5, 5, 8, 3]
2696123:[4, 7, 7, 2, 6, 5, 1, 5, 2, 2]
2696863:[5, 7, 6, 0, 1, 7, 7, 0, 6, 8]
2710405:[5, 3, 0, 3, 5, 2, 4, 0, 6, 2]
271295:[5, 9, 8, 6, 9, 2, 1, 7, 7, 8]
2713295:[0, 6, 5, 5, 0, 2, 6, 2, 1, 1]
2718626:[6, 6, 0, 6, 4, 8, 0, 1, 9, 9]
2724140:[2, 9, 2, 9, 9, 3, 0, 6, 2, 6]
2725201:[4, 5, 6, 7, 3, 4, 4, 0, 0, 8]
2732560:[5, 0, 7, 9, 3, 5, 2, 8, 0, 4]
2733777:[4, 3, 9, 2, 7, 7, 0, 1, 0, 6]
2740983:[5, 5, 1, 5, 0, 3, 4, 2, 1, 6]
2741896:[5, 7, 5, 8, 7, 4, 8, 7, 6, 2]
2742175:[7, 4, 5, 9, 6, 3, 5, 5, 8, 0]
2742216:[4, 3, 8, 4, 2, 6, 2, 9, 8, 3]
2747971:[5, 1, 0, 5, 1, 7, 0, 1, 8, 6]
2748744:[7, 2, 8, 4, 6, 3, 4, 8, 8, 6]
2757726:[1, 5, 6, 1, 2, 1, 1, 9, 4, 6]
2759567:[9, 1, 1, 0, 4, 8, 7, 2, 0, 7]
276140:[5, 1, 7, 7, 3, 2, 2, 3, 0, 3]
2768384:[7, 3, 4, 8, 6, 7, 7, 9, 1, 0]
2773492:[4, 0, 5, 9, 4, 1, 9, 0, 6, 5]
2779291:[3, 5, 5, 3, 9, 0, 4, 6, 3, 3]
2785118:[7, 6, 1, 1, 0, 4, 4, 6, 0, 7]
2788235:[1, 1, 4, 9, 7, 2, 5, 2, 5, 3]
2793661:[9, 4, 6, 6, 7, 1, 5, 0, 9, 2]
2795072:[9, 1, 5, 8, 7, 5, 2, 8, 9, 0]
2798508:[5, 0, 9, 4, 8, 1, 0, 2, 5, 0]
2799176:[9, 1, 1, 5, 9, 2, 8, 2, 0, 6]
2804334:[3, 4, 7, 1, 6, 3, 4, 6, 7, 2]
2805030:[1, 5, 4, 2, 2, 7, 2, 4, 5, 9]
2810980:[3, 1, 9, 3, 7, 5, 0, 2, 0, 6]
2813932:[1, 1, 7, 7, 8, 5, 7, 7, 7, 0]
2814793:[6, 4, 4, 5, 9, 3, 2, 8, 8, 7]
2818148:[7, 9, 4, 5, 1, 7, 7, 8, 0, 8]
2818970:[9, 3, 6, 6, 0, 5, 3, 3, 5, 0]
2820097:[9, 8, 6, 8, 7, 1, 8, 2, 9, 8]
2824735:[9, 2, 9, 4, 3, 7, 9, 7, 8, 0]
2825532:[8, 1, 6, 2, 3, 2, 0, 1, 1, 1]
2825727:[5, 4, 1, 0, 6, 8, 4, 9, 6, 6]
2827638:[6, 4, 4, 9, 0, 2, 6, 3, 3, 1]
2831325:[7, 3, 3, 9, 7, 8, 9, 6, 1, 3]
2831348:[0, 0, 9, 6, 0, 4, 5, 0, 4, 9]
2833742:[3, 9, 1, 7, 7, 3, 9, 3, 0, 1]
2833848:[0, 8, 3, 7, 8, 2, 1, 2, 4, 8]
28386:[9, 7, 4, 1, 8, 1, 6, 6, 2, 1]
2840023:[6, 8, 6, 6, 0, 7, 2, 9, 0, 9]
2841742:[2, 1, 0, 0, 5, 7, 4, 4, 4, 7]
2842095:[9, 8, 8, 2, 6, 0, 5, 6, 7, 8]
2846094:[9, 2, 0, 2, 2, 7, 2, 1, 0, 5]
2847357:[4, 6, 1, 2, 2, 7, 2, 3, 9, 4]
2848213:[0, 1, 3, 2, 6, 9, 6, 4, 8, 0]
2850351:[9, 4, 5, 7, 1, 4, 8, 9, 5, 2]
285572:[9, 6, 2, 5, 7, 5, 1, 9, 5, 4]
2858656:[1, 4, 6, 3, 4, 1, 8, 4, 0, 8]
2864656:[4, 1, 4, 1, 9, 7, 2, 6, 6, 2]
2868204:[7, 8, 9, 9, 6, 2, 4, 6, 8, 5]
2871366:[0, 5, 5, 1, 6, 4, 0, 6, 2, 4]
2872032:[4, 3, 4, 3, 2, 4, 3, 3, 9, 8]
2872268:[2, 0, 3, 0, 0, 3, 1, 8, 5, 3]
2876557:[1, 4, 7, 0, 6, 8, 0, 4, 3, 7]
2877757:[9, 1, 2, 2, 0, 5, 8, 8, 3, 4]
287798:[4, 4, 5, 3, 2, 7, 5, 0, 4, 0]
2878480:[4, 0, 2, 6, 1, 0, 8, 8, 9, 9]
2879948:[0, 2, 7, 1, 1, 3, 5, 0, 4, 6]
2880496:[3, 6, 3, 7, 9, 6, 8, 8, 0, 7]
2886961:[3, 6, 2, 2, 8, 9, 2, 5, 8, 6]
2887106:[9, 6, 0, 7, 6, 2, 5, 0, 3, 4]
2887876:[3, 0, 4, 3, 0, 5, 9, 4, 6, 0]
2888310:[8, 8, 5, 9, 2, 7, 7, 8, 2, 1]
2890369:[2, 3, 4, 5, 8, 1, 7, 9, 4, 1]
2894587:[9, 9, 8, 0, 6, 5, 4, 2, 5, 0]
2898249:[2, 5, 4, 9, 5, 9, 5, 1, 4, 3]
2902095:[7, 9, 6, 1, 0, 6, 2, 9, 1, 5]
2902299:[2, 6, 6, 4, 8, 2, 8, 4, 7, 5]
2914279:[8, 6, 2, 0, 1, 2, 4, 5, 8, 8]
291769:[4, 4, 3, 6, 4, 7, 4, 1, 3, 3]
2918405:[1, 9, 5, 1, 9, 4, 3, 0, 7, 0]
2918475:[8, 7, 5, 7, 2, 9, 5, 4, 8, 3]
2923537:[5, 9, 9, 6, 9, 9, 5, 6, 2, 5]
2924937:[8, 5, 9, 1, 6, 9, 1, 5, 9, 2]
2925126:[5, 0, 2, 4, 2, 6, 4, 5, 4, 8]
2925370:[6, 9, 2, 9, 0, 7, 9, 0, 7, 1]
2928103:[2, 6, 7, 9, 9, 9, 3, 1, 4, 5]
2928341:[9, 7, 6, 4, 5, 3, 9, 8, 4, 2]
2929399:[5, 2, 2, 7, 4, 0, 9, 2, 7, 3]
2933629:[3, 2, 7, 9, 1, 3, 2, 9, 2, 0]
2935033:[2, 9, 1, 1, 3, 6, 2, 9, 6, 9]
2937127:[0, 7, 9, 4, 5, 7, 9, 9, 3, 3]
2940587:[9, 0, 4, 1, 2, 1, 7, 8, 8, 0]
2948074:[0, 9, 4, 5, 9, 4, 7, 2, 9, 8]
2952039:[8, 8, 9, 7, 8, 5, 3, 2, 0, 8]
2952171:[7, 5, 0, 9, 5, 8, 1, 9, 7, 5]
2955202:[1, 6, 1, 0, 9, 5, 8, 1, 3, 2]
2959298:[6, 3, 2, 7, 2, 9, 9, 1, 9, 6]
2961986:[9, 9, 3, 0, 3, 1, 7, 3, 1, 4]
2966830:[7, 0, 1, 5, 9, 2, 4, 3, 1, 2]
2972262:[5, 2, 6, 6, 5, 3, 0, 8, 7, 5]
2975437:[6, 5, 7, 4, 5, 5, 3, 2, 8, 3]
2977443:[2, 3, 8, 1, 7, 5, 5, 5, 1, 7]
2979368:[6, 3, 3, 5, 9, 4, 5, 9, 7, 0]
2982196:[6, 6, 2, 7, 0, 4, 6, 3, 6, 1]
2986914:[9, 7, 8, 1, 8, 0, 8, 1, 2, 0]
2991991:[7, 4, 5, 2, 2, 0, 5, 2, 7, 6]
2998358:[2, 6, 1, 0, 9, 9, 2, 6, 7, 3]
3004484:[1, 5, 7, 0, 9, 1, 4, 8, 4, 6]
3005515:[4, 6, 2, 5, 7, 3, 4, 8, 2, 1]
3009218:[4, 4, 2, 1, 9, 3, 1, 4, 8, 6]
3011018:[7, 8, 6, 1, 5, 9, 2, 8, 5, 9]
3013851:[5, 7, 2, 5, 3, 9, 5, 9, 1, 6]
3014774:[1, 5, 0, 1, 1, 4, 3, 3, 4, 9]
3015626:[3, 4, 2, 2, 9, 2, 2, 8, 9, 9]
3025066:[3, 0, 4, 7, 8, 4, 5, 8, 8, 8]
3031754:[4, 4, 9, 4, 8, 8, 8, 4, 3, 5]
3034448:[8, 2, 0, 9, 1, 2, 4, 7, 4, 9]
3037765:[6, 2, 4, 9, 9, 0, 2, 8, 0, 1]
3037926:[0, 1, 2, 2, 2, 0, 8, 6, 0, 4]
3041966:[7, 5, 1, 9, 1, 6, 2, 1, 4, 1]
3041983:[1, 8, 4, 5, 9, 7, 6, 3, 7, 5]
3046098:[4, 7, 6, 7, 4, 4, 0, 8, 1, 1]
3048419:[9, 7, 1, 0, 0, 0, 8, 9, 5, 2]
3049686:[8, 0, 9, 0, 3, 7, 8, 2, 0, 9]
3055763:[8, 9, 5, 6, 6, 0, 0, 4, 2, 8]
3057701:[5, 5, 8, 7, 2, 9, 6, 0, 7, 6]
306001:[9, 4, 5, 5, 8, 7, 9, 0, 3, 6]
3067996:[3, 5, 7, 7, 2, 3, 6, 8, 8, 4]
3069186:[2, 5, 1, 7, 8, 7, 4, 5, 0, 1]
3071537:[0, 8, 9, 6, 5, 7, 3, 7, 4, 8]
3072470:[1, 0, 7, 5, 5, 9, 8, 7, 6, 3]
3073898:[3, 6, 7, 8, 5, 3, 6, 2, 3, 3]
3074890:[0, 5, 7, 6, 5, 4, 8, 2, 5, 5]
3076317:[2, 7, 7, 0, 6, 5, 9, 3, 7, 1]
307719:[8, 9, 6, 7, 0, 0, 2, 2, 5, 5]
3077242:[8, 5, 2, 7, 2, 7, 0, 9, 8, 7]
3078643:[8, 8, 4, 9, 7, 9, 1, 1, 1, 1]
308279:[4, 7, 6, 6, 4, 5, 2, 9, 7, 8]
3083193:[0, 1, 6, 5, 4, 7, 8, 0, 2, 8]
308368:[6, 3, 8, 3, 7, 9, 3, 0, 9, 1]
3086435:[6, 6, 7, 0, 2, 6, 9, 5, 2, 4]
3092142:[5, 2, 7, 6, 0, 8, 1, 6, 2, 8]
3105775:[2, 1, 4, 5, 9, 7, 4, 4, 1, 2]
3108002:[0, 1, 1, 8, 2, 5, 9, 6, 9, 8]
3109132:[1, 6, 1, 6, 7, 8, 9, 2, 3, 1]
311015:[6, 1, 6, 7, 3, 4, 1, 3, 0, 5]
3114473:[3, 8, 2, 1, 2, 6, 7, 4, 5, 2]
3117587:[7, 0, 4, 8, 1, 2, 7, 1, 2, 6]
3118710:[6, 1, 9, 5, 0, 0, 5, 6, 0, 3]
3119271:[6, 5, 3, 9, 4, 6, 6, 0, 2, 1]
311942:[4, 0, 7, 9, 1, 0, 0, 1, 1, 5]
312049:[6, 8, 5, 2, 1, 7, 8, 4, 1, 3]
3120899:[8, 2, 8, 5, 0, 7, 7, 2, 7, 1]
3125371:[3, 2, 0, 5, 8, 8, 6, 5, 9, 9]
3129382:[2, 9, 6, 7, 8, 0, 7, 2, 4, 3]
3140251:[4, 4, 7, 1, 5, 0, 3, 7, 2, 2]
3141015:[7, 5, 8, 3, 2, 2, 0, 6, 1, 6]
314104:[7, 7, 4, 5, 9, 2, 5, 2, 2, 3]
3142047:[0, 1, 9, 3, 2, 3, 5, 0, 9, 5]
3142660:[4, 6, 4, 6, 2, 7, 2, 4, 3, 4]
3143172:[4, 5, 7, 7, 7, 5, 4, 2, 1, 6]
3148324:[8, 8, 5, 0, 7, 8, 9, 4, 0, 2]
3148400:[1, 7, 5, 9, 4, 7, 1, 6, 0, 6]
3148709:[7, 3, 1, 2, 6, 0, 3, 1, 6, 6]
3153815:[6, 9, 8, 7, 2, 7, 8, 7, 2, 9]
3154207:[5, 0, 9, 4, 7, 0, 5, 5, 4, 2]
3157937:[0, 9, 6, 4, 9, 7, 1, 4, 0, 6]
315862:[7, 5, 9, 9, 4, 2, 1, 9, 8, 0]
3159834:[6, 7, 2, 1, 4, 9, 3, 8, 9, 7]
3161421:[6, 0, 9, 9, 1, 7, 6, 4, 0, 1]
3166172:[9, 5, 0, 8, 8, 6, 7, 6, 5, 9]
3169899:[4, 0, 1, 4, 2, 2, 2, 0, 8, 0]
3170206:[7, 4, 9, 8, 5, 2, 8, 4, 3, 9]
3170295:[9, 3, 2, 1, 7, 2, 9, 3, 5, 8]
3172756:[9, 3, 6, 3, 0, 1, 7, 5, 1, 9]
317482:[2, 8, 0, 0, 6, 5, 9, 9, 8, 1]
3176516:[7, 0, 2, 9, 9, 9, 5, 0, 2, 6]
3178963:[0, 3, 3, 6, 8, 3, 6, 5, 9, 6]
3179514:[3, 6, 8, 5, 9, 4, 6, 2, 2, 8]
318924:[1, 1, 2, 0, 5, 6, 4, 2, 1, 1]
3194805:[5, 4, 8, 5, 5, 0, 5, 4, 2, 1]
3196973:[1, 0, 9, 0, 8, 6, 2, 1, 7, 2]
3197783:[1, 0, 1, 0, 4, 8, 9, 5, 7, 7]
3202378:[8, 1, 2, 5, 5, 6, 2, 4, 6, 0]
3206020:[1, 6, 8, 6, 5, 9, 1, 3, 2, 8]
3207608:[6, 8, 2, 0, 6, 1, 2, 6, 3, 2]
3213524:[2, 8, 4, 7, 9, 6, 0, 7, 7, 4]
3218490:[3, 7, 5, 7, 5, 5, 8, 5, 9, 5]
3221580:[9, 3, 7, 3, 4, 0, 7, 1, 3, 8]
3222462:[0, 8, 9, 0, 6, 0, 8, 3, 6, 8]
3223226:[8, 6, 3, 3, 4, 4, 6, 3, 2, 5]
3224518:[5, 5, 0, 6, 6, 3, 1, 2, 8, 2]
3225498:[5, 3, 2, 3, 4, 6, 9, 1, 2, 1]
3229031:[9, 5, 3, 0, 4, 5, 3, 1, 0, 2]
3229462:[8, 1, 9, 5, 2, 2, 4, 9, 8, 7]
3233615:[8, 7, 6, 9, 1, 1, 8, 8, 3, 9]
3234950:[5, 7, 4, 2, 7, 6, 5, 9, 1, 8]
3237230:[5, 5, 1, 7, 8, 7, 2, 5, 0, 1]
3237913:[2, 5, 5, 5, 3, 1, 8, 9, 4, 1]
3238247:[7, 7, 9, 7, 5, 6, 9, 9, 5, 9]
3243325:[0, 0, 6, 4, 8, 6, 9, 8, 6, 0]
3244240:[1, 8, 4, 3, 0, 7, 6, 2, 2, 9]
3250886:[5, 4, 6, 8, 8, 3, 4, 8, 1, 3]
3251661:[9, 4, 8, 9, 1, 1, 9, 1, 0, 1]
3252645:[5, 8, 1, 2, 8, 3, 7, 3, 7, 2]
3257397:[6, 6, 1, 2, 6, 3, 8, 0, 5, 1]
3261373:[2, 4, 9, 8, 8, 9, 4, 4, 8, 4]
3264196:[8, 1, 9, 0, 6, 0, 9, 7, 5, 4]
3267260:[7, 6, 8, 5, 0, 7, 7, 4, 5, 7]
3269308:[9, 8, 3, 0, 0, 0, 7, 3, 4, 2]
32855:[5, 0, 7, 4, 1, 8, 9, 6, 0, 9]
328904:[0, 7, 9, 0, 1, 1, 8, 1, 8, 3]
330652:[8, 9, 8, 8, 5, 4, 1, 8, 2, 9]
333808:[6, 6, 4, 0, 2, 0, 2, 5, 6, 9]
334887:[3, 3, 4, 5, 9, 8, 9, 2, 0, 7]
335756:[4, 6, 8, 8, 4, 3, 3, 3, 2, 9]
339842:[7, 9, 7, 7, 3, 4, 3, 0, 4, 3]
340355:[0, 6, 4, 2, 2, 5, 6, 9, 8, 0]
349899:[7, 1, 4, 8, 1, 9, 4, 8, 3, 4]
354669:[2, 3, 1, 2, 4, 0, 5, 9, 2, 0]
357263:[7, 0, 4, 1, 2, 3, 5, 2, 6, 9]
359821:[2, 7, 1, 7, 3, 5, 9, 3, 6, 0]
366560:[3, 0, 9, 3, 0, 0, 3, 3, 9, 7]
371560:[8, 9, 5, 6, 9, 7, 9, 1, 2, 6]
371957:[2, 2, 1, 6, 2, 1, 5, 0, 8, 7]
372373:[8, 3, 4, 6, 0, 8, 8, 2, 2, 2]
372536:[8, 4, 6, 8, 7, 0, 0, 5, 7, 4]
373158:[9, 4, 6, 2, 7, 7, 6, 3, 2, 4]
377524:[1, 4, 8, 7, 1, 8, 3, 8, 3, 2]
378722:[7, 8, 6, 6, 7, 3, 0, 2, 2, 6]
380927:[1, 5, 7, 9, 8, 2, 2, 0, 0, 9]
381395:[1, 0, 2, 9, 9, 9, 4, 3, 7, 0]
381865:[2, 4, 4, 0, 7, 0, 6, 8, 3, 4]
386679:[4, 9, 0, 4, 1, 1, 5, 3, 4, 0]
387301:[2, 8, 4, 7, 2, 7, 8, 6, 1, 1]
387801:[6, 9, 8, 9, 5, 3, 9, 4, 3, 2]
399563:[4, 1, 9, 6, 3, 4, 8, 5, 7, 9]
402449:[1, 1, 8, 1, 7, 8, 0, 7, 5, 3]
404974:[6, 5, 6, 3, 5, 8, 5, 2, 2, 8]
40688:[5, 5, 8, 5, 7, 2, 5, 4, 3, 2]
411384:[6, 0, 5, 0, 7, 4, 3, 7, 8, 5]
41138:[4, 7, 4, 4, 1, 5, 6, 5, 0, 7]
418091:[4, 5, 3, 0, 8, 6, 1, 1, 4, 3]
432398:[3, 5, 6, 0, 1, 4, 5, 9, 6, 1]
436429:[9, 3, 0, 6, 6, 6, 9, 6, 8, 9]
449431:[4, 9, 1, 5, 0, 9, 1, 1, 2, 1]
452292:[2, 7, 2, 9, 2, 9, 3, 6, 5, 1]
464712:[0, 7, 3, 3, 9, 8, 2, 6, 9, 0]
466010:[7, 5, 6, 0, 3, 9, 9, 9, 5, 8]
469375:[9, 4, 4, 2, 8, 5, 1, 1, 9, 2]
469429:[1, 1, 6, 3, 3, 1, 2, 3, 6, 0]
470038:[5, 4, 7, 5, 6, 3, 1, 1, 6, 8]
478172:[4, 2, 8, 7, 3, 5, 1, 2, 6, 3]
478504:[4, 9, 3, 7, 4, 7, 9, 3, 0, 0]
479184:[1, 5, 7, 8, 1, 6, 1, 0, 8, 4]
481604:[3, 8, 6, 0, 4, 3, 7, 6, 4, 0]
481857:[4, 4, 4, 9, 9, 4, 2, 0, 1, 0]
482184:[6, 5, 4, 5, 2, 7, 4, 4, 3, 7]
487681:[2, 7, 2, 8, 2, 9, 5, 8, 6, 4]
493707:[7, 8, 2, 3, 6, 2, 2, 0, 8, 9]
493930:[8, 7, 1, 0, 7, 5, 9, 7, 2, 9]
494835:[9, 7, 6, 0, 7, 3, 5, 2, 0, 5]
497209:[2, 7, 6, 2, 8, 6, 4, 6, 0, 0]
50152:[6, 3, 8, 9, 1, 7, 7, 3, 2, 0]
504837:[8, 7, 6, 5, 2, 7, 5, 8, 3, 0]
50644:[2, 7, 5, 9, 9, 1, 8, 0, 9, 0]
508614:[9, 4, 2, 1, 7, 3, 8, 0, 9, 2]
509329:[0, 2, 5, 1, 5, 3, 6, 0, 9, 2]
512602:[9, 4, 9, 9, 1, 2, 1, 1, 0, 3]
513007:[8, 3, 3, 7, 8, 9, 2, 7, 8, 2]
517923:[6, 1, 0, 5, 8, 6, 2, 4, 0, 5]
528108:[9, 9, 6, 9, 4, 1, 4, 6, 7, 1]
532571:[0, 5, 8, 6, 6, 6, 7, 6, 7, 8]
535850:[3, 4, 7, 8, 9, 5, 7, 4, 0, 1]
53791:[9, 1, 8, 3, 9, 7, 8, 0, 5, 7]
54506:[9, 6, 6, 3, 1, 9, 4, 2, 4, 8]
546458:[3, 4, 5, 1, 3, 3, 2, 9, 1, 7]
553331:[1, 5, 1, 5, 9, 4, 5, 2, 2, 6]
555912:[8, 0, 5, 9, 6, 2, 6, 2, 4, 4]
555938:[3, 3, 9, 1, 4, 0, 5, 4, 6, 3]
557175:[4, 4, 9, 6, 0, 9, 7, 3, 2, 2]
55837:[0, 1, 6, 2, 4, 7, 9, 7, 2, 8]
558941:[4, 9, 6, 2, 2, 3, 9, 2, 4, 9]
559549:[1, 9, 4, 0, 5, 4, 8, 4, 8, 8]
564704:[0, 0, 0, 5, 3, 3, 0, 7, 7, 8]
568209:[5, 9, 4, 3, 4, 2, 0, 3, 2, 8]
569494:[7, 6, 6, 0, 9, 6, 0, 5, 3, 4]
572872:[2, 6, 0, 6, 5, 4, 4, 0, 8, 4]
575725:[5, 7, 0, 9, 0, 3, 2, 3, 0, 9]
577795:[1, 4, 2, 3, 2, 7, 9, 0, 2, 0]
579193:[5, 9, 1, 4, 5, 0, 5, 0, 5, 0]
581913:[2, 4, 4, 5, 2, 6, 5, 6, 2, 7]
582062:[4, 0, 2, 5, 8, 9, 2, 9, 3, 9]
582445:[9, 8, 7, 8, 1, 5, 5, 2, 0, 7]
585826:[4, 2, 5, 1, 8, 4, 6, 0, 4, 8]
588276:[5, 3, 9, 7, 6, 0, 7, 8, 9, 7]
590055:[4, 7, 8, 3, 4, 4, 7, 6, 6, 4]
591141:[5, 6, 8, 2, 8, 7, 6, 8, 6, 6]
591143:[0, 1, 6, 6, 2, 7, 1, 5, 1, 8]
6065:[9, 6, 4, 1, 6, 6, 0, 9, 1, 3]
609572:[3, 3, 6, 9, 8, 2, 1, 5, 7, 7]
611189:[2, 6, 7, 4, 6, 4, 6, 2, 6, 6]
620341:[1, 0, 4, 2, 1, 7, 6, 5, 6, 2]
626471:[5, 0, 0, 4, 8, 5, 7, 6, 9, 1]
626926:[1, 4, 1, 1, 6, 6, 5, 1, 1, 9]
631755:[8, 5, 9, 8, 6, 3, 0, 0, 1, 1]
631792:[4, 6, 4, 7, 4, 5, 5, 7, 5, 2]
638542:[3, 0, 5, 3, 6, 3, 8, 1, 1, 0]
640110:[0, 6, 5, 8, 9, 7, 2, 6, 3, 2]
640509:[3, 2, 5, 0, 0, 5, 7, 4, 7, 6]
645165:[5, 5, 9, 6, 1, 1, 0, 3, 3, 4]
64539:[4, 5, 9, 0, 4, 0, 7, 2, 9, 1]
646073:[7, 2, 3, 3, 3, 0, 7, 3, 9, 9]
647670:[2, 5, 4, 0, 2, 7, 1, 3, 2, 4]
654191:[0, 4, 3, 0, 3, 4, 6, 7, 7, 1]
657463:[9, 4, 5, 2, 4, 3, 2, 2, 0, 1]
661857:[0, 2, 6, 2, 3, 7, 5, 3, 9, 2]
672021:[3, 6, 3, 1, 7, 2, 0, 1, 8, 5]
680044:[6, 1, 9, 2, 8, 5, 8, 8, 2, 7]
68012:[5, 3, 7, 9, 7, 3, 5, 8, 1, 8]
686409:[7, 3, 2, 2, 9, 6, 1, 0, 5, 5]
688849:[6, 1, 0, 5, 6, 1, 3, 1, 5, 0]
689759:[4, 7, 7, 4, 9, 9, 1, 8, 3, 1]
690340:[4, 6, 4, 6, 6, 6, 1, 7, 3, 8]
692767:[0, 4, 7, 5, 9, 5, 5, 7, 1, 8]
697847:[4, 2, 7, 5, 8, 3, 5, 7, 7, 9]
712712:[8, 5, 7, 7, 1, 0, 2, 4, 5, 2]
715742:[7, 8, 5, 4, 8, 3, 4, 0, 3, 8]
717226:[4, 8, 2, 2, 7, 9, 8, 7, 3, 8]
718411:[1, 6, 3, 0, 1, 2, 2, 9, 8, 8]
719219:[5, 0, 8, 3, 4, 0, 5, 9, 2, 6]
721255:[5, 1, 0, 9, 0, 6, 2, 9, 8, 9]
726066:[9, 1, 9, 5, 4, 6, 8, 8, 9, 5]
726437:[3, 2, 3, 0, 3, 9, 1, 6, 5, 0]
731309:[0, 7, 1, 8, 9, 8, 3, 5, 9, 3]
734735:[0, 4, 1, 6, 2, 1, 8, 1, 7, 4]
736784:[0, 1, 8, 4, 5, 7, 0, 2, 7, 0]
739245:[7, 9, 1, 2, 6, 7, 6, 8, 0, 4]
740923:[0, 7, 8, 3, 8, 8, 0, 9, 0, 9]
741100:[0, 1, 1, 4, 9, 3, 4, 9, 3, 5]
743118:[8, 0, 9, 1, 4, 6, 8, 5, 8, 3]
743947:[4, 1, 7, 9, 7, 5, 2, 4, 3, 0]
744950:[7, 2, 3, 3, 3, 6, 7, 3, 8, 1]
747957:[1, 5, 5, 0, 5, 7, 0, 3, 8, 8]
753088:[4, 5, 8, 8, 9, 7, 5, 5, 9, 4]
754373:[8, 1, 4, 5, 9, 1, 3, 8, 2, 0]
763061:[3, 4, 4, 3, 3, 2, 2, 3, 4, 5]
764245:[1, 8, 0, 4, 1, 8, 3, 7, 1, 5]
772213:[4, 3, 6, 2, 9, 3, 9, 6, 5, 2]
776844:[4, 6, 1, 7, 6, 4, 6, 0, 3, 2]
77751:[7, 8, 4, 2, 4, 1, 4, 7, 4, 7]
783222:[7, 2, 8, 7, 9, 4, 4, 0, 7, 5]
789603:[1, 3, 2, 2, 0, 2, 9, 1, 2, 1]
793171:[2, 4, 7, 6, 1, 6, 9, 3, 8, 5]
796776:[8, 1, 5, 9, 5, 5, 2, 0, 2, 8]
802096:[2, 3, 1, 9, 4, 9, 5, 1, 0, 2]
802606:[3, 7, 7, 3, 4, 3, 7, 9, 0, 1]
805326:[5, 4, 7, 0, 1, 8, 5, 1, 0, 0]
806496:[6, 9, 7, 6, 5, 6, 7, 3, 5, 8]
809766:[0, 0, 8, 2, 7, 5, 1, 2, 4, 4]
813826:[8, 6, 0, 0, 9, 7, 9, 0, 0, 6]
820193:[9, 5, 8, 5, 4, 7, 1, 6, 1, 9]
822218:[5, 1, 7, 1, 8, 5, 9, 1, 9, 8]
826839:[7, 8, 9, 3, 5, 5, 3, 4, 4, 2]
827158:[6, 0, 7, 3, 8, 6, 7, 2, 6, 0]
831929:[1, 9, 6, 8, 3, 7, 4, 5, 8, 5]
83260:[6, 6, 8, 6, 0, 6, 7, 9, 2, 1]
833293:[7, 2, 2, 1, 7, 5, 3, 3, 1, 4]
833435:[5, 9, 9, 9, 6, 5, 8, 0, 2, 4]
834819:[7, 6, 9, 0, 6, 1, 9, 7, 7, 4]
835282:[1, 9, 3, 0, 4, 3, 5, 3, 7, 6]
836163:[0, 9, 4, 3, 6, 0, 6, 4, 4, 1]
837587:[0, 8, 4, 9, 8, 4, 3, 8, 2, 9]
837879:[5, 4, 7, 3, 1, 1, 0, 8, 6, 6]
838571:[5, 4, 9, 5, 0, 7, 7, 7, 1, 1]
848266:[9, 5, 0, 4, 2, 9, 7, 2, 7, 0]
848348:[0, 2, 1, 4, 3, 9, 8, 9, 1, 1]
848377:[3, 4, 4, 6, 6, 4, 6, 7, 0, 5]
849264:[6, 4, 7, 3, 0, 5, 8, 5, 7, 9]
853505:[6, 0, 9, 7, 8, 4, 4, 7, 0, 1]
857833:[4, 1, 4, 7, 9, 7, 8, 5, 4, 1]
860079:[0, 7, 6, 8, 8, 5, 9, 6, 6, 4]
86026:[1, 7, 5, 2, 9, 4, 0, 3, 6, 0]
861221:[6, 8, 9, 9, 2, 5, 1, 9, 2, 2]
862224:[3, 7, 4, 4, 2, 9, 2, 3, 5, 4]
86352:[6, 9, 5, 9, 0, 7, 6, 5, 8, 0]
865626:[4, 1, 1, 1, 9, 3, 9, 2, 9, 3]
871661:[4, 7, 6, 0, 1, 7, 0, 9, 2, 0]
873752:[7, 1, 4, 3, 5, 5, 4, 2, 1, 1]
874972:[8, 7, 1, 9, 3, 7, 0, 5, 1, 4]
875252:[5, 9, 1, 1, 4, 3, 3, 0, 4, 8]
881124:[7, 4, 2, 1, 6, 5, 5, 7, 9, 0]
882144:[7, 9, 4, 6, 8, 7, 8, 9, 4, 2]
883622:[6, 0, 7, 4, 0, 0, 1, 8, 7, 5]
885658:[2, 6, 0, 2, 6, 4, 4, 3, 1, 6]
888223:[7, 4, 3, 5, 5, 1, 0, 8, 3, 3]
891681:[9, 8, 4, 9, 2, 7, 8, 9, 3, 9]
893553:[5, 1, 6, 1, 9, 7, 6, 4, 3, 9]
894245:[6, 0, 0, 1, 0, 7, 8, 4, 1, 3]
897205:[2, 2, 0, 3, 6, 3, 2, 5, 1, 1]
898437:[1, 5, 7, 3, 4, 8, 3, 5, 8, 3]
899926:[3, 5, 0, 6, 0, 6, 8, 9, 0, 1]
90317:[2, 5, 2, 4, 0, 1, 9, 8, 1, 9]
906183:[7, 1, 1, 2, 2, 6, 0, 9, 9, 2]
907153:[0, 5, 0, 5, 5, 2, 1, 8, 7, 4]
909636:[8, 3, 9, 0, 2, 3, 7, 0, 0, 2]
912233:[3, 8, 5, 1, 4, 5, 1, 7, 5, 9]
913380:[6, 2, 8, 0, 5, 5, 3, 5, 8, 8]
919664:[2, 2, 8, 8, 9, 2, 0, 1, 9, 7]
923451:[8, 9, 7, 3, 4, 8, 7, 8, 6, 6]
927324:[3, 2, 9, 3, 6, 3, 9, 8, 0, 5]
928887:[4, 3, 0, 4, 2, 0, 8, 4, 3, 9]
931368:[3, 9, 8, 6, 3, 1, 3, 7, 4, 0]
937258:[1, 3, 0, 5, 0, 7, 7, 2, 5, 9]
938174:[4, 7, 6, 5, 7, 0, 5, 5, 8, 5]
941216:[6, 3, 8, 1, 9, 7, 9, 2, 7, 4]
947161:[2, 4, 4, 2, 0, 3, 3, 4, 7, 8]
948508:[3, 2, 6, 1, 9, 6, 4, 1, 4, 4]
954072:[6, 6, 7, 7, 9, 9, 3, 0, 2, 4]
957992:[4, 2, 0, 4, 2, 8, 2, 3, 6, 5]
95842:[1, 0, 5, 0, 8, 0, 1, 0, 6, 0]
958613:[3, 6, 1, 2, 4, 0, 2, 9, 2, 2]
959291:[9, 3, 3, 5, 0, 2, 0, 1, 0, 7]
980157:[0, 7, 9, 8, 8, 0, 2, 9, 7, 9]
984063:[7, 9, 9, 8, 1, 7, 9, 5, 3, 9]
992371:[3, 7, 4, 0, 1, 0, 6, 6, 9, 1]
993723:[9, 0, 8, 6, 7, 6, 6, 0, 4, 1]
995111:[8, 2, 5, 8, 5, 8, 3, 3, 9, 7]
