1000810:[1, 3, 9, 7, 2, 2, 3, 0, 0, 3]
1001084:[8, 1, 4, 8, 2, 6, 3, 0, 7, 5]
100205:[3, 8, 0, 4, 2, 1, 5, 2, 5, 0]
100377:[5, 8, 5, 3, 2, 6, 1, 6, 1, 6]
1003948:[9, 7, 3, 7, 2, 6, 2, 3, 3, 2]
1004258:[5, 1, 6, 9, 5, 5, 0, 5, 7, 4]
1004262:[7, 8, 9, 4, 9, 2, 3, 8, 7, 3]
1004561:[3, 8, 4, 6, 9, 4, 5, 5, 8, 3]
1004637:[0, 3, 9, 3, 0, 2, 2, 5, 7, 8]
1009358:[3, 2, 7, 1, 0, 3, 5, 0, 7, 8]
1010626:[8, 1, 7, 3, 8, 2, 5, 6, 8, 7]
1014184:[8, 1, 1, 8, 0, 5, 0, 9, 6, 8]
1015855:[8, 0, 3, 2, 8, 4, 8, 8, 1, 2]
1021814:[4, 7, 4, 2, 4, 8, 2, 5, 9, 0]
10243:[2, 8, 0, 4, 6, 3, 7, 5, 2, 2]
1025158:[6, 4, 2, 3, 7, 7, 8, 8, 2, 6]
1025327:[5, 9, 1, 8, 2, 7, 6, 4, 6, 8]
1027592:[6, 9, 5, 0, 8, 5, 9, 6, 4, 7]
1028367:[7, 6, 1, 4, 5, 6, 5, 7, 1, 1]
1028935:[0, 3, 2, 1, 8, 5, 0, 9, 9, 6]
1030626:[3, 8, 6, 8, 4, 6, 2, 7, 0, 8]
1033114:[8, 3, 8, 3, 9, 0, 3, 6, 9, 3]
1036414:[3, 2, 0, 0, 0, 0, 6, 0, 8, 8]
1039335:[0, 8, 7, 8, 2, 3, 6, 5, 9, 6]
1040490:[6, 4, 5, 9, 9, 9, 9, 2, 1, 0]
1040555:[5, 8, 3, 3, 7, 0, 1, 6, 9, 9]
1041058:[6, 9, 2, 9, 2, 8, 0, 8, 9, 6]
1041838:[2, 6, 8, 3, 9, 3, 1, 2, 6, 0]
1043991:[7, 1, 3, 9, 8, 3, 5, 2, 1, 7]
1044131:[9, 0, 9, 5, 8, 6, 0, 4, 7, 8]
1045553:[1, 9, 3, 2, 3, 4, 4, 2, 9, 3]
1048613:[4, 7, 7, 5, 0, 4, 3, 0, 8, 4]
1051381:[6, 3, 8, 7, 1, 8, 5, 7, 5, 1]
1055899:[5, 4, 4, 6, 0, 3, 3, 8, 1, 1]
1056140:[0, 3, 3, 3, 2, 2, 5, 4, 1, 3]
1056442:[9, 7, 2, 4, 8, 5, 0, 9, 1, 3]
1057613:[0, 8, 8, 0, 1, 2, 8, 3, 6, 8]
1058521:[5, 9, 4, 3, 3, 3, 2, 5, 8, 2]
1060647:[5, 2, 7, 5, 8, 7, 7, 9, 9, 1]
1061127:[6, 1, 1, 8, 4, 0, 3, 9, 1, 7]
1062638:[8, 1, 3, 4, 1, 6, 3, 7, 2, 7]
1063536:[7, 8, 1, 1, 4, 8, 0, 8, 6, 8]
1065456:[7, 3, 4, 3, 7, 3, 4, 9, 9, 7]
1065586:[0, 0, 8, 2, 7, 0, 5, 3, 9, 7]
1066372:[0, 6, 8, 6, 2, 2, 5, 7, 5, 8]
106760:[3, 2, 6, 5, 2, 7, 9, 5, 9, 6]
106946:[7, 1, 5, 5, 1, 5, 8, 2, 9, 2]
1072266:[5, 0, 3, 2, 7, 1, 9, 6, 1, 4]
107228:[5, 2, 0, 0, 1, 3, 3, 9, 3, 7]
1072469:[3, 8, 8, 6, 1, 7, 8, 4, 0, 7]
1074011:[3, 5, 2, 6, 3, 2, 3, 2, 5, 1]
1077516:[9, 8, 4, 8, 0, 5, 7, 0, 6, 9]
1080291:[8, 3, 1, 8, 0, 1, 1, 7, 6, 9]
1082799:[9, 7, 1, 2, 0, 6, 1, 8, 6, 5]
1087195:[4, 4, 4, 8, 3, 5, 7, 6, 2, 0]
1087530:[8, 1, 3, 5, 1, 2, 1, 6, 7, 7]
1087730:[9, 1, 4, 0, 7, 4, 5, 9, 7, 3]
1089746:[8, 5, 1, 0, 9, 4, 3, 3, 4, 2]
1090725:[8, 0, 0, 1, 4, 0, 7, 6, 1, 9]
1094437:[2, 5, 0, 8, 6, 4, 3, 9, 9, 0]
1096949:[3, 1, 4, 5, 0, 4, 7, 4, 1, 9]
1097511:[0, 0, 2, 3, 6, 4, 4, 3, 6, 1]
110009:[0, 3, 9, 2, 6, 7, 7, 1, 4, 7]
1100903:[0, 0, 0, 7, 9, 1, 3, 8, 8, 9]
1104496:[6, 3, 7, 2, 4, 4, 0, 4, 1, 7]
1107289:[9, 9, 2, 6, 9, 0, 0, 3, 7, 2]
1108750:[9, 3, 1, 3, 7, 0, 1, 5, 3, 8]
1109054:[0, 6, 9, 7, 7, 6, 3, 2, 8, 0]
1109518:[7, 7, 7, 8, 7, 5, 8, 1, 2, 7]
1118164:[3, 9, 0, 2, 3, 2, 2, 8, 5, 1]
1119491:[3, 8, 5, 2, 2, 8, 6, 2, 8, 3]
1120893:[5, 7, 6, 2, 3, 4, 9, 4, 3, 9]
1125088:[8, 9, 1, 1, 7, 9, 5, 2, 8, 5]
1128409:[4, 8, 5, 4, 1, 7, 3, 9, 5, 8]
1132010:[6, 6, 2, 4, 0, 8, 7, 1, 9, 7]
1132570:[5, 8, 0, 3, 3, 4, 3, 3, 8, 7]
1133350:[2, 8, 2, 3, 6, 3, 7, 5, 2, 3]
1136662:[1, 9, 8, 3, 3, 8, 5, 8, 9, 5]
1137256:[0, 9, 0, 7, 7, 8, 8, 0, 0, 3]
1140227:[8, 9, 6, 1, 2, 4, 6, 1, 3, 6]
1142567:[0, 3, 0, 0, 1, 6, 8, 7, 6, 8]
1146954:[2, 1, 0, 1, 1, 7, 4, 0, 1, 8]
1147406:[9, 9, 7, 7, 3, 6, 1, 8, 0, 1]
1147687:[8, 4, 1, 9, 6, 8, 1, 2, 7, 8]
1148406:[6, 1, 2, 3, 5, 7, 7, 3, 9, 6]
1149712:[3, 9, 5, 5, 2, 2, 8, 4, 0, 0]
1149787:[8, 3, 1, 1, 6, 9, 8, 9, 5, 6]
1153206:[9, 0, 4, 2, 7, 6, 5, 8, 8, 6]
1156856:[0, 0, 7, 2, 9, 0, 6, 2, 6, 6]
1157237:[3, 3, 0, 6, 3, 3, 0, 4, 4, 6]
1157793:[0, 9, 5, 7, 9, 4, 3, 0, 8, 9]
1166735:[8, 0, 6, 5, 0, 7, 5, 6, 3, 0]
1167581:[0, 4, 1, 6, 1, 3, 5, 7, 7, 2]
1167810:[0, 2, 1, 8, 7, 6, 2, 3, 9, 9]
1170045:[2, 5, 2, 8, 1, 4, 7, 9, 9, 5]
1170563:[4, 3, 2, 0, 1, 5, 3, 8, 1, 4]
1172481:[8, 2, 5, 2, 6, 4, 6, 9, 6, 3]
1174459:[7, 7, 4, 8, 0, 1, 9, 5, 0, 0]
1181058:[8, 5, 9, 3, 0, 4, 7, 4, 8, 7]
1188469:[2, 3, 7, 2, 5, 3, 0, 0, 5, 3]
1190311:[9, 5, 6, 8, 5, 4, 3, 3, 6, 0]
1192315:[4, 3, 9, 4, 1, 0, 4, 5, 0, 9]
1196442:[8, 6, 8, 6, 2, 7, 8, 7, 0, 8]
1196616:[1, 4, 4, 2, 3, 7, 8, 8, 8, 7]
1197677:[1, 6, 1, 1, 0, 5, 2, 8, 0, 3]
1200463:[6, 1, 2, 8, 9, 6, 3, 7, 5, 0]
120209:[4, 2, 7, 0, 6, 8, 0, 8, 3, 7]
1206245:[1, 0, 5, 3, 9, 3, 3, 9, 0, 3]
1206744:[0, 8, 0, 6, 4, 4, 0, 2, 2, 3]
1210346:[8, 3, 3, 2, 7, 6, 3, 4, 4, 2]
1211152:[2, 7, 2, 5, 5, 4, 6, 5, 7, 4]
1213874:[7, 7, 5, 5, 7, 8, 0, 5, 8, 3]
1216635:[4, 3, 8, 5, 9, 2, 0, 9, 0, 5]
1218733:[4, 9, 6, 1, 1, 8, 5, 3, 8, 4]
1219010:[0, 8, 8, 8, 6, 5, 7, 5, 3, 4]
1219295:[1, 4, 8, 1, 4, 5, 3, 4, 4, 3]
1220863:[7, 0, 1, 6, 8, 0, 0, 9, 4, 9]
1224712:[0, 4, 0, 2, 7, 6, 3, 4, 0, 2]
1225989:[9, 9, 0, 8, 4, 4, 3, 5, 8, 6]
1233085:[6, 0, 8, 2, 2, 9, 1, 5, 7, 5]
1239310:[7, 1, 2, 5, 3, 9, 6, 1, 8, 8]
124026:[3, 4, 0, 4, 0, 0, 5, 8, 6, 6]
1243530:[6, 9, 2, 8, 2, 6, 3, 8, 7, 0]
1245693:[7, 7, 2, 3, 7, 0, 2, 1, 2, 6]
1245814:[8, 1, 3, 7, 1, 2, 8, 1, 9, 8]
1247971:[0, 4, 0, 6, 2, 1, 1, 8, 3, 9]
124926:[6, 8, 4, 0, 9, 2, 6, 2, 5, 6]
1250184:[9, 6, 5, 9, 8, 5, 1, 5, 0, 5]
1250751:[0, 9, 2, 0, 9, 4, 0, 7, 0, 7]
1250797:[3, 6, 5, 2, 7, 4, 2, 3, 0, 0]
1251243:[6, 6, 4, 3, 3, 0, 2, 3, 4, 4]
1251671:[6, 0, 5, 2, 7, 7, 1, 6, 9, 8]
1253314:[0, 0, 1, 3, 7, 7, 8, 8, 8, 8]
1253580:[7, 8, 6, 9, 2, 6, 8, 5, 9, 1]
1262798:[0, 4, 2, 0, 4, 7, 0, 0, 4, 8]
1264563:[1, 2, 0, 1, 1, 1, 4, 8, 8, 9]
1266681:[9, 3, 7, 8, 0, 4, 9, 1, 2, 0]
1267498:[8, 7, 8, 6, 8, 5, 3, 5, 5, 8]
126785:[0, 7, 9, 2, 3, 3, 9, 0, 5, 7]
126787:[7, 8, 3, 2, 3, 2, 3, 6, 1, 0]
127163:[1, 8, 5, 2, 8, 5, 6, 5, 5, 2]
127256:[8, 6, 2, 1, 7, 7, 4, 9, 9, 2]
1273171:[6, 0, 0, 8, 0, 6, 8, 2, 5, 7]
1273660:[4, 3, 9, 9, 4, 6, 8, 3, 5, 9]
1276426:[8, 4, 6, 6, 8, 7, 1, 0, 2, 7]
1276813:[8, 8, 7, 2, 8, 2, 6, 3, 2, 8]
127792:[4, 7, 3, 8, 4, 7, 2, 2, 9, 8]
1281977:[4, 5, 0, 9, 9, 4, 6, 4, 8, 8]
1283280:[7, 6, 5, 7, 8, 1, 4, 2, 6, 1]
1285105:[9, 0, 2, 4, 1, 4, 3, 5, 1, 5]
1287325:[0, 9, 0, 9, 6, 0, 6, 0, 9, 2]
1289657:[4, 6, 6, 1, 6, 5, 8, 1, 4, 6]
1295303:[7, 2, 0, 8, 4, 4, 8, 5, 6, 8]
1295360:[8, 8, 0, 5, 5, 7, 6, 3, 8, 3]
129587:[7, 9, 5, 6, 0, 2, 2, 8, 8, 5]
1297006:[8, 0, 9, 2, 4, 2, 4, 0, 3, 5]
1300397:[8, 9, 8, 5, 8, 9, 0, 0, 2, 6]
130152:[8, 8, 5, 0, 0, 5, 3, 8, 8, 8]
1303013:[4, 9, 2, 1, 7, 8, 3, 5, 3, 3]
1303434:[5, 3, 0, 8, 9, 0, 6, 1, 4, 2]
1303564:[8, 1, 3, 2, 7, 1, 5, 0, 5, 2]
1306027:[9, 5, 3, 8, 2, 7, 7, 5, 9, 6]
1309711:[5, 7, 7, 1, 1, 5, 7, 5, 7, 9]
1310454:[5, 5, 1, 3, 5, 4, 6, 5, 9, 9]
1312764:[8, 1, 3, 0, 3, 9, 9, 4, 9, 2]
1317572:[5, 5, 7, 7, 4, 7, 9, 9, 5, 9]
1318601:[7, 4, 7, 7, 9, 0, 3, 9, 6, 9]
1323446:[4, 0, 8, 8, 5, 8, 5, 9, 0, 7]
1324297:[3, 1, 3, 7, 4, 7, 3, 1, 2, 6]
1327570:[5, 2, 3, 2, 5, 2, 7, 8, 0, 0]
1328239:[0, 0, 1, 3, 8, 4, 5, 9, 8, 2]
1328880:[8, 3, 6, 0, 7, 4, 4, 6, 8, 9]
1329209:[0, 2, 4, 9, 0, 3, 9, 4, 0, 3]
1340976:[3, 0, 8, 6, 3, 2, 7, 6, 4, 0]
134227:[8, 1, 1, 7, 2, 4, 7, 1, 1, 5]
1344992:[3, 5, 3, 2, 3, 2, 2, 9, 0, 1]
134611:[3, 9, 5, 2, 2, 5, 5, 7, 9, 6]
1346513:[3, 8, 2, 5, 1, 9, 4, 4, 3, 1]
1347393:[8, 0, 8, 3, 3, 2, 5, 5, 4, 1]
1348033:[4, 4, 9, 9, 4, 0, 8, 6, 9, 5]
1348496:[6, 9, 6, 1, 5, 9, 3, 5, 6, 9]
1353936:[6, 1, 4, 0, 2, 5, 8, 1, 7, 5]
1353964:[8, 9, 0, 3, 7, 5, 0, 3, 2, 5]
1354372:[7, 9, 7, 7, 6, 1, 1, 8, 6, 9]
135505:[7, 9, 3, 9, 4, 4, 6, 9, 6, 0]
1355231:[2, 3, 1, 1, 6, 4, 5, 1, 0, 9]
1358388:[5, 9, 2, 2, 3, 6, 8, 8, 9, 6]
1360520:[4, 0, 2, 8, 4, 0, 3, 5, 7, 3]
1361992:[6, 0, 2, 8, 0, 9, 1, 6, 4, 3]
1362202:[6, 4, 4, 9, 3, 3, 4, 8, 2, 4]
1365949:[0, 8, 6, 5, 8, 5, 8, 8, 4, 7]
1366109:[3, 7, 9, 4, 7, 5, 3, 9, 4, 7]
1366407:[6, 4, 6, 6, 9, 0, 8, 2, 7, 3]
1369341:[0, 9, 4, 7, 8, 8, 2, 8, 2, 7]
1375500:[8, 4, 9, 9, 7, 6, 6, 9, 7, 1]
137910:[7, 4, 6, 3, 5, 1, 6, 8, 2, 8]
13793:[5, 4, 5, 4, 5, 4, 5, 9, 2, 1]
1382891:[6, 6, 1, 1, 0, 6, 8, 7, 6, 0]
1385397:[8, 5, 6, 9, 3, 5, 3, 4, 8, 8]
1385955:[6, 8, 8, 3, 3, 1, 6, 1, 6, 6]
1386879:[7, 4, 8, 7, 7, 6, 8, 8, 8, 4]
1391061:[8, 7, 7, 1, 7, 3, 8, 8, 9, 8]
1392769:[7, 8, 7, 9, 1, 4, 1, 1, 5, 4]
139451:[9, 6, 3, 6, 8, 3, 4, 6, 7, 8]
1394683:[1, 5, 5, 0, 5, 2, 7, 3, 8, 2]
1395634:[8, 3, 9, 0, 2, 7, 9, 3, 1, 0]
139655:[0, 7, 8, 4, 8, 2, 3, 9, 0, 2]
1397338:[3, 1, 4, 3, 8, 3, 2, 7, 9, 4]
1397576:[3, 9, 4, 1, 5, 5, 9, 8, 9, 0]
1397808:[9, 8, 8, 4, 7, 9, 6, 5, 3, 6]
1398231:[8, 5, 7, 3, 9, 0, 3, 9, 0, 8]
13984:[6, 4, 0, 0, 1, 7, 0, 9, 7, 6]
1401322:[1, 6, 0, 0, 3, 8, 2, 3, 5, 7]
1402161:[7, 4, 7, 0, 5, 7, 6, 2, 1, 9]
1410886:[1, 3, 4, 3, 0, 8, 1, 4, 8, 1]
1412193:[2, 0, 6, 9, 1, 3, 9, 9, 8, 4]
1412203:[0, 7, 2, 9, 3, 9, 3, 0, 8, 4]
1412766:[6, 3, 1, 9, 7, 6, 5, 6, 1, 3]
1416143:[8, 2, 3, 6, 0, 7, 1, 4, 4, 4]
1419048:[8, 4, 7, 5, 4, 1, 2, 2, 4, 9]
1419824:[7, 2, 0, 2, 1, 3, 1, 3, 6, 2]
1420956:[0, 7, 4, 5, 5, 8, 7, 6, 5, 6]
1422204:[0, 3, 5, 5, 1, 6, 5, 0, 2, 2]
1427763:[2, 8, 7, 1, 5, 7, 9, 0, 9, 6]
1429754:[2, 6, 8, 5, 9, 8, 7, 0, 2, 9]
1431864:[3, 0, 5, 1, 0, 6, 2, 6, 9, 2]
1435417:[0, 1, 0, 4, 2, 9, 8, 1, 0, 6]
1439356:[6, 7, 0, 5, 3, 6, 6, 0, 6, 1]
1439772:[2, 2, 4, 7, 3, 6, 9, 7, 0, 0]
1441769:[0, 0, 3, 1, 7, 6, 8, 5, 6, 4]
1441913:[2, 0, 3, 1, 4, 1, 6, 5, 4, 9]
1442089:[9, 7, 3, 6, 9, 7, 3, 8, 9, 0]
1442246:[5, 4, 6, 9, 0, 5, 9, 4, 0, 8]
1442505:[1, 5, 9, 6, 7, 2, 4, 6, 2, 1]
1442674:[4, 5, 3, 7, 6, 7, 3, 2, 7, 9]
144453:[6, 5, 4, 0, 2, 2, 9, 5, 0, 2]
1445686:[4, 1, 0, 9, 1, 5, 7, 7, 9, 0]
1446734:[3, 4, 3, 4, 2, 3, 7, 2, 4, 1]
1447116:[2, 5, 1, 9, 7, 9, 7, 1, 4, 9]
1447368:[6, 0, 7, 1, 9, 5, 9, 1, 3, 4]
1450107:[9, 0, 6, 5, 4, 6, 2, 0, 6, 3]
1450485:[5, 9, 3, 2, 2, 5, 6, 1, 8, 6]
1451191:[9, 8, 9, 7, 7, 8, 6, 4, 3, 7]
1455776:[5, 2, 6, 0, 9, 3, 6, 1, 7, 2]
1456338:[4, 5, 4, 1, 1, 8, 9, 6, 3, 2]
1456523:[2, 3, 5, 0, 4, 9, 9, 7, 7, 5]
1459825:[5, 8, 4, 5, 1, 5, 8, 7, 8, 8]
1462540:[7, 1, 4, 1, 9, 6, 9, 6, 3, 9]
1463482:[6, 8, 6, 8, 1, 2, 3, 6, 5, 6]
1467941:[6, 7, 6, 6, 2, 1, 6, 9, 8, 1]
1469529:[7, 8, 8, 3, 9, 2, 8, 4, 1, 8]
1469890:[7, 9, 2, 3, 9, 2, 2, 9, 9, 7]
1470562:[4, 0, 8, 4, 0, 8, 6, 4, 6, 6]
147122:[8, 9, 2, 7, 7, 2, 1, 8, 1, 5]
1473928:[8, 9, 5, 3, 3, 0, 8, 9, 0, 3]
147557:[2, 2, 1, 0, 8, 2, 6, 1, 4, 2]
147574:[0, 4, 7, 9, 2, 9, 1, 7, 9, 8]
1477987:[6, 2, 7, 8, 5, 6, 6, 9, 4, 2]
1479148:[8, 9, 7, 5, 7, 9, 9, 0, 6, 1]
1480629:[8, 6, 0, 5, 7, 8, 1, 7, 3, 2]
1485094:[7, 8, 2, 5, 0, 2, 8, 6, 6, 4]
1485661:[7, 6, 4, 2, 9, 2, 3, 1, 6, 6]
1487921:[4, 9, 8, 9, 4, 4, 9, 7, 9, 2]
1489053:[8, 2, 7, 7, 3, 2, 1, 2, 1, 3]
1491459:[7, 1, 2, 5, 5, 4, 9, 8, 7, 3]
1492444:[1, 3, 1, 1, 7, 6, 6, 8, 3, 0]
1493530:[9, 6, 2, 2, 9, 2, 1, 4, 9, 8]
1496546:[1, 9, 1, 9, 6, 4, 5, 7, 4, 1]
1497270:[7, 1, 0, 9, 1, 6, 3, 5, 6, 2]
1498211:[6, 6, 0, 9, 2, 3, 0, 1, 8, 6]
1500191:[1, 2, 4, 9, 8, 5, 7, 5, 0, 3]
1502446:[0, 6, 7, 7, 8, 7, 7, 8, 5, 7]
1502552:[8, 6, 8, 2, 5, 0, 7, 5, 1, 9]
1503092:[9, 9, 8, 2, 6, 8, 1, 8, 0, 8]
1507384:[9, 5, 5, 6, 9, 9, 7, 4, 9, 1]
1513952:[3, 5, 3, 8, 2, 7, 8, 3, 6, 5]
1514250:[1, 8, 0, 5, 8, 4, 3, 9, 9, 6]
151505:[3, 2, 2, 5, 1, 7, 1, 8, 7, 9]
1516058:[7, 1, 3, 8, 1, 9, 0, 7, 9, 8]
1519479:[3, 6, 8, 6, 6, 6, 6, 4, 5, 2]
1519796:[4, 3, 3, 4, 3, 8, 5, 2, 0, 6]
1521646:[0, 1, 6, 4, 2, 3, 1, 8, 9, 0]
1523638:[4, 0, 7, 7, 2, 5, 5, 9, 0, 4]
1529806:[7, 8, 0, 6, 9, 6, 0, 1, 9, 7]
1530866:[5, 7, 8, 7, 0, 4, 3, 0, 0, 6]
1532906:[4, 0, 4, 7, 0, 0, 0, 1, 3, 1]
1533231:[4, 0, 3, 4, 0, 8, 2, 9, 4, 6]
1533307:[8, 9, 8, 7, 2, 8, 4, 3, 2, 1]
1534105:[4, 2, 5, 7, 7, 7, 8, 6, 4, 0]
1534428:[8, 8, 7, 1, 2, 2, 5, 2, 2, 7]
1536735:[4, 8, 0, 7, 3, 9, 7, 8, 4, 6]
1537359:[1, 1, 5, 5, 4, 9, 7, 5, 3, 8]
1538662:[3, 8, 5, 4, 2, 8, 8, 5, 3, 0]
1538973:[7, 8, 4, 1, 3, 0, 9, 6, 8, 8]
154035:[7, 6, 9, 3, 7, 2, 4, 5, 3, 2]
1540716:[8, 7, 4, 7, 8, 0, 1, 6, 4, 3]
1542428:[6, 3, 3, 4, 3, 3, 1, 9, 5, 7]
1542782:[8, 6, 0, 2, 0, 4, 2, 2, 5, 2]
1544109:[4, 0, 7, 3, 8, 2, 8, 4, 9, 6]
1544384:[1, 5, 7, 7, 8, 6, 8, 6, 0, 5]
1545722:[2, 3, 8, 9, 4, 4, 4, 6, 5, 8]
1547058:[5, 6, 3, 4, 2, 7, 5, 8, 4, 2]
1547535:[2, 0, 4, 8, 3, 6, 5, 2, 9, 5]
1549228:[0, 4, 1, 9, 0, 4, 3, 3, 9, 9]
1549738:[8, 7, 2, 6, 3, 7, 8, 0, 7, 8]
1551438:[6, 6, 8, 8, 8, 6, 6, 5, 5, 1]
1551701:[2, 3, 3, 1, 8, 2, 7, 0, 4, 1]
155338:[6, 7, 3, 5, 7, 2, 0, 5, 1, 0]
1553822:[8, 5, 6, 2, 8, 9, 8, 6, 5, 7]
1556106:[0, 9, 6, 2, 8, 0, 0, 4, 8, 7]
1556730:[2, 7, 4, 9, 2, 3, 4, 3, 5, 7]
1557848:[8, 4, 2, 2, 7, 7, 8, 2, 1, 7]
1558975:[6, 0, 6, 9, 0, 3, 3, 6, 8, 1]
1562185:[0, 9, 2, 7, 6, 8, 7, 0, 4, 1]
1563321:[9, 6, 9, 9, 3, 4, 6, 2, 0, 1]
1563784:[0, 8, 9, 1, 7, 4, 7, 1, 4, 6]
1565746:[1, 9, 6, 5, 2, 6, 6, 7, 9, 4]
156955:[8, 6, 6, 4, 6, 6, 3, 2, 9, 3]
1573058:[7, 6, 8, 8, 8, 9, 7, 6, 0, 4]
1574891:[8, 7, 3, 7, 0, 8, 0, 8, 7, 0]
157820:[8, 0, 3, 9, 1, 1, 8, 1, 7, 4]
1581475:[0, 3, 8, 4, 1, 2, 5, 0, 3, 7]
1581759:[0, 7, 9, 6, 7, 0, 6, 3, 3, 7]
1585918:[8, 5, 6, 9, 1, 0, 9, 3, 4, 2]
1587134:[8, 9, 1, 5, 1, 8, 5, 5, 9, 7]
1588631:[4, 2, 0, 7, 7, 4, 1, 2, 7, 2]
158899:[9, 1, 6, 3, 7, 6, 2, 7, 7, 9]
1589940:[8, 3, 4, 7, 8, 6, 0, 5, 8, 2]
1595848:[8, 6, 0, 1, 9, 5, 8, 2, 4, 1]
1595915:[3, 9, 1, 3, 4, 1, 0, 5, 8, 4]
1600812:[8, 4, 8, 6, 8, 7, 3, 2, 8, 6]
1602600:[6, 0, 6, 8, 6, 4, 5, 8, 6, 3]
1604071:[7, 6, 2, 3, 8, 3, 3, 7, 9, 6]
1608797:[8, 6, 8, 5, 7, 9, 5, 5, 8, 3]
1612506:[2, 1, 7, 9, 1, 8, 5, 5, 9, 4]
161252:[7, 6, 0, 0, 9, 0, 4, 4, 6, 1]
1614639:[5, 9, 1, 5, 8, 3, 3, 8, 3, 2]
1615752:[1, 1, 7, 8, 2, 4, 7, 5, 2, 6]
1617051:[8, 1, 3, 9, 5, 7, 5, 3, 2, 3]
1620067:[4, 8, 5, 2, 3, 6, 0, 3, 4, 9]
1620265:[9, 8, 0, 9, 7, 3, 3, 6, 0, 1]
1621380:[5, 6, 2, 2, 7, 5, 1, 8, 9, 4]
1622725:[5, 6, 5, 5, 9, 3, 9, 0, 6, 0]
1623017:[9, 4, 6, 9, 9, 5, 5, 7, 2, 2]
1627830:[6, 4, 0, 8, 6, 0, 8, 3, 6, 3]
1630701:[6, 8, 1, 4, 2, 8, 6, 7, 1, 0]
163375:[5, 7, 6, 8, 1, 0, 0, 4, 0, 5]
1634715:[6, 2, 7, 1, 2, 4, 8, 8, 8, 8]
1634853:[2, 0, 1, 0, 3, 2, 3, 9, 1, 6]
1635338:[9, 7, 0, 8, 3, 8, 2, 4, 8, 2]
1635775:[8, 1, 3, 4, 8, 1, 9, 8, 0, 4]
1637165:[9, 4, 7, 5, 2, 2, 5, 8, 6, 2]
1641493:[8, 0, 0, 1, 8, 0, 3, 7, 9, 7]
1642579:[5, 3, 2, 5, 5, 4, 6, 8, 9, 3]
1649109:[5, 2, 3, 9, 5, 9, 5, 2, 6, 2]
1651699:[3, 9, 8, 2, 5, 3, 3, 0, 1, 8]
1652947:[2, 7, 3, 6, 6, 2, 0, 1, 5, 6]
165324:[7, 3, 8, 6, 5, 0, 3, 7, 9, 2]
1654023:[8, 4, 8, 7, 8, 6, 7, 3, 7, 2]
1655091:[0, 1, 4, 1, 4, 5, 2, 2, 1, 1]
1657113:[0, 5, 6, 2, 2, 4, 8, 5, 7, 5]
1657161:[1, 4, 2, 4, 9, 4, 8, 8, 0, 0]
1659819:[8, 1, 6, 1, 4, 4, 3, 8, 9, 6]
1662231:[8, 9, 1, 2, 2, 1, 9, 4, 9, 6]
1662618:[7, 8, 6, 6, 5, 7, 1, 0, 8, 8]
166503:[0, 1, 7, 7, 4, 0, 0, 6, 3, 1]
1665758:[8, 5, 5, 8, 7, 1, 5, 6, 6, 2]
1671861:[2, 9, 7, 8, 2, 2, 5, 8, 0, 9]
1677122:[0, 7, 9, 4, 5, 3, 6, 1, 2, 2]
1678641:[1, 8, 1, 5, 0, 0, 8, 1, 2, 6]
1679660:[3, 9, 8, 4, 8, 8, 9, 3, 9, 0]
168020:[8, 7, 9, 2, 3, 3, 1, 2, 5, 9]
1680382:[9, 5, 5, 0, 6, 5, 9, 5, 2, 8]
1684628:[8, 0, 1, 0, 3, 6, 3, 9, 0, 8]
1685968:[6, 9, 6, 6, 2, 0, 0, 8, 1, 3]
1687371:[9, 9, 9, 3, 6, 1, 3, 5, 8, 1]
1689110:[3, 7, 5, 5, 9, 7, 5, 8, 4, 6]
1689166:[2, 7, 5, 1, 0, 7, 8, 8, 2, 9]
1694259:[8, 3, 5, 7, 0, 6, 1, 2, 1, 4]
1697070:[0, 6, 7, 4, 1, 6, 8, 1, 3, 7]
1697313:[8, 1, 3, 8, 1, 2, 8, 1, 6, 8]
1701082:[9, 1, 4, 0, 9, 8, 2, 8, 4, 3]
1702161:[1, 6, 8, 4, 5, 7, 5, 3, 1, 1]
1703409:[8, 2, 2, 8, 3, 0, 8, 2, 3, 8]
1703499:[8, 8, 2, 1, 0, 4, 8, 8, 1, 9]
1704430:[0, 5, 0, 6, 7, 0, 9, 8, 0, 2]
1707760:[1, 5, 9, 5, 7, 8, 5, 7, 3, 5]
1711389:[4, 5, 4, 6, 0, 6, 6, 8, 8, 4]
1713291:[4, 9, 1, 4, 4, 6, 6, 5, 5, 6]
1713347:[4, 4, 0, 1, 0, 8, 5, 8, 8, 2]
1713938:[7, 5, 3, 9, 4, 0, 1, 7, 0, 8]
1716190:[8, 8, 8, 0, 0, 7, 8, 7, 7, 9]
1718548:[4, 2, 6, 1, 7, 3, 5, 0, 6, 3]
1719951:[2, 4, 9, 7, 2, 0, 3, 8, 1, 3]
1724139:[8, 1, 9, 3, 8, 1, 7, 3, 9, 9]
1726318:[8, 6, 3, 2, 6, 1, 3, 9, 9, 4]
1727012:[5, 0, 0, 6, 5, 1, 2, 3, 3, 8]
1727625:[6, 0, 6, 4, 8, 8, 6, 9, 4, 5]
1728099:[1, 9, 9, 6, 3, 0, 1, 1, 8, 8]
172891:[3, 3, 6, 7, 7, 4, 5, 7, 6, 3]
1733603:[1, 0, 4, 2, 9, 6, 6, 8, 3, 7]
1735709:[2, 1, 7, 9, 7, 6, 1, 1, 2, 3]
1740559:[0, 2, 3, 8, 2, 1, 1, 2, 0, 0]
1742154:[7, 6, 6, 0, 3, 3, 4, 4, 2, 7]
1742404:[7, 6, 3, 9, 4, 2, 3, 2, 1, 6]
1742468:[3, 7, 5, 5, 8, 0, 6, 5, 0, 6]
1742599:[2, 0, 6, 4, 7, 1, 2, 8, 1, 8]
1747013:[6, 2, 8, 9, 8, 5, 5, 2, 3, 8]
1749130:[1, 3, 2, 0, 6, 5, 0, 6, 9, 4]
1751979:[6, 4, 7, 8, 1, 2, 8, 5, 9, 4]
1754978:[7, 8, 4, 3, 7, 5, 4, 0, 7, 3]
1755807:[6, 6, 9, 4, 6, 1, 9, 5, 9, 5]
1757241:[8, 2, 3, 7, 7, 5, 8, 7, 3, 7]
1758808:[2, 4, 3, 5, 7, 8, 5, 7, 9, 1]
1761977:[2, 8, 7, 6, 9, 4, 3, 4, 7, 0]
1762383:[8, 1, 8, 0, 2, 7, 8, 0, 3, 7]
1762435:[8, 9, 9, 6, 1, 6, 5, 8, 6, 0]
1767709:[7, 1, 6, 2, 3, 3, 9, 6, 0, 6]
1768084:[3, 0, 6, 3, 2, 1, 2, 0, 9, 4]
1768575:[1, 8, 6, 7, 9, 7, 9, 1, 3, 0]
1769684:[8, 3, 1, 6, 7, 3, 5, 0, 8, 2]
1771550:[3, 5, 5, 7, 7, 3, 9, 1, 8, 7]
1774324:[6, 3, 7, 3, 1, 7, 5, 9, 9, 2]
1776246:[5, 1, 1, 3, 2, 5, 1, 4, 3, 5]
1776390:[6, 4, 7, 2, 7, 5, 5, 5, 1, 5]
1779405:[1, 3, 6, 2, 4, 0, 8, 6, 1, 5]
1780580:[4, 9, 7, 0, 9, 3, 0, 7, 6, 1]
1781673:[2, 6, 7, 4, 0, 6, 1, 5, 1, 0]
1782564:[8, 6, 7, 9, 8, 2, 8, 4, 8, 7]
1784298:[6, 7, 4, 6, 9, 6, 8, 0, 0, 4]
179027:[8, 4, 0, 3, 3, 0, 2, 0, 0, 5]
1790605:[6, 6, 8, 9, 7, 2, 0, 9, 0, 9]
1792429:[3, 5, 5, 5, 8, 1, 1, 5, 2, 8]
1794485:[5, 5, 5, 2, 8, 4, 5, 4, 8, 6]
1797107:[7, 2, 6, 1, 0, 9, 0, 9, 9, 8]
180009:[9, 1, 2, 6, 2, 5, 7, 6, 9, 2]
1801184:[5, 2, 6, 9, 4, 2, 9, 9, 7, 5]
180242:[1, 2, 2, 4, 9, 3, 5, 8, 1, 6]
1802476:[4, 4, 9, 8, 6, 8, 5, 8, 9, 7]
1804146:[9, 9, 1, 0, 4, 0, 3, 0, 2, 7]
1804231:[5, 0, 6, 8, 7, 8, 1, 4, 9, 0]
1804837:[7, 3, 8, 9, 9, 2, 3, 9, 1, 6]
1805403:[3, 3, 9, 5, 1, 2, 9, 6, 5, 2]
1805656:[0, 0, 7, 6, 9, 4, 5, 3, 7, 8]
1805770:[9, 8, 9, 9, 7, 4, 7, 9, 8, 2]
1809162:[1, 1, 6, 7, 6, 7, 8, 0, 5, 9]
1810363:[4, 3, 2, 6, 2, 7, 9, 9, 9, 0]
1810776:[9, 3, 7, 9, 1, 4, 5, 0, 1, 6]
1812440:[2, 4, 6, 9, 6, 9, 0, 2, 9, 4]
1815361:[7, 7, 8, 1, 5, 2, 4, 1, 5, 3]
1816157:[7, 3, 5, 0, 1, 4, 7, 9, 4, 1]
1817261:[5, 9, 0, 6, 0, 4, 4, 8, 0, 5]
1817977:[8, 8, 3, 3, 0, 3, 0, 6, 4, 7]
1818218:[5, 4, 6, 4, 0, 5, 3, 5, 9, 1]
182109:[6, 9, 8, 4, 4, 7, 6, 6, 7, 3]
1824309:[7, 9, 0, 9, 2, 7, 5, 2, 0, 7]
1824569:[0, 4, 0, 8, 7, 0, 9, 1, 1, 1]
1826181:[2, 9, 6, 3, 9, 0, 7, 4, 5, 4]
1826199:[3, 8, 1, 3, 5, 2, 2, 1, 1, 5]
1826670:[5, 5, 8, 2, 7, 7, 9, 2, 3, 8]
1827540:[1, 5, 6, 4, 7, 7, 6, 9, 6, 7]
1827633:[1, 5, 5, 7, 4, 6, 1, 7, 4, 3]
1831701:[4, 6, 5, 4, 1, 7, 8, 1, 1, 0]
1838334:[4, 7, 2, 3, 5, 7, 6, 8, 9, 4]
1839444:[3, 4, 8, 3, 4, 2, 6, 3, 8, 0]
1839931:[7, 5, 1, 0, 3, 9, 1, 5, 6, 6]
1841957:[2, 6, 0, 6, 7, 3, 3, 2, 7, 9]
1843090:[5, 6, 5, 4, 0, 2, 2, 7, 6, 2]
1844651:[2, 2, 8, 4, 5, 0, 5, 1, 3, 3]
1848348:[0, 6, 1, 0, 7, 7, 5, 0, 8, 9]
1853773:[8, 7, 9, 1, 9, 0, 0, 7, 5, 7]
1855227:[9, 6, 6, 6, 9, 1, 8, 0, 8, 2]
1855633:[2, 7, 9, 7, 4, 4, 3, 0, 1, 8]
1862905:[2, 6, 0, 6, 8, 7, 2, 9, 1, 3]
1863818:[8, 5, 9, 3, 9, 1, 8, 6, 5, 5]
1864807:[2, 8, 3, 5, 8, 5, 9, 1, 8, 8]
186874:[5, 4, 7, 0, 4, 9, 4, 8, 8, 7]
1870560:[4, 6, 3, 2, 1, 3, 5, 1, 8, 7]
1871931:[1, 0, 3, 0, 4, 8, 8, 8, 6, 8]
1872195:[4, 8, 3, 9, 7, 2, 8, 9, 3, 1]
187525:[4, 4, 4, 5, 8, 8, 6, 3, 3, 1]
1875321:[0, 7, 2, 3, 1, 1, 3, 5, 8, 1]
1876598:[9, 9, 7, 0, 8, 2, 5, 4, 3, 8]
1878150:[0, 3, 5, 2, 4, 2, 5, 9, 0, 7]
187847:[8, 2, 5, 6, 5, 4, 3, 3, 2, 8]
1879176:[8, 4, 5, 3, 7, 2, 1, 9, 2, 2]
1881122:[7, 6, 6, 0, 8, 0, 3, 8, 6, 0]
1882447:[4, 0, 0, 9, 4, 8, 3, 6, 5, 8]
1883541:[8, 6, 7, 4, 1, 4, 3, 3, 8, 2]
1889568:[5, 2, 8, 3, 3, 7, 4, 5, 6, 5]
1891282:[5, 8, 0, 9, 4, 0, 3, 7, 3, 3]
1897008:[5, 5, 9, 2, 6, 9, 4, 5, 4, 4]
1899950:[0, 4, 0, 7, 8, 9, 4, 4, 8, 2]
190078:[3, 7, 9, 1, 3, 1, 6, 8, 3, 3]
1902040:[8, 6, 9, 9, 9, 8, 4, 1, 6, 9]
1905352:[0, 7, 8, 4, 2, 9, 6, 3, 5, 5]
1908529:[7, 2, 4, 7, 5, 9, 0, 5, 7, 2]
1910447:[0, 4, 0, 3, 4, 0, 5, 9, 0, 9]
1910892:[1, 6, 2, 7, 0, 9, 8, 8, 2, 1]
191279:[6, 6, 9, 4, 0, 8, 0, 2, 4, 1]
1914685:[2, 6, 6, 4, 3, 7, 2, 0, 8, 4]
1916140:[8, 8, 2, 6, 1, 7, 2, 1, 1, 3]
1918418:[8, 2, 9, 6, 3, 2, 7, 7, 0, 2]
1924322:[8, 6, 9, 7, 3, 1, 5, 0, 3, 1]
1924875:[4, 8, 7, 2, 1, 3, 4, 2, 2, 3]
192570:[3, 2, 4, 8, 1, 5, 0, 6, 1, 2]
1926285:[5, 2, 7, 1, 5, 3, 1, 5, 3, 0]
1932620:[8, 2, 5, 1, 6, 2, 1, 4, 9, 0]
1933178:[8, 7, 9, 7, 3, 9, 9, 0, 8, 6]
193333:[5, 6, 4, 3, 9, 0, 1, 1, 4, 3]
1938398:[4, 7, 8, 8, 5, 4, 1, 1, 2, 6]
1939288:[8, 8, 3, 9, 7, 7, 4, 9, 9, 0]
1941463:[5, 1, 1, 1, 3, 5, 8, 8, 9, 8]
1941604:[5, 3, 4, 3, 5, 0, 0, 0, 9, 1]
1941670:[2, 5, 2, 4, 5, 6, 3, 7, 9, 7]
1942406:[8, 0, 3, 3, 0, 5, 3, 6, 8, 7]
194259:[2, 4, 0, 8, 8, 3, 4, 5, 1, 8]
1942603:[8, 0, 6, 6, 4, 6, 3, 5, 9, 8]
1948847:[3, 3, 9, 3, 7, 4, 6, 0, 1, 3]
1949227:[3, 2, 9, 4, 0, 1, 3, 6, 4, 1]
194956:[9, 3, 0, 4, 7, 6, 7, 1, 7, 9]
1950308:[6, 4, 9, 6, 5, 9, 6, 2, 6, 0]
1950784:[0, 1, 7, 7, 4, 0, 0, 6, 3, 1]
1952678:[2, 5, 5, 9, 4, 9, 7, 7, 4, 6]
1957134:[9, 1, 7, 9, 7, 9, 7, 9, 9, 3]
1958362:[8, 6, 8, 6, 4, 3, 5, 2, 0, 3]
1959803:[6, 8, 5, 5, 0, 2, 3, 9, 6, 6]
1960401:[2, 8, 9, 7, 6, 1, 1, 4, 4, 6]
1960619:[8, 6, 3, 2, 7, 8, 3, 4, 4, 5]
1961179:[5, 2, 3, 0, 6, 3, 8, 2, 5, 5]
1962734:[7, 3, 5, 4, 6, 1, 3, 2, 2, 0]
1966383:[4, 5, 4, 1, 7, 6, 8, 3, 0, 3]
1967492:[8, 7, 8, 4, 1, 1, 5, 5, 9, 9]
1969717:[1, 5, 6, 5, 7, 9, 2, 3, 3, 8]
1969725:[4, 6, 6, 4, 7, 9, 2, 5, 2, 0]
1971965:[9, 9, 1, 4, 3, 4, 3, 3, 9, 8]
1975160:[7, 5, 2, 6, 9, 8, 1, 9, 4, 3]
1979364:[7, 2, 2, 8, 3, 4, 0, 3, 0, 6]
1979802:[6, 0, 1, 8, 8, 5, 9, 2, 9, 6]
1980139:[4, 0, 0, 9, 8, 5, 8, 8, 1, 1]
1981971:[1, 5, 6, 3, 8, 3, 3, 6, 9, 8]
1982959:[0, 5, 3, 6, 0, 3, 1, 5, 1, 9]
1985698:[3, 7, 5, 9, 4, 5, 5, 7, 6, 9]
1985809:[4, 4, 8, 3, 7, 0, 5, 7, 6, 2]
1986036:[6, 4, 5, 2, 4, 0, 8, 6, 6, 2]
1991532:[0, 8, 4, 9, 7, 1, 5, 8, 3, 3]
1994258:[7, 3, 3, 7, 4, 0, 6, 4, 5, 0]
2000515:[8, 4, 8, 0, 5, 1, 2, 5, 6, 7]
2000675:[7, 6, 3, 3, 2, 5, 3, 6, 3, 3]
2005393:[5, 6, 3, 4, 7, 6, 9, 2, 5, 4]
2006063:[0, 9, 7, 3, 5, 2, 8, 7, 8, 1]
2006071:[3, 4, 4, 9, 2, 0, 3, 5, 5, 7]
2006417:[8, 0, 1, 2, 2, 1, 6, 2, 4, 5]
2006645:[6, 4, 5, 5, 6, 8, 3, 7, 3, 1]
2009532:[9, 3, 0, 5, 1, 1, 4, 8, 6, 1]
2009876:[0, 7, 7, 1, 7, 5, 8, 5, 0, 1]
2010254:[6, 7, 6, 6, 2, 1, 6, 9, 8, 1]
2011510:[7, 6, 0, 7, 4, 3, 7, 9, 7, 0]
2013251:[6, 2, 2, 3, 3, 2, 2, 0, 8, 0]
2014918:[1, 8, 2, 7, 8, 0, 8, 3, 0, 1]
2015140:[1, 0, 5, 7, 5, 5, 2, 4, 6, 0]
201713:[5, 3, 5, 0, 7, 8, 5, 2, 5, 4]
2018194:[8, 7, 4, 7, 8, 3, 5, 4, 2, 9]
2019130:[7, 4, 3, 1, 6, 9, 3, 2, 8, 8]
2021214:[7, 0, 5, 6, 8, 7, 0, 7, 8, 3]
2021473:[6, 2, 2, 6, 5, 3, 4, 4, 0, 1]
2023341:[5, 4, 0, 3, 0, 1, 6, 1, 4, 4]
2024052:[1, 7, 6, 1, 7, 0, 1, 1, 8, 3]
2025866:[5, 9, 3, 2, 0, 1, 5, 6, 9, 7]
2027067:[4, 9, 9, 7, 2, 6, 6, 8, 3, 9]
2027125:[1, 1, 3, 8, 2, 9, 1, 0, 7, 7]
2027194:[1, 7, 0, 7, 6, 4, 4, 4, 6, 0]
2027434:[4, 8, 0, 2, 1, 5, 6, 1, 3, 4]
2028994:[0, 2, 3, 5, 6, 1, 7, 5, 4, 5]
2030814:[7, 2, 2, 8, 2, 9, 0, 8, 9, 8]
2031352:[4, 5, 7, 6, 2, 4, 9, 9, 3, 1]
2034466:[4, 6, 5, 8, 6, 5, 8, 9, 2, 1]
2037393:[4, 5, 6, 5, 1, 8, 9, 2, 5, 1]
2038030:[8, 0, 9, 9, 0, 0, 8, 2, 5, 3]
2038186:[3, 2, 6, 0, 5, 1, 6, 7, 8, 6]
2039243:[9, 0, 5, 1, 0, 1, 9, 6, 7, 9]
2039299:[0, 6, 1, 3, 6, 6, 1, 3, 4, 8]
2039380:[8, 0, 4, 4, 1, 3, 6, 9, 1, 6]
2039452:[8, 8, 1, 1, 0, 9, 4, 4, 1, 6]
2041948:[8, 2, 5, 2, 0, 3, 7, 8, 4, 5]
2042308:[0, 6, 2, 1, 0, 3, 7, 8, 2, 6]
2046037:[3, 6, 4, 1, 0, 4, 3, 2, 3, 0]
2047625:[0, 4, 1, 0, 5, 5, 4, 7, 6, 4]
2048118:[9, 5, 5, 1, 0, 8, 5, 1, 1, 0]
2048385:[5, 5, 4, 9, 7, 2, 6, 4, 0, 6]
204888:[3, 6, 2, 0, 9, 5, 2, 1, 9, 0]
2054346:[5, 6, 3, 4, 9, 2, 4, 1, 3, 1]
2054919:[9, 1, 1, 7, 5, 4, 3, 8, 1, 7]
2055153:[8, 5, 6, 8, 5, 9, 4, 6, 0, 6]
2055368:[9, 1, 5, 1, 2, 9, 5, 6, 6, 7]
2057761:[6, 4, 9, 0, 9, 4, 9, 1, 9, 0]
2059107:[4, 6, 9, 3, 2, 4, 4, 3, 5, 8]
2059896:[0, 3, 2, 8, 1, 8, 7, 2, 7, 4]
2059939:[8, 4, 9, 0, 8, 7, 9, 8, 4, 9]
2063027:[0, 7, 2, 6, 7, 8, 0, 3, 6, 9]
2068133:[6, 5, 4, 4, 3, 2, 3, 3, 3, 8]
2075553:[9, 3, 5, 3, 3, 0, 1, 2, 0, 2]
2079412:[0, 2, 2, 3, 0, 0, 3, 9, 0, 6]
2081210:[4, 5, 4, 1, 6, 2, 9, 1, 7, 2]
2083662:[3, 5, 8, 8, 3, 9, 2, 1, 9, 6]
2090355:[0, 1, 9, 1, 8, 8, 8, 7, 4, 7]
2091323:[8, 6, 5, 2, 3, 6, 5, 6, 8, 9]
2095345:[8, 0, 6, 6, 3, 0, 3, 6, 0, 1]
2097018:[8, 7, 7, 8, 6, 3, 1, 0, 7, 8]
2098047:[6, 0, 5, 2, 5, 7, 2, 8, 3, 0]
2098078:[6, 8, 4, 6, 7, 7, 4, 5, 0, 3]
2099429:[8, 8, 6, 9, 3, 4, 8, 2, 6, 7]
2099700:[1, 2, 1, 2, 0, 8, 4, 8, 3, 4]
2101967:[6, 8, 8, 5, 1, 4, 1, 3, 5, 9]
2102758:[6, 7, 1, 0, 9, 3, 0, 4, 7, 0]
2108445:[5, 8, 8, 4, 3, 5, 5, 8, 8, 3]
2109432:[6, 3, 2, 7, 9, 6, 2, 8, 5, 5]
2109515:[1, 8, 7, 0, 9, 3, 9, 6, 0, 0]
2113382:[7, 1, 9, 2, 5, 3, 6, 5, 1, 4]
2113788:[8, 3, 1, 8, 0, 4, 7, 2, 8, 2]
2114649:[8, 1, 8, 6, 5, 5, 5, 4, 8, 8]
2114999:[6, 7, 3, 5, 7, 7, 3, 7, 6, 5]
2116417:[0, 8, 8, 6, 8, 4, 3, 2, 8, 3]
2117595:[6, 7, 0, 9, 8, 9, 1, 7, 2, 1]
2120587:[9, 3, 3, 7, 5, 4, 5, 4, 1, 0]
2124536:[7, 1, 9, 7, 5, 5, 6, 4, 5, 8]
2124543:[4, 6, 2, 3, 9, 5, 6, 9, 2, 9]
2125798:[9, 6, 7, 6, 7, 7, 5, 4, 6, 0]
2126311:[2, 3, 0, 0, 9, 7, 5, 4, 9, 7]
2131968:[8, 6, 5, 8, 8, 6, 5, 5, 7, 9]
2133040:[0, 8, 5, 7, 8, 7, 3, 1, 7, 5]
2133618:[4, 2, 0, 5, 3, 0, 8, 2, 5, 8]
2134523:[3, 0, 4, 7, 4, 4, 4, 8, 4, 6]
2138195:[8, 5, 6, 4, 4, 0, 9, 7, 9, 3]
2140532:[4, 5, 9, 2, 3, 3, 0, 4, 6, 5]
214097:[4, 8, 1, 0, 1, 6, 1, 2, 8, 4]
2141478:[5, 4, 1, 3, 4, 0, 1, 8, 5, 1]
2142655:[1, 1, 0, 5, 0, 4, 3, 9, 5, 7]
2142821:[6, 5, 1, 6, 3, 7, 4, 7, 3, 4]
2144219:[7, 4, 7, 3, 9, 2, 7, 9, 3, 6]
2146856:[4, 0, 2, 5, 4, 8, 7, 2, 1, 0]
2147102:[5, 1, 7, 5, 4, 2, 5, 1, 5, 1]
2150680:[0, 2, 2, 3, 2, 5, 9, 0, 9, 1]
2151073:[8, 2, 6, 7, 3, 4, 8, 5, 5, 0]
2153714:[9, 3, 4, 8, 4, 7, 2, 8, 6, 0]
2155900:[5, 1, 3, 7, 9, 8, 3, 5, 6, 1]
2156318:[5, 4, 3, 1, 3, 0, 0, 4, 3, 7]
2157814:[0, 7, 2, 9, 9, 9, 8, 2, 8, 2]
2161441:[5, 7, 9, 6, 9, 7, 9, 2, 5, 1]
2161998:[7, 6, 0, 9, 8, 2, 3, 9, 9, 0]
2166903:[7, 8, 8, 0, 9, 9, 0, 1, 8, 7]
216768:[1, 8, 5, 2, 0, 3, 7, 2, 8, 9]
2169581:[0, 7, 3, 8, 7, 7, 0, 0, 3, 4]
2174311:[8, 5, 3, 3, 2, 4, 7, 1, 9, 0]
2174390:[0, 0, 0, 4, 8, 1, 3, 0, 0, 2]
2181081:[9, 3, 6, 3, 2, 5, 7, 7, 2, 8]
2182652:[0, 9, 7, 5, 9, 1, 5, 5, 9, 4]
2185520:[0, 5, 9, 9, 5, 6, 4, 9, 4, 3]
2187553:[0, 3, 9, 1, 2, 5, 8, 8, 6, 7]
2190455:[8, 6, 5, 0, 3, 1, 0, 0, 9, 8]
2192209:[0, 1, 3, 2, 8, 2, 2, 3, 3, 1]
2192750:[5, 5, 6, 3, 3, 5, 7, 4, 8, 4]
2196601:[7, 5, 8, 6, 9, 6, 8, 9, 8, 1]
2196678:[1, 6, 6, 8, 2, 5, 6, 0, 0, 6]
2207366:[8, 7, 8, 3, 7, 2, 4, 9, 9, 8]
2207507:[2, 5, 8, 8, 7, 1, 3, 3, 9, 6]
2208823:[5, 5, 9, 2, 3, 4, 3, 0, 2, 8]
2212095:[5, 7, 2, 9, 9, 7, 1, 9, 9, 9]
2217086:[1, 0, 4, 7, 3, 5, 8, 5, 6, 1]
2224545:[9, 5, 2, 5, 3, 4, 7, 1, 1, 4]
2225355:[7, 6, 7, 6, 1, 8, 1, 6, 4, 1]
2226379:[3, 4, 5, 5, 4, 6, 6, 8, 6, 8]
2227075:[5, 9, 5, 2, 6, 2, 8, 2, 0, 8]
2227139:[3, 7, 3, 7, 3, 3, 7, 9, 4, 3]
2227789:[3, 2, 6, 1, 2, 0, 6, 6, 8, 7]
2228879:[7, 6, 0, 5, 1, 0, 2, 9, 5, 4]
2229751:[8, 7, 9, 7, 5, 5, 8, 3, 1, 8]
2230678:[2, 5, 9, 1, 7, 8, 5, 1, 6, 3]
2233181:[0, 4, 9, 2, 2, 2, 3, 7, 4, 7]
2233710:[9, 7, 5, 3, 3, 7, 4, 4, 6, 8]
2235516:[8, 0, 3, 2, 9, 4, 3, 6, 3, 8]
2237188:[4, 6, 4, 0, 6, 3, 5, 3, 0, 8]
2242081:[1, 0, 7, 3, 2, 3, 6, 1, 8, 9]
2242503:[4, 0, 2, 6, 4, 6, 2, 2, 2, 5]
2242981:[9, 9, 5, 6, 6, 4, 8, 8, 8, 4]
2246544:[8, 1, 4, 5, 8, 2, 6, 1, 7, 5]
225022:[8, 8, 3, 0, 7, 0, 3, 5, 1, 3]
2255630:[0, 0, 9, 7, 9, 6, 0, 3, 9, 2]
2256172:[3, 2, 9, 4, 5, 5, 1, 1, 8, 1]
2256308:[6, 5, 6, 1, 9, 0, 0, 0, 7, 0]
2257028:[4, 5, 8, 1, 0, 4, 2, 5, 2, 1]
2258943:[1, 3, 7, 4, 5, 9, 7, 1, 3, 4]
2259439:[5, 5, 7, 6, 9, 0, 0, 9, 5, 3]
2266269:[8, 3, 7, 9, 2, 1, 3, 5, 6, 2]
2267468:[1, 2, 6, 6, 7, 9, 1, 8, 1, 9]
2268653:[2, 0, 1, 5, 5, 6, 5, 1, 0, 2]
2268925:[1, 0, 3, 2, 5, 3, 3, 6, 1, 2]
2271187:[6, 3, 5, 2, 0, 2, 9, 4, 0, 9]
2271968:[4, 1, 6, 9, 0, 5, 0, 7, 7, 5]
2274330:[1, 6, 3, 1, 9, 1, 3, 5, 0, 0]
2275250:[1, 4, 9, 1, 3, 8, 2, 5, 2, 2]
2279438:[4, 6, 0, 1, 7, 1, 9, 3, 9, 1]
2279890:[5, 4, 0, 4, 0, 2, 7, 3, 8, 1]
2282429:[0, 1, 3, 5, 5, 7, 2, 7, 6, 9]
2283022:[9, 4, 9, 8, 2, 4, 3, 2, 9, 6]
2283097:[7, 5, 0, 5, 9, 3, 6, 7, 5, 1]
2286211:[4, 7, 3, 7, 6, 4, 5, 7, 6, 8]
2290633:[0, 8, 9, 0, 8, 2, 3, 3, 4, 6]
2290918:[7, 1, 6, 7, 9, 2, 6, 7, 6, 6]
2291991:[7, 4, 6, 0, 2, 6, 8, 1, 5, 7]
2293162:[6, 4, 6, 7, 2, 5, 3, 1, 2, 6]
2294270:[0, 3, 3, 4, 2, 6, 7, 9, 8, 4]
2295555:[0, 5, 1, 5, 8, 3, 5, 4, 7, 8]
2298235:[2, 6, 4, 0, 9, 6, 9, 0, 6, 6]
2298521:[2, 8, 5, 3, 9, 0, 9, 5, 1, 9]
2299039:[5, 2, 3, 6, 3, 2, 8, 2, 7, 1]
2300883:[4, 0, 1, 9, 9, 8, 8, 0, 6, 6]
2301447:[6, 3, 2, 4, 9, 4, 7, 3, 3, 5]
2304534:[3, 1, 6, 0, 4, 3, 3, 9, 1, 4]
231128:[8, 9, 3, 5, 9, 1, 1, 4, 9, 7]
2311616:[8, 5, 7, 4, 7, 0, 2, 3, 9, 0]
2311868:[2, 3, 1, 5, 5, 1, 3, 5, 9, 0]
2312325:[5, 4, 4, 8, 1, 4, 4, 4, 3, 0]
2312728:[1, 3, 3, 1, 0, 9, 1, 7, 0, 9]
2312841:[9, 1, 2, 1, 6, 7, 9, 1, 3, 5]
2317647:[5, 2, 7, 5, 9, 2, 9, 3, 9, 6]
2319077:[4, 6, 5, 8, 6, 5, 8, 9, 2, 1]
2320724:[9, 0, 8, 3, 3, 4, 6, 4, 0, 2]
232105:[5, 1, 5, 8, 1, 2, 1, 4, 5, 5]
2322490:[9, 1, 1, 4, 1, 4, 3, 2, 8, 9]
2323725:[6, 1, 3, 2, 4, 1, 9, 6, 9, 2]
2324089:[4, 6, 3, 0, 7, 0, 1, 4, 6, 5]
2324559:[1, 3, 0, 8, 4, 6, 6, 3, 3, 8]
2325600:[8, 3, 6, 8, 9, 9, 0, 8, 7, 4]
2327479:[0, 5, 7, 0, 4, 5, 1, 9, 1, 3]
2328723:[6, 0, 3, 1, 5, 8, 1, 6, 8, 6]
2334434:[8, 5, 6, 3, 5, 5, 3, 8, 4, 0]
233452:[6, 2, 5, 5, 2, 4, 6, 1, 6, 8]
2337249:[8, 3, 0, 1, 3, 0, 7, 9, 2, 0]
2337989:[8, 7, 1, 0, 3, 0, 5, 6, 3, 4]
2344809:[7, 8, 6, 0, 4, 7, 9, 3, 2, 1]
2345178:[3, 6, 8, 1, 5, 4, 3, 1, 8, 8]
2346260:[3, 4, 0, 4, 3, 2, 9, 1, 6, 9]
2348857:[4, 9, 8, 0, 1, 7, 1, 3, 7, 6]
2351438:[4, 4, 2, 1, 1, 0, 9, 9, 3, 0]
2353388:[0, 9, 3, 2, 7, 9, 3, 8, 0, 7]
2354667:[8, 8, 2, 3, 5, 1, 3, 4, 8, 0]
2355200:[3, 0, 2, 5, 9, 7, 6, 5, 8, 4]
2358509:[4, 0, 1, 0, 5, 2, 7, 6, 3, 4]
2359870:[2, 8, 9, 4, 7, 9, 5, 8, 0, 6]
2361523:[3, 7, 9, 0, 2, 8, 9, 1, 8, 7]
2362107:[3, 3, 7, 6, 2, 3, 1, 4, 9, 9]
236435:[5, 5, 0, 6, 2, 9, 4, 7, 2, 7]
2364994:[7, 9, 3, 8, 8, 2, 1, 1, 0, 0]
2365597:[4, 6, 7, 7, 2, 6, 6, 6, 3, 1]
2365662:[0, 2, 3, 4, 8, 5, 1, 1, 9, 0]
2369400:[5, 4, 1, 2, 8, 7, 3, 5, 7, 6]
237246:[6, 0, 7, 3, 6, 3, 9, 6, 9, 8]
2377471:[5, 4, 2, 9, 0, 4, 8, 6, 8, 0]
2378303:[7, 2, 0, 2, 7, 3, 7, 6, 7, 0]
2380948:[1, 3, 7, 5, 0, 2, 9, 6, 0, 5]
2380971:[0, 0, 3, 6, 4, 2, 8, 7, 6, 1]
2381635:[1, 1, 9, 2, 6, 2, 4, 9, 2, 4]
2383044:[9, 1, 5, 8, 3, 9, 7, 1, 5, 3]
2383151:[8, 8, 0, 7, 8, 5, 8, 1, 8, 2]
2384024:[2, 6, 0, 3, 0, 7, 0, 9, 1, 5]
2386233:[5, 9, 9, 6, 3, 7, 5, 4, 9, 5]
2388708:[3, 5, 6, 6, 4, 0, 9, 7, 3, 6]
239149:[6, 9, 4, 8, 0, 3, 7, 2, 4, 1]
2391848:[9, 4, 6, 8, 1, 9, 0, 7, 6, 2]
2391850:[1, 5, 5, 4, 2, 2, 3, 6, 1, 2]
2392321:[7, 8, 8, 3, 8, 2, 4, 0, 1, 9]
2394116:[1, 3, 6, 0, 7, 2, 6, 2, 6, 9]
2394415:[5, 5, 5, 8, 3, 5, 4, 4, 3, 1]
2395605:[3, 3, 4, 1, 9, 7, 5, 2, 7, 4]
2399569:[0, 9, 0, 7, 0, 4, 3, 4, 8, 0]
2400054:[0, 7, 5, 9, 0, 0, 2, 0, 6, 8]
2400614:[6, 3, 6, 8, 1, 5, 5, 1, 2, 7]
2401670:[0, 3, 4, 2, 1, 2, 6, 1, 9, 7]
2405100:[8, 9, 9, 6, 0, 2, 2, 5, 5, 7]
2407074:[3, 2, 7, 1, 2, 2, 1, 3, 9, 0]
2407220:[8, 2, 0, 1, 2, 2, 2, 4, 9, 6]
2407308:[8, 0, 6, 5, 0, 7, 5, 6, 3, 0]
2409698:[3, 9, 9, 9, 5, 0, 2, 8, 1, 2]
2409782:[3, 3, 4, 9, 8, 8, 3, 9, 4, 6]
2411469:[6, 3, 8, 0, 5, 8, 0, 6, 3, 8]
2414528:[5, 8, 5, 7, 3, 4, 3, 6, 8, 3]
2417674:[0, 6, 0, 7, 9, 5, 4, 6, 8, 2]
2425405:[0, 7, 8, 2, 4, 2, 0, 3, 9, 0]
24261:[6, 9, 1, 5, 0, 5, 7, 0, 7, 2]
2426428:[8, 1, 1, 5, 9, 6, 5, 9, 3, 1]
2429285:[2, 4, 8, 8, 1, 0, 1, 4, 5, 5]
2431282:[4, 3, 4, 0, 7, 4, 8, 7, 0, 7]
2431709:[4, 4, 8, 1, 9, 0, 4, 3, 6, 8]
2434100:[3, 4, 5, 6, 9, 5, 3, 2, 1, 2]
2436366:[9, 1, 4, 0, 9, 6, 1, 6, 0, 0]
2439026:[6, 5, 1, 5, 0, 5, 4, 8, 0, 3]
2439850:[6, 5, 6, 3, 7, 6, 4, 4, 8, 6]
2441449:[6, 5, 4, 5, 5, 3, 6, 4, 2, 5]
2444545:[9, 4, 9, 4, 2, 5, 3, 6, 0, 6]
2444904:[0, 8, 0, 3, 6, 3, 7, 6, 9, 7]
2446348:[9, 6, 5, 5, 9, 2, 2, 4, 3, 1]
2446548:[0, 0, 9, 1, 8, 2, 7, 5, 2, 4]
2448119:[7, 9, 5, 0, 9, 2, 0, 8, 4, 0]
2449619:[0, 0, 1, 4, 7, 4, 2, 2, 1, 7]
2452392:[9, 8, 5, 9, 8, 9, 3, 3, 8, 2]
2452792:[6, 9, 0, 9, 4, 4, 3, 4, 5, 6]
2453032:[9, 1, 5, 4, 5, 4, 5, 6, 2, 5]
2454383:[6, 0, 4, 8, 8, 6, 8, 8, 3, 4]
2455029:[0, 1, 7, 0, 1, 2, 1, 7, 8, 5]
2455041:[2, 5, 6, 3, 3, 2, 2, 4, 5, 5]
2459474:[8, 8, 6, 9, 2, 3, 3, 7, 0, 2]
2462056:[8, 7, 8, 8, 7, 4, 9, 1, 1, 8]
2462556:[8, 5, 3, 7, 1, 8, 4, 8, 1, 6]
2465100:[9, 6, 9, 9, 3, 8, 6, 9, 0, 0]
2465157:[9, 7, 2, 4, 1, 0, 0, 3, 3, 2]
2466493:[6, 6, 6, 3, 8, 2, 7, 9, 3, 7]
2466570:[1, 1, 5, 5, 3, 2, 6, 6, 0, 5]
2468887:[7, 9, 3, 0, 7, 4, 6, 8, 8, 9]
2469495:[9, 9, 9, 9, 8, 8, 7, 0, 4, 1]
2473048:[0, 2, 4, 3, 3, 7, 9, 6, 5, 2]
2473082:[2, 8, 4, 8, 7, 1, 2, 9, 7, 7]
2474309:[4, 2, 4, 5, 1, 1, 6, 7, 1, 4]
2478523:[0, 7, 9, 2, 1, 5, 9, 9, 0, 6]
2479776:[2, 5, 5, 9, 4, 9, 7, 7, 4, 6]
2481305:[3, 9, 9, 0, 8, 3, 1, 5, 0, 0]
2481992:[4, 2, 2, 8, 4, 4, 1, 5, 9, 4]
2485649:[1, 6, 8, 3, 3, 0, 5, 1, 4, 0]
2485770:[9, 7, 2, 0, 4, 2, 6, 5, 3, 1]
2486310:[4, 9, 0, 6, 8, 3, 7, 7, 0, 5]
2489649:[8, 7, 7, 6, 0, 8, 6, 3, 7, 6]
2490788:[3, 8, 2, 1, 7, 6, 0, 2, 0, 1]
2490798:[3, 5, 7, 7, 0, 4, 9, 3, 9, 2]
2492406:[4, 0, 9, 0, 6, 4, 1, 0, 9, 9]
2494025:[9, 8, 9, 3, 5, 2, 6, 9, 3, 8]
2495546:[0, 9, 3, 3, 8, 3, 9, 3, 2, 2]
2498737:[5, 2, 1, 2, 3, 3, 5, 6, 2, 2]
2499715:[1, 2, 6, 8, 6, 7, 0, 7, 3, 4]
2499726:[3, 6, 8, 0, 8, 8, 3, 8, 1, 2]
2499897:[4, 3, 4, 0, 0, 8, 6, 0, 1, 4]
2499970:[0, 0, 9, 1, 3, 2, 3, 9, 2, 7]
2502108:[6, 3, 3, 6, 1, 7, 2, 3, 8, 3]
25057:[8, 7, 8, 0, 6, 9, 0, 3, 8, 1]
2507099:[5, 0, 6, 7, 4, 8, 8, 6, 6, 0]
2507335:[7, 9, 3, 3, 0, 0, 5, 7, 5, 6]
2513309:[7, 5, 4, 3, 8, 3, 9, 1, 7, 9]
2516528:[4, 0, 8, 2, 6, 8, 3, 6, 8, 3]
2516543:[8, 7, 5, 5, 8, 0, 3, 5, 9, 3]
2519941:[8, 4, 1, 2, 2, 3, 5, 8, 8, 3]
2523202:[3, 1, 7, 0, 0, 6, 1, 3, 7, 9]
252324:[3, 2, 6, 1, 0, 9, 8, 8, 9, 1]
2526465:[4, 2, 7, 1, 8, 2, 8, 8, 9, 8]
2528070:[0, 1, 7, 2, 9, 9, 1, 0, 3, 7]
2528144:[8, 2, 5, 2, 1, 1, 5, 4, 1, 7]
2530716:[1, 1, 5, 2, 9, 4, 6, 6, 7, 1]
2530761:[2, 5, 6, 5, 3, 4, 6, 2, 2, 9]
2539338:[5, 4, 5, 7, 5, 5, 3, 2, 5, 1]
2542289:[4, 8, 1, 1, 5, 1, 3, 2, 2, 9]
2545965:[5, 4, 4, 5, 5, 5, 9, 1, 8, 1]
2552436:[3, 8, 2, 0, 7, 8, 3, 2, 9, 1]
255244:[8, 6, 6, 8, 6, 8, 3, 0, 7, 8]
2552680:[5, 7, 6, 6, 7, 2, 3, 5, 2, 8]
2554171:[3, 8, 7, 4, 0, 2, 2, 8, 7, 8]
2554785:[9, 7, 9, 9, 0, 7, 6, 3, 9, 5]
2555328:[8, 1, 3, 6, 3, 8, 4, 0, 0, 0]
2557817:[7, 9, 5, 8, 9, 1, 3, 6, 9, 8]
2557830:[5, 7, 4, 1, 6, 0, 8, 2, 1, 1]
2559277:[4, 4, 2, 7, 4, 6, 4, 4, 9, 3]
2560646:[9, 5, 5, 8, 7, 4, 8, 9, 4, 2]
2560939:[9, 6, 7, 7, 8, 2, 0, 4, 2, 6]
2562493:[6, 4, 7, 3, 5, 8, 5, 9, 4, 3]
2563826:[1, 9, 8, 4, 6, 6, 1, 0, 4, 7]
2567295:[6, 5, 1, 7, 7, 9, 7, 1, 8, 5]
2568233:[4, 2, 6, 3, 1, 4, 5, 0, 1, 8]
2569758:[9, 6, 8, 0, 2, 7, 6, 7, 2, 7]
257274:[0, 6, 6, 6, 8, 9, 2, 6, 5, 2]
2575385:[2, 5, 1, 5, 7, 7, 6, 0, 9, 0]
2576997:[4, 7, 2, 7, 4, 4, 4, 4, 7, 8]
2579616:[8, 3, 0, 0, 8, 0, 6, 6, 8, 6]
2580032:[8, 4, 3, 1, 3, 0, 8, 6, 4, 2]
2584357:[0, 7, 9, 4, 0, 7, 1, 4, 5, 4]
2586267:[0, 8, 9, 8, 1, 8, 1, 8, 7, 4]
2591912:[8, 0, 4, 9, 7, 5, 3, 4, 5, 2]
2592395:[4, 1, 3, 5, 6, 2, 3, 9, 9, 5]
2593498:[9, 9, 7, 1, 6, 7, 8, 3, 1, 2]
2593805:[9, 6, 3, 6, 6, 5, 9, 1, 9, 6]
259380:[6, 8, 2, 5, 0, 2, 2, 6, 4, 5]
259572:[0, 4, 0, 9, 0, 1, 0, 1, 3, 3]
2596930:[7, 4, 9, 5, 1, 6, 5, 5, 9, 0]
2597253:[0, 9, 1, 3, 9, 8, 8, 4, 4, 1]
2597944:[7, 2, 0, 9, 0, 5, 8, 4, 0, 8]
2598053:[8, 2, 6, 7, 8, 8, 7, 1, 9, 0]
2598237:[3, 6, 3, 9, 7, 9, 5, 0, 9, 5]
2600858:[3, 8, 5, 7, 6, 7, 7, 1, 2, 5]
26032:[8, 5, 5, 2, 3, 7, 5, 2, 4, 2]
2603461:[5, 8, 8, 7, 5, 1, 1, 5, 6, 2]
2603612:[1, 7, 4, 5, 5, 1, 6, 0, 3, 0]
260509:[6, 8, 5, 1, 3, 0, 0, 9, 2, 2]
2606803:[6, 5, 5, 6, 7, 9, 5, 4, 4, 7]
2609030:[1, 8, 2, 8, 8, 4, 4, 4, 3, 7]
2609177:[8, 0, 9, 0, 2, 1, 5, 4, 6, 0]
260920:[5, 4, 7, 5, 1, 7, 1, 6, 4, 3]
2609252:[0, 5, 5, 6, 3, 2, 0, 0, 2, 1]
2611543:[8, 5, 5, 1, 9, 7, 6, 0, 8, 0]
2614178:[8, 0, 9, 9, 6, 5, 6, 1, 9, 6]
2614895:[2, 8, 5, 6, 0, 7, 7, 0, 5, 9]
2615958:[6, 4, 2, 7, 7, 7, 1, 5, 7, 2]
2619292:[7, 9, 7, 7, 9, 9, 2, 3, 3, 9]
2622549:[2, 0, 8, 7, 1, 4, 7, 1, 3, 8]
2624759:[5, 1, 8, 3, 8, 5, 8, 5, 0, 6]
2629085:[7, 8, 0, 8, 3, 6, 0, 1, 2, 8]
263074:[7, 3, 8, 0, 6, 8, 5, 8, 0, 7]
2631167:[5, 3, 7, 8, 8, 7, 0, 9, 5, 0]
2631691:[9, 7, 6, 4, 8, 5, 5, 9, 9, 8]
2632244:[8, 8, 8, 9, 9, 7, 9, 6, 0, 7]
2632537:[4, 1, 3, 8, 5, 7, 6, 9, 2, 9]
2632765:[8, 8, 4, 6, 2, 9, 3, 4, 6, 0]
2635384:[9, 7, 5, 3, 7, 4, 8, 0, 4, 0]
2635579:[3, 5, 9, 5, 9, 5, 1, 3, 6, 2]
2637783:[8, 4, 3, 2, 3, 7, 1, 2, 9, 3]
2641546:[2, 1, 4, 3, 3, 3, 2, 6, 8, 6]
2641826:[8, 4, 8, 2, 4, 9, 7, 9, 7, 7]
2643004:[5, 2, 8, 1, 9, 6, 9, 9, 9, 3]
264431:[7, 0, 7, 8, 5, 4, 1, 7, 7, 0]
2648768:[5, 7, 4, 1, 6, 0, 8, 2, 1, 1]
2649332:[6, 3, 7, 0, 7, 9, 6, 6, 7, 7]
2650669:[3, 0, 4, 8, 6, 2, 3, 3, 0, 7]
2653493:[9, 8, 5, 3, 3, 9, 8, 8, 2, 0]
2656168:[1, 0, 9, 7, 5, 9, 9, 5, 5, 0]
265665:[4, 4, 6, 6, 5, 6, 7, 4, 9, 0]
2656913:[3, 2, 8, 4, 5, 7, 6, 9, 3, 7]
2658521:[3, 0, 9, 7, 8, 0, 7, 4, 3, 7]
2659106:[4, 5, 2, 7, 7, 8, 9, 2, 2, 7]
2659926:[2, 7, 5, 5, 3, 0, 3, 3, 3, 7]
2661100:[7, 6, 2, 3, 0, 9, 2, 0, 0, 0]
2664225:[0, 0, 0, 0, 6, 5, 1, 7, 3, 3]
2666599:[2, 6, 4, 9, 3, 6, 7, 1, 5, 8]
2668631:[9, 6, 9, 3, 3, 4, 0, 5, 5, 5]
2668689:[5, 4, 7, 0, 4, 9, 4, 8, 8, 7]
2669411:[2, 6, 3, 2, 7, 2, 1, 3, 9, 1]
2671250:[4, 3, 4, 9, 2, 3, 2, 5, 6, 6]
2672925:[3, 8, 1, 3, 0, 6, 3, 0, 6, 6]
2673554:[4, 5, 0, 3, 7, 7, 8, 4, 9, 3]
267387:[5, 6, 0, 4, 3, 0, 8, 6, 1, 2]
2674402:[7, 5, 6, 7, 7, 9, 2, 3, 0, 0]
2676020:[3, 0, 4, 7, 4, 4, 4, 8, 4, 6]
2680481:[8, 4, 6, 4, 1, 8, 9, 1, 8, 6]
2681701:[9, 6, 3, 0, 2, 9, 3, 0, 4, 4]
2686447:[1, 4, 1, 8, 7, 5, 3, 1, 9, 7]
2688161:[1, 5, 7, 8, 3, 8, 7, 8, 6, 9]
2688995:[5, 8, 8, 5, 6, 4, 0, 2, 5, 0]
269111:[4, 2, 2, 4, 2, 5, 9, 7, 8, 0]
2694029:[5, 8, 1, 6, 7, 8, 0, 2, 6, 7]
2694744:[6, 8, 6, 3, 8, 7, 8, 8, 3, 8]
2695722:[2, 6, 5, 5, 0, 5, 8, 7, 1, 6]
2695840:[7, 3, 2, 0, 3, 4, 1, 0, 5, 6]
2697588:[8, 5, 8, 3, 8, 5, 8, 5, 8, 0]
2697849:[5, 6, 2, 2, 0, 7, 7, 2, 9, 8]
2698346:[3, 0, 6, 1, 3, 4, 4, 2, 6, 7]
2699615:[7, 6, 7, 8, 1, 0, 1, 1, 2, 2]
2701247:[8, 2, 1, 9, 2, 1, 5, 6, 6, 2]
2711783:[5, 2, 1, 2, 0, 8, 9, 1, 8, 5]
27123:[6, 6, 3, 5, 2, 0, 9, 7, 7, 1]
2712645:[8, 1, 7, 2, 2, 8, 5, 8, 8, 8]
2713481:[2, 8, 7, 5, 8, 2, 3, 2, 5, 2]
2715841:[6, 7, 4, 0, 0, 0, 0, 6, 5, 4]
2719402:[8, 0, 0, 0, 4, 1, 1, 0, 6, 7]
2720180:[1, 8, 0, 5, 8, 4, 3, 9, 9, 6]
2720854:[8, 9, 2, 1, 9, 5, 7, 8, 1, 0]
2722206:[8, 1, 5, 5, 2, 9, 5, 1, 9, 9]
2724300:[8, 0, 4, 8, 9, 5, 5, 4, 9, 1]
2724891:[4, 3, 6, 3, 5, 0, 8, 8, 6, 2]
272794:[1, 0, 6, 5, 5, 2, 8, 4, 3, 8]
2730185:[2, 7, 3, 4, 7, 8, 7, 4, 9, 9]
2731519:[1, 4, 1, 9, 4, 5, 5, 3, 7, 0]
2733411:[7, 3, 6, 2, 4, 2, 4, 5, 0, 4]
2736851:[5, 4, 6, 7, 7, 9, 7, 5, 5, 7]
2737904:[8, 1, 1, 2, 7, 2, 8, 9, 1, 2]
2738033:[1, 9, 2, 6, 1, 7, 0, 8, 2, 4]
2738433:[3, 4, 3, 2, 8, 3, 8, 7, 3, 2]
2738931:[4, 7, 2, 7, 2, 9, 6, 3, 5, 8]
2739845:[0, 9, 0, 7, 5, 8, 5, 7, 6, 3]
2742484:[3, 5, 2, 0, 6, 2, 3, 3, 6, 7]
2742754:[8, 0, 8, 8, 7, 6, 7, 6, 3, 5]
274340:[5, 2, 9, 1, 2, 5, 1, 9, 2, 3]
2743547:[7, 0, 1, 3, 5, 0, 5, 3, 3, 3]
2745019:[1, 3, 6, 2, 9, 9, 9, 1, 9, 7]
2745433:[0, 3, 1, 2, 4, 5, 6, 2, 1, 1]
2746248:[6, 5, 4, 6, 2, 2, 3, 1, 0, 6]
2746362:[6, 4, 2, 9, 9, 5, 7, 4, 2, 6]
2747032:[0, 6, 7, 6, 5, 4, 1, 4, 7, 8]
2750008:[7, 9, 7, 5, 8, 8, 3, 0, 5, 8]
2750683:[3, 7, 5, 3, 8, 2, 1, 6, 3, 0]
2753331:[1, 3, 1, 0, 9, 3, 3, 4, 3, 7]
2756865:[1, 0, 0, 2, 1, 4, 3, 3, 9, 1]
2761814:[4, 4, 6, 1, 1, 5, 3, 3, 3, 4]
2762469:[5, 7, 5, 9, 0, 0, 5, 8, 1, 6]
2766506:[8, 1, 3, 3, 8, 7, 6, 1, 8, 6]
2768510:[7, 9, 4, 6, 6, 9, 6, 7, 3, 6]
2770343:[7, 5, 7, 8, 4, 2, 8, 7, 8, 0]
2770372:[2, 0, 2, 0, 4, 7, 1, 1, 4, 0]
2772040:[4, 9, 3, 8, 7, 6, 2, 2, 5, 2]
277331:[5, 9, 8, 7, 1, 7, 3, 0, 3, 5]
2773947:[5, 9, 5, 8, 3, 9, 1, 5, 8, 9]
2780089:[8, 3, 6, 6, 0, 9, 9, 5, 9, 1]
2780606:[0, 4, 6, 1, 5, 2, 7, 9, 9, 8]
2784641:[7, 4, 4, 7, 0, 3, 6, 2, 8, 8]
2784763:[9, 9, 5, 1, 7, 0, 5, 8, 4, 1]
2785759:[9, 8, 9, 5, 0, 0, 3, 3, 9, 5]
2791332:[8, 5, 3, 4, 7, 4, 1, 1, 4, 6]
2791485:[6, 0, 4, 1, 6, 9, 8, 9, 0, 0]
2792837:[7, 0, 8, 9, 4, 2, 3, 2, 6, 7]
2794908:[8, 9, 5, 5, 6, 3, 7, 7, 4, 2]
2799638:[1, 0, 2, 0, 4, 5, 4, 0, 2, 1]
2800975:[4, 2, 1, 8, 8, 5, 2, 4, 8, 7]
2800990:[8, 6, 0, 8, 7, 3, 8, 0, 5, 1]
280313:[1, 7, 8, 8, 4, 1, 7, 3, 1, 7]
28032:[1, 8, 1, 9, 3, 4, 2, 0, 5, 3]
2804452:[1, 4, 9, 1, 7, 4, 2, 5, 5, 3]
280549:[2, 6, 9, 9, 9, 7, 5, 3, 4, 9]
2806024:[8, 5, 3, 2, 5, 6, 5, 8, 0, 2]
2808676:[1, 0, 4, 5, 9, 0, 1, 8, 9, 7]
2810054:[6, 1, 3, 6, 7, 4, 5, 1, 1, 0]
2816266:[8, 2, 5, 7, 2, 2, 8, 8, 6, 0]
2816386:[0, 0, 8, 5, 1, 6, 5, 1, 2, 7]
2817064:[4, 4, 4, 6, 4, 4, 8, 5, 0, 1]
2820082:[9, 3, 3, 0, 8, 7, 5, 4, 2, 8]
282386:[4, 9, 5, 3, 0, 8, 8, 6, 5, 3]
2823987:[0, 4, 7, 8, 4, 7, 7, 3, 3, 8]
2828158:[6, 1, 9, 2, 4, 8, 8, 3, 5, 5]
2829520:[1, 5, 0, 7, 4, 1, 3, 5, 5, 5]
2830187:[8, 3, 3, 8, 4, 1, 0, 6, 1, 2]
2831421:[2, 5, 5, 5, 6, 6, 7, 3, 5, 9]
2835256:[5, 5, 1, 7, 6, 1, 3, 5, 1, 7]
2838049:[4, 7, 7, 9, 9, 0, 9, 9, 1, 4]
2839297:[4, 6, 1, 2, 6, 5, 9, 0, 4, 7]
2841843:[6, 7, 2, 8, 9, 4, 8, 4, 0, 5]
2842418:[3, 2, 6, 6, 9, 8, 9, 4, 0, 3]
2843381:[5, 8, 5, 5, 8, 0, 6, 9, 6, 6]
2846804:[6, 9, 6, 0, 7, 8, 6, 0, 9, 9]
2849595:[9, 4, 0, 7, 4, 3, 1, 6, 1, 9]
2853637:[8, 0, 3, 3, 0, 9, 8, 0, 1, 6]
2855730:[1, 0, 5, 3, 0, 6, 4, 4, 0, 4]
2855868:[9, 2, 4, 2, 6, 4, 3, 2, 5, 4]
2857137:[0, 7, 0, 9, 8, 2, 4, 3, 9, 2]
2858205:[5, 3, 5, 3, 1, 6, 1, 5, 0, 3]
2858621:[1, 6, 7, 2, 4, 9, 3, 2, 9, 7]
2862574:[5, 0, 4, 0, 0, 6, 5, 0, 5, 6]
2864216:[7, 0, 1, 8, 3, 2, 0, 7, 5, 3]
2864225:[3, 6, 7, 7, 7, 3, 6, 4, 9, 7]
2866974:[8, 2, 5, 4, 4, 7, 5, 1, 5, 1]
2867079:[8, 6, 0, 2, 1, 3, 5, 6, 8, 4]
2870299:[2, 2, 1, 2, 7, 9, 2, 2, 8, 0]
2870380:[2, 8, 6, 6, 2, 9, 7, 1, 5, 2]
2872872:[3, 0, 8, 8, 4, 8, 6, 6, 2, 4]
2876952:[8, 2, 2, 4, 5, 8, 5, 6, 6, 8]
2878714:[8, 1, 7, 3, 7, 9, 1, 2, 8, 2]
28791:[3, 3, 5, 6, 1, 8, 4, 1, 7, 3]
2881101:[8, 8, 1, 4, 5, 2, 2, 9, 2, 9]
2881441:[6, 0, 6, 3, 9, 6, 0, 2, 3, 1]
2885820:[2, 1, 3, 0, 3, 2, 6, 2, 8, 0]
2896325:[5, 4, 9, 7, 8, 7, 1, 7, 1, 6]
2896998:[8, 8, 3, 8, 9, 2, 1, 8, 2, 2]
2897055:[9, 7, 4, 5, 3, 7, 2, 7, 2, 6]
2900899:[3, 7, 6, 5, 3, 1, 7, 2, 8, 7]
2901438:[9, 2, 3, 6, 7, 2, 8, 1, 3, 3]
2909271:[6, 3, 0, 1, 3, 4, 9, 3, 3, 8]
2914708:[6, 4, 1, 3, 7, 4, 8, 7, 9, 7]
2915020:[8, 6, 2, 0, 9, 0, 9, 2, 4, 6]
2916297:[4, 3, 1, 4, 0, 5, 7, 0, 5, 1]
2917573:[8, 1, 3, 6, 4, 6, 7, 9, 5, 9]
2922137:[4, 7, 0, 9, 2, 4, 6, 6, 9, 6]
2923435:[5, 0, 0, 6, 1, 1, 5, 5, 6, 8]
2924050:[3, 1, 3, 8, 9, 4, 3, 8, 5, 9]
2924105:[3, 7, 2, 9, 2, 1, 0, 3, 4, 1]
2925931:[7, 0, 0, 5, 3, 5, 9, 5, 8, 7]
2930969:[2, 9, 3, 3, 7, 7, 7, 3, 3, 7]
293156:[0, 7, 6, 8, 1, 1, 1, 6, 1, 0]
2933536:[2, 4, 9, 7, 2, 0, 3, 8, 1, 3]
2936672:[7, 1, 0, 3, 9, 5, 5, 7, 9, 9]
2937548:[3, 5, 3, 9, 7, 0, 4, 9, 0, 0]
2937946:[3, 9, 9, 9, 5, 2, 8, 4, 0, 1]
2938940:[0, 8, 0, 2, 0, 2, 1, 9, 0, 2]
2939166:[8, 7, 6, 9, 9, 0, 6, 8, 0, 3]
293982:[2, 7, 4, 5, 0, 7, 5, 2, 5, 9]
2944896:[2, 9, 8, 5, 1, 3, 6, 6, 9, 8]
2945857:[8, 4, 0, 9, 6, 5, 3, 9, 8, 5]
2947449:[2, 3, 0, 5, 4, 8, 7, 5, 7, 7]
2947904:[2, 4, 0, 8, 6, 3, 6, 3, 7, 0]
2949690:[8, 7, 8, 6, 3, 7, 3, 5, 5, 9]
2952196:[0, 4, 8, 4, 4, 0, 8, 8, 6, 7]
2955622:[0, 7, 1, 4, 6, 6, 0, 2, 1, 4]
2956475:[1, 5, 5, 2, 9, 5, 6, 8, 3, 7]
2960615:[3, 6, 2, 8, 0, 2, 5, 2, 0, 8]
2963652:[7, 0, 9, 4, 1, 1, 8, 8, 8, 8]
2963789:[8, 4, 3, 5, 4, 7, 3, 2, 5, 8]
2964875:[9, 9, 9, 4, 9, 2, 0, 4, 0, 0]
2971495:[5, 4, 7, 0, 5, 6, 5, 9, 4, 1]
2972063:[7, 0, 8, 4, 2, 4, 2, 5, 6, 9]
2972504:[4, 6, 0, 3, 7, 6, 5, 3, 9, 0]
2973680:[4, 9, 9, 6, 0, 4, 6, 8, 3, 6]
2974296:[0, 4, 5, 7, 1, 0, 8, 7, 6, 1]
2974821:[8, 0, 1, 5, 2, 3, 8, 0, 8, 8]
2976444:[2, 0, 2, 7, 6, 2, 2, 8, 4, 1]
2980834:[8, 1, 6, 1, 1, 4, 4, 2, 5, 3]
298128:[2, 5, 2, 2, 3, 7, 7, 2, 8, 9]
2983676:[9, 3, 1, 3, 8, 7, 2, 0, 0, 9]
2984216:[4, 1, 2, 9, 7, 9, 7, 6, 8, 2]
2986591:[5, 0, 1, 4, 4, 0, 3, 9, 7, 1]
2989037:[5, 8, 5, 3, 3, 9, 3, 8, 3, 4]
2989517:[9, 0, 9, 2, 5, 2, 5, 6, 0, 8]
298970:[4, 2, 2, 7, 3, 7, 8, 0, 9, 4]
2994586:[8, 2, 0, 7, 4, 9, 4, 9, 9, 9]
2998153:[8, 6, 2, 5, 3, 9, 5, 9, 1, 3]
299857:[6, 1, 3, 5, 7, 9, 5, 5, 2, 2]
300290:[8, 6, 4, 4, 1, 7, 5, 2, 6, 2]
3003802:[3, 1, 9, 8, 6, 3, 5, 0, 4, 2]
3004561:[4, 3, 7, 6, 2, 9, 7, 4, 9, 0]
3004822:[8, 0, 3, 4, 3, 8, 3, 0, 0, 5]
3005195:[9, 9, 2, 3, 3, 9, 2, 3, 2, 0]
300656:[7, 6, 9, 5, 4, 5, 2, 4, 6, 7]
3007760:[0, 4, 7, 7, 3, 0, 3, 0, 9, 7]
3008077:[7, 6, 2, 3, 7, 3, 6, 5, 0, 9]
3008270:[4, 2, 3, 1, 6, 9, 9, 8, 5, 9]
3008573:[2, 4, 4, 6, 4, 7, 5, 2, 6, 2]
3009335:[4, 8, 0, 7, 3, 7, 5, 6, 9, 7]
3011278:[7, 2, 5, 6, 8, 1, 5, 7, 7, 3]
3011727:[8, 3, 5, 6, 9, 3, 3, 6, 4, 1]
3015805:[0, 7, 7, 3, 9, 9, 8, 6, 9, 3]
301712:[5, 9, 1, 8, 2, 7, 1, 1, 3, 9]
3017555:[1, 0, 9, 1, 7, 4, 4, 7, 8, 7]
3018174:[7, 8, 2, 0, 7, 7, 7, 2, 3, 7]
3018203:[6, 3, 0, 1, 3, 4, 2, 8, 2, 9]
3020511:[8, 4, 8, 1, 7, 7, 8, 1, 8, 7]
3022446:[4, 0, 5, 4, 9, 0, 3, 6, 9, 4]
3023808:[0, 2, 7, 5, 9, 7, 9, 1, 0, 2]
3024686:[6, 6, 2, 1, 9, 0, 0, 0, 5, 8]
3025526:[7, 8, 2, 5, 4, 4, 3, 4, 2, 8]
3026051:[4, 0, 0, 9, 7, 6, 4, 6, 1, 7]
3028107:[9, 2, 8, 4, 0, 0, 8, 9, 7, 0]
3029017:[1, 0, 5, 2, 1, 3, 7, 7, 8, 2]
3029148:[9, 4, 7, 5, 8, 5, 1, 0, 5, 7]
3032316:[5, 7, 6, 9, 8, 9, 9, 3, 8, 8]
3033281:[4, 5, 6, 2, 6, 5, 3, 2, 8, 1]
3035213:[1, 7, 6, 0, 7, 6, 6, 7, 1, 2]
3035715:[7, 9, 0, 0, 1, 9, 6, 4, 0, 7]
303737:[7, 1, 2, 6, 5, 8, 1, 3, 0, 0]
3039520:[5, 0, 3, 5, 5, 8, 1, 9, 6, 1]
3041694:[4, 4, 4, 6, 2, 6, 9, 1, 0, 9]
304379:[1, 6, 8, 2, 8, 4, 2, 2, 0, 9]
3043877:[0, 2, 4, 8, 4, 1, 8, 0, 3, 9]
3044940:[7, 4, 5, 2, 3, 3, 9, 4, 1, 3]
3046782:[6, 9, 8, 2, 0, 1, 0, 3, 5, 0]
3046893:[6, 6, 5, 2, 0, 8, 5, 7, 8, 9]
3048516:[6, 1, 5, 7, 8, 2, 3, 3, 5, 5]
3048782:[5, 0, 8, 0, 7, 7, 6, 5, 5, 8]
3051104:[9, 3, 1, 2, 3, 7, 9, 1, 3, 9]
3051486:[7, 2, 1, 0, 0, 8, 4, 3, 2, 4]
3052577:[7, 8, 0, 5, 3, 8, 4, 8, 6, 9]
3053391:[3, 7, 1, 5, 7, 0, 0, 1, 1, 0]
3057011:[0, 6, 3, 7, 8, 0, 3, 2, 4, 6]
3057371:[4, 2, 3, 6, 0, 0, 6, 7, 3, 8]
3060903:[4, 9, 3, 8, 2, 8, 9, 4, 8, 1]
3060967:[5, 6, 6, 5, 6, 1, 2, 1, 6, 2]
3061964:[0, 4, 8, 2, 2, 1, 3, 2, 2, 9]
3064329:[9, 3, 1, 5, 1, 2, 7, 1, 1, 0]
3065965:[7, 7, 1, 5, 2, 1, 8, 7, 6, 6]
3068379:[7, 9, 3, 7, 7, 6, 7, 4, 9, 9]
3072231:[8, 8, 9, 7, 6, 7, 4, 0, 8, 1]
3082428:[8, 7, 9, 7, 1, 6, 5, 1, 7, 1]
3085993:[3, 3, 4, 1, 4, 7, 1, 2, 4, 0]
309060:[7, 0, 8, 7, 3, 3, 9, 6, 7, 5]
3093151:[8, 8, 9, 0, 4, 5, 4, 6, 6, 2]
3094206:[9, 4, 8, 5, 9, 1, 8, 4, 2, 4]
3094380:[0, 6, 6, 7, 3, 3, 1, 8, 4, 1]
3094394:[2, 9, 0, 1, 2, 9, 0, 6, 8, 6]
3096541:[8, 5, 6, 0, 0, 2, 7, 3, 8, 5]
3097930:[0, 2, 5, 7, 4, 5, 5, 1, 6, 3]
3098228:[3, 4, 2, 4, 3, 9, 1, 5, 3, 3]
3101949:[5, 4, 0, 6, 8, 0, 3, 7, 6, 2]
3104522:[4, 0, 4, 5, 0, 7, 0, 3, 4, 2]
3105927:[1, 9, 6, 7, 8, 7, 8, 0, 4, 1]
3106835:[6, 8, 2, 4, 1, 1, 5, 3, 3, 7]
310903:[3, 8, 5, 6, 6, 9, 3, 3, 9, 0]
3109099:[0, 4, 0, 3, 4, 4, 1, 3, 8, 2]
3109803:[1, 2, 4, 0, 1, 5, 9, 4, 9, 1]
3111415:[2, 7, 8, 2, 8, 7, 3, 4, 5, 8]
3111679:[5, 0, 5, 6, 2, 5, 3, 2, 3, 5]
3113440:[8, 4, 6, 1, 4, 9, 4, 1, 5, 6]
3115644:[2, 7, 6, 2, 3, 5, 6, 9, 4, 7]
3115689:[4, 1, 5, 2, 0, 9, 5, 4, 0, 1]
3115824:[8, 5, 2, 1, 9, 7, 8, 8, 1, 8]
3116048:[8, 0, 3, 6, 4, 1, 7, 0, 9, 2]
31174:[8, 3, 4, 9, 1, 8, 5, 8, 8, 2]
3117986:[5, 0, 7, 3, 2, 8, 9, 7, 2, 4]
3118666:[8, 5, 1, 9, 2, 1, 3, 4, 4, 1]
3119209:[0, 1, 0, 1, 4, 4, 1, 4, 1, 9]
3119979:[7, 3, 5, 2, 9, 3, 3, 6, 5, 3]
3120053:[6, 2, 6, 3, 2, 9, 0, 7, 8, 8]
3120718:[1, 9, 5, 5, 9, 9, 3, 6, 5, 7]
3121962:[9, 1, 2, 5, 5, 6, 7, 2, 1, 3]
3124661:[8, 8, 2, 6, 3, 1, 4, 0, 8, 5]
3126789:[8, 3, 2, 0, 1, 8, 5, 9, 6, 1]
3127262:[4, 0, 0, 9, 8, 5, 8, 8, 1, 1]
3129270:[3, 0, 2, 9, 5, 4, 8, 6, 1, 1]
3132882:[0, 5, 4, 0, 3, 7, 6, 2, 5, 8]
3133859:[8, 1, 2, 2, 7, 1, 7, 4, 9, 2]
3134461:[1, 9, 7, 3, 6, 3, 7, 9, 2, 2]
3137611:[4, 1, 5, 2, 8, 2, 8, 5, 3, 2]
3139031:[7, 5, 2, 3, 6, 6, 8, 0, 3, 3]
3139713:[6, 8, 0, 2, 0, 0, 7, 4, 7, 6]
3140725:[2, 6, 7, 4, 1, 7, 4, 6, 4, 2]
3144221:[3, 0, 9, 1, 4, 5, 8, 6, 7, 5]
3144676:[4, 6, 6, 3, 5, 5, 4, 4, 1, 1]
3145658:[5, 1, 2, 8, 0, 7, 3, 0, 0, 7]
3147518:[6, 1, 0, 7, 6, 0, 0, 0, 6, 0]
3149517:[7, 4, 6, 7, 9, 1, 6, 7, 7, 8]
3149930:[4, 9, 3, 5, 4, 2, 1, 6, 5, 1]
3150780:[0, 6, 5, 9, 0, 8, 9, 9, 9, 8]
3153880:[0, 4, 9, 0, 8, 0, 8, 9, 0, 2]
315655:[6, 9, 2, 9, 4, 6, 4, 4, 6, 8]
315799:[9, 2, 6, 5, 6, 0, 1, 0, 8, 5]
3159961:[9, 3, 4, 7, 0, 2, 4, 3, 8, 0]
3160551:[8, 4, 0, 0, 4, 3, 0, 3, 6, 7]
3165740:[6, 3, 7, 5, 7, 8, 7, 0, 8, 4]
3169741:[7, 2, 6, 3, 7, 5, 3, 2, 3, 9]
3170199:[8, 6, 4, 3, 9, 8, 0, 3, 4, 1]
3170277:[4, 5, 9, 0, 4, 7, 4, 9, 6, 1]
3172768:[4, 0, 0, 1, 6, 8, 4, 9, 5, 6]
3173037:[5, 3, 4, 5, 1, 0, 1, 6, 7, 0]
3173780:[8, 2, 2, 0, 0, 5, 7, 0, 0, 0]
317532:[8, 3, 8, 8, 7, 4, 5, 4, 0, 7]
317571:[3, 2, 2, 9, 8, 3, 1, 7, 2, 0]
3180188:[6, 6, 3, 5, 8, 3, 7, 2, 1, 1]
3182234:[8, 3, 6, 1, 9, 2, 5, 5, 7, 4]
3182772:[5, 4, 2, 6, 9, 6, 2, 9, 8, 9]
3182797:[2, 2, 9, 3, 7, 6, 8, 2, 3, 2]
3183268:[6, 1, 3, 5, 6, 5, 5, 9, 8, 2]
3183343:[0, 7, 2, 9, 5, 7, 8, 0, 9, 2]
3188608:[5, 9, 8, 9, 2, 0, 3, 7, 8, 0]
3190102:[1, 9, 2, 7, 3, 8, 8, 0, 2, 3]
3190321:[5, 6, 8, 2, 5, 2, 5, 3, 1, 7]
3191083:[3, 9, 1, 5, 8, 0, 8, 2, 5, 6]
3193028:[6, 4, 1, 7, 6, 7, 0, 1, 8, 1]
3193414:[7, 2, 3, 7, 6, 2, 9, 3, 9, 0]
3194089:[8, 2, 3, 3, 1, 3, 6, 9, 3, 6]
3194540:[4, 3, 2, 5, 0, 8, 3, 7, 7, 5]
3195310:[5, 0, 0, 4, 3, 9, 5, 8, 6, 6]
3196103:[7, 8, 4, 9, 8, 3, 3, 9, 1, 1]
3199221:[4, 7, 7, 5, 3, 0, 7, 4, 1, 9]
3200137:[7, 0, 2, 3, 2, 7, 6, 0, 7, 8]
3200200:[6, 1, 2, 8, 2, 5, 0, 2, 9, 0]
3201188:[2, 1, 9, 8, 0, 8, 7, 0, 1, 6]
3203998:[4, 6, 8, 6, 7, 3, 5, 2, 9, 3]
3205504:[0, 9, 0, 9, 0, 9, 7, 3, 6, 1]
3206309:[0, 9, 5, 8, 3, 4, 5, 1, 2, 2]
3206706:[9, 4, 7, 5, 2, 4, 4, 9, 1, 2]
3207939:[0, 9, 3, 3, 8, 3, 9, 3, 2, 2]
3208183:[1, 1, 1, 6, 4, 7, 3, 6, 9, 2]
3210207:[6, 1, 1, 7, 0, 6, 3, 8, 6, 2]
3211759:[8, 3, 7, 0, 6, 5, 4, 3, 4, 8]
3212798:[8, 7, 1, 1, 6, 5, 9, 3, 1, 6]
3213503:[1, 6, 7, 2, 5, 6, 7, 4, 5, 8]
3219348:[1, 3, 1, 4, 7, 0, 2, 3, 9, 9]
3219464:[8, 6, 1, 1, 4, 8, 7, 2, 3, 4]
3219488:[7, 1, 2, 6, 9, 5, 3, 4, 5, 7]
3220677:[8, 0, 3, 1, 0, 4, 5, 6, 2, 2]
322107:[8, 4, 3, 3, 0, 1, 8, 3, 9, 2]
3224854:[6, 9, 8, 6, 9, 7, 0, 6, 7, 5]
3227604:[5, 4, 1, 0, 7, 2, 9, 7, 2, 4]
3229240:[4, 8, 2, 8, 1, 7, 8, 1, 0, 1]
3234720:[3, 9, 9, 5, 4, 9, 2, 3, 3, 4]
3235110:[7, 0, 0, 6, 1, 7, 5, 5, 7, 1]
3238254:[8, 4, 7, 7, 6, 9, 0, 3, 4, 3]
3238516:[3, 3, 4, 8, 4, 1, 7, 2, 6, 9]
3240412:[5, 6, 5, 6, 9, 1, 0, 7, 7, 1]
3240644:[0, 5, 6, 1, 0, 3, 2, 5, 8, 6]
3240800:[1, 6, 4, 5, 4, 6, 2, 2, 1, 4]
3242503:[9, 6, 8, 2, 4, 0, 5, 3, 8, 1]
3243684:[0, 0, 1, 9, 0, 8, 5, 7, 4, 5]
324542:[9, 7, 9, 2, 6, 3, 4, 7, 5, 9]
3248136:[8, 7, 7, 1, 9, 6, 3, 9, 3, 7]
3259007:[5, 9, 0, 0, 6, 5, 4, 7, 4, 1]
32602:[5, 0, 8, 7, 2, 2, 6, 1, 4, 6]
3264494:[5, 0, 6, 6, 0, 2, 3, 2, 8, 3]
3264864:[6, 2, 6, 0, 3, 4, 3, 2, 3, 4]
3265571:[0, 0, 3, 1, 2, 0, 8, 5, 6, 3]
3269528:[9, 8, 5, 8, 1, 9, 6, 0, 5, 1]
3269932:[4, 7, 5, 4, 4, 2, 9, 3, 1, 6]
327176:[1, 8, 2, 9, 3, 8, 3, 0, 1, 2]
331372:[1, 3, 4, 5, 8, 6, 4, 7, 4, 5]
331957:[2, 3, 0, 7, 9, 5, 9, 7, 8, 0]
333405:[8, 3, 0, 6, 5, 1, 6, 7, 5, 3]
334274:[8, 4, 8, 4, 7, 3, 3, 5, 8, 1]
334347:[0, 1, 7, 2, 8, 0, 6, 3, 5, 4]
335171:[8, 1, 5, 3, 9, 6, 9, 5, 1, 6]
337754:[3, 7, 8, 7, 8, 1, 0, 3, 6, 9]
339902:[8, 9, 9, 3, 0, 4, 2, 3, 2, 3]
344000:[5, 2, 3, 3, 2, 6, 9, 3, 2, 6]
346958:[2, 6, 0, 1, 2, 0, 5, 0, 9, 1]
347690:[2, 1, 5, 5, 9, 0, 5, 4, 7, 7]
349861:[1, 7, 1, 8, 1, 8, 2, 7, 5, 8]
351523:[9, 1, 8, 1, 4, 2, 2, 5, 5, 0]
354196:[4, 7, 4, 2, 0, 4, 2, 8, 5, 4]
356075:[6, 1, 2, 1, 9, 7, 5, 0, 6, 1]
356460:[7, 7, 9, 2, 2, 0, 8, 0, 2, 6]
356799:[6, 4, 5, 0, 1, 5, 0, 3, 6, 1]
359101:[9, 6, 7, 3, 6, 7, 1, 3, 2, 6]
360819:[3, 3, 6, 3, 0, 5, 9, 0, 7, 7]
365998:[9, 9, 4, 3, 9, 8, 4, 2, 0, 5]
366778:[7, 3, 5, 8, 3, 2, 1, 9, 9, 7]
373686:[7, 3, 7, 4, 4, 5, 2, 4, 0, 4]
374659:[0, 5, 1, 6, 2, 7, 6, 5, 1, 5]
376406:[1, 9, 5, 7, 9, 1, 2, 8, 9, 6]
376608:[8, 9, 7, 3, 5, 1, 3, 1, 3, 1]
37850:[7, 0, 4, 1, 6, 3, 3, 6, 9, 8]
384166:[4, 4, 2, 7, 4, 0, 6, 6, 8, 5]
384817:[3, 3, 3, 3, 7, 5, 8, 6, 4, 9]
385864:[7, 2, 6, 7, 2, 2, 0, 9, 9, 7]
385887:[7, 7, 7, 9, 5, 9, 8, 8, 0, 8]
385907:[3, 7, 9, 7, 4, 3, 0, 9, 3, 5]
386865:[8, 0, 1, 0, 3, 6, 3, 9, 0, 8]
386965:[9, 7, 5, 6, 8, 6, 9, 5, 5, 0]
387474:[8, 3, 8, 7, 1, 4, 5, 8, 0, 4]
390911:[3, 5, 5, 0, 0, 6, 4, 5, 5, 4]
393428:[3, 7, 2, 4, 6, 6, 2, 6, 2, 3]
394985:[8, 9, 8, 8, 8, 2, 9, 4, 6, 6]
395207:[1, 4, 7, 5, 4, 1, 6, 7, 3, 7]
396279:[8, 1, 3, 5, 0, 6, 3, 9, 2, 2]
397644:[8, 0, 7, 3, 9, 9, 5, 7, 5, 5]
398936:[2, 3, 3, 2, 2, 4, 9, 1, 5, 0]
400524:[3, 9, 9, 3, 4, 1, 8, 4, 9, 2]
40263:[4, 8, 5, 1, 9, 0, 6, 5, 9, 9]
403318:[4, 1, 7, 5, 4, 5, 9, 2, 6, 4]
404524:[7, 7, 6, 0, 2, 4, 9, 5, 6, 5]
405432:[6, 5, 6, 9, 7, 2, 8, 6, 0, 5]
406650:[8, 1, 2, 0, 9, 4, 3, 5, 5, 8]
409811:[8, 0, 6, 9, 5, 8, 3, 0, 8, 4]
410657:[8, 6, 3, 0, 4, 2, 2, 7, 1, 8]
415760:[9, 4, 7, 1, 0, 0, 8, 5, 7, 7]
417128:[7, 8, 5, 3, 6, 9, 8, 2, 8, 0]
417245:[5, 0, 7, 8, 7, 6, 1, 0, 4, 5]
418107:[6, 0, 5, 5, 9, 2, 8, 4, 0, 8]
419414:[4, 7, 5, 5, 9, 6, 8, 3, 0, 0]
424197:[5, 9, 0, 2, 8, 6, 5, 0, 8, 3]
428918:[2, 4, 5, 0, 2, 9, 2, 4, 7, 5]
42895:[9, 6, 1, 6, 2, 4, 5, 7, 7, 1]
429301:[6, 2, 5, 6, 2, 9, 4, 6, 9, 2]
430135:[4, 3, 3, 4, 0, 2, 6, 2, 3, 2]
431121:[5, 6, 2, 3, 5, 0, 2, 7, 3, 9]
431722:[8, 6, 8, 3, 0, 4, 5, 6, 8, 2]
43350:[2, 9, 5, 7, 0, 2, 3, 3, 7, 0]
435119:[8, 9, 8, 8, 1, 8, 3, 6, 7, 4]
43511:[3, 4, 6, 3, 2, 6, 6, 3, 4, 5]
438234:[8, 5, 9, 3, 9, 3, 4, 2, 0, 1]
440896:[8, 6, 5, 4, 9, 8, 5, 4, 4, 5]
442428:[4, 9, 2, 3, 8, 7, 8, 5, 9, 9]
443093:[5, 4, 3, 2, 2, 5, 8, 2, 5, 7]
446290:[9, 8, 6, 2, 9, 1, 6, 0, 6, 1]
449709:[0, 9, 3, 4, 9, 9, 6, 3, 0, 0]
452980:[7, 4, 0, 7, 1, 6, 8, 2, 4, 2]
454671:[4, 6, 0, 2, 2, 8, 5, 8, 0, 2]
454850:[4, 5, 8, 3, 8, 9, 0, 7, 9, 3]
456018:[5, 3, 6, 6, 8, 8, 0, 9, 7, 0]
456203:[7, 7, 5, 6, 1, 0, 7, 4, 9, 6]
457027:[9, 0, 7, 4, 9, 7, 3, 5, 9, 3]
458926:[3, 1, 4, 3, 2, 2, 1, 2, 7, 2]
46092:[8, 7, 5, 0, 8, 9, 5, 5, 0, 2]
460997:[0, 3, 3, 9, 9, 0, 5, 5, 1, 3]
46452:[3, 1, 1, 4, 1, 1, 6, 6, 3, 2]
469617:[0, 2, 4, 0, 7, 2, 6, 3, 3, 5]
471644:[8, 8, 7, 3, 5, 7, 0, 1, 1, 5]
472884:[1, 8, 3, 1, 2, 6, 9, 4, 8, 6]
473868:[0, 4, 4, 1, 1, 2, 2, 6, 8, 6]
47630:[3, 0, 7, 9, 5, 9, 2, 4, 0, 2]
478532:[8, 7, 1, 2, 8, 5, 7, 5, 9, 2]
479903:[8, 3, 8, 9, 5, 3, 0, 3, 7, 7]
481128:[8, 2, 1, 4, 3, 2, 8, 1, 1, 1]
486659:[1, 4, 8, 8, 0, 2, 6, 3, 5, 0]
48693:[8, 9, 0, 1, 7, 8, 1, 8, 9, 0]
491093:[3, 7, 6, 3, 8, 6, 5, 2, 9, 2]
4942:[0, 3, 0, 4, 4, 4, 8, 0, 0, 6]
494967:[2, 1, 7, 8, 7, 4, 0, 5, 7, 7]
496178:[5, 9, 9, 5, 3, 5, 1, 6, 5, 5]
496725:[7, 3, 0, 0, 2, 5, 3, 0, 9, 7]
497331:[1, 3, 5, 2, 3, 9, 7, 6, 0, 7]
497380:[9, 8, 3, 0, 2, 6, 6, 9, 0, 8]
497894:[1, 4, 5, 5, 7, 1, 8, 8, 0, 0]
497944:[7, 4, 0, 0, 3, 8, 5, 3, 2, 6]
498633:[7, 4, 6, 0, 4, 0, 3, 6, 2, 9]
50133:[7, 5, 6, 8, 2, 7, 9, 8, 0, 0]
504615:[5, 8, 1, 6, 3, 4, 8, 7, 6, 7]
506455:[6, 0, 9, 7, 5, 1, 6, 8, 4, 1]
50656:[7, 5, 1, 6, 3, 8, 8, 9, 0, 0]
509708:[1, 9, 3, 9, 2, 9, 2, 4, 2, 6]
511592:[6, 2, 4, 1, 6, 8, 6, 0, 4, 8]
513664:[7, 6, 2, 8, 7, 9, 0, 3, 8, 5]
517199:[8, 0, 8, 4, 7, 7, 5, 5, 0, 0]
5184:[8, 6, 2, 7, 8, 4, 7, 3, 0, 1]
519105:[3, 3, 7, 9, 8, 4, 6, 5, 5, 1]
520606:[1, 1, 4, 7, 4, 5, 7, 9, 3, 3]
521896:[7, 9, 0, 4, 0, 8, 0, 0, 8, 6]
522096:[5, 6, 0, 5, 6, 6, 7, 0, 9, 2]
52309:[0, 2, 5, 9, 9, 4, 5, 6, 7, 7]
52409:[9, 5, 6, 2, 5, 6, 4, 8, 4, 3]
52528:[5, 9, 1, 1, 8, 1, 5, 6, 5, 2]
527788:[1, 5, 6, 8, 5, 3, 6, 4, 9, 1]
527964:[4, 7, 3, 4, 2, 3, 3, 9, 6, 8]
531080:[8, 6, 7, 9, 3, 0, 9, 3, 6, 9]
531161:[8, 3, 6, 8, 1, 9, 0, 5, 5, 0]
533700:[7, 0, 7, 5, 3, 1, 3, 1, 7, 4]
535285:[8, 8, 2, 5, 3, 3, 0, 6, 0, 9]
538020:[6, 0, 5, 1, 1, 3, 8, 3, 5, 8]
538337:[2, 6, 7, 4, 1, 7, 4, 6, 4, 2]
539591:[7, 8, 7, 1, 9, 6, 6, 0, 9, 2]
54002:[8, 0, 0, 6, 6, 4, 9, 0, 2, 0]
541105:[7, 1, 1, 8, 9, 2, 6, 9, 9, 5]
542585:[6, 1, 1, 4, 5, 4, 6, 8, 0, 4]
544017:[4, 5, 7, 8, 2, 9, 5, 6, 7, 2]
54515:[6, 0, 1, 6, 3, 3, 6, 6, 6, 2]
545944:[7, 3, 8, 0, 1, 4, 5, 1, 8, 7]
547641:[9, 3, 4, 1, 8, 9, 7, 6, 7, 0]
548072:[6, 9, 9, 1, 6, 3, 9, 2, 2, 5]
548987:[2, 1, 8, 5, 0, 1, 5, 1, 7, 9]
54902:[8, 4, 7, 4, 2, 5, 6, 8, 7, 3]
549571:[4, 5, 5, 1, 9, 1, 8, 9, 5, 0]
550012:[1, 3, 8, 5, 2, 9, 8, 7, 3, 2]
550419:[0, 2, 5, 4, 4, 2, 5, 0, 9, 2]
551041:[7, 9, 2, 7, 0, 8, 3, 0, 4, 5]
55163:[6, 9, 0, 4, 5, 6, 9, 7, 5, 1]
551787:[7, 2, 4, 1, 8, 6, 3, 5, 1, 9]
553278:[8, 1, 4, 2, 8, 1, 3, 7, 2, 7]
554148:[9, 2, 5, 3, 2, 7, 3, 3, 9, 3]
556553:[3, 3, 0, 8, 2, 5, 9, 4, 5, 4]
557567:[2, 5, 7, 8, 8, 6, 7, 3, 3, 4]
559460:[9, 0, 0, 4, 0, 9, 1, 2, 1, 5]
560286:[3, 0, 5, 5, 1, 0, 4, 4, 4, 3]
560775:[3, 0, 1, 9, 2, 2, 4, 0, 3, 2]
564869:[0, 1, 0, 9, 8, 3, 0, 1, 9, 7]
566493:[5, 8, 5, 7, 5, 8, 8, 5, 8, 3]
56736:[3, 7, 2, 6, 7, 7, 8, 2, 1, 1]
570326:[3, 0, 8, 2, 2, 2, 6, 3, 6, 1]
570482:[0, 1, 2, 8, 0, 6, 5, 8, 0, 1]
572546:[4, 0, 9, 1, 2, 7, 7, 0, 0, 8]
573415:[5, 5, 5, 7, 7, 9, 0, 6, 1, 1]
574947:[8, 6, 1, 1, 2, 8, 7, 9, 5, 7]
576796:[1, 0, 7, 9, 1, 3, 8, 3, 3, 0]
57775:[4, 3, 4, 2, 7, 1, 7, 0, 9, 8]
579244:[7, 9, 6, 3, 6, 9, 0, 4, 5, 6]
581634:[7, 6, 2, 4, 8, 6, 2, 8, 3, 1]
582275:[2, 7, 8, 3, 6, 4, 9, 2, 8, 0]
58349:[8, 2, 1, 9, 7, 9, 6, 9, 8, 4]
583988:[9, 3, 4, 0, 6, 6, 4, 8, 8, 3]
586873:[8, 6, 3, 5, 0, 8, 3, 1, 5, 8]
587857:[8, 2, 8, 2, 5, 1, 3, 0, 9, 3]
588732:[8, 8, 0, 9, 1, 7, 4, 1, 0, 6]
589318:[8, 0, 8, 1, 1, 7, 4, 5, 7, 7]
593514:[6, 9, 3, 9, 5, 9, 9, 6, 7, 1]
601942:[9, 0, 8, 3, 8, 2, 5, 0, 6, 2]
602238:[9, 3, 3, 1, 3, 5, 7, 9, 9, 0]
605216:[6, 1, 5, 9, 2, 0, 9, 5, 1, 7]
606742:[5, 2, 4, 2, 6, 7, 6, 4, 7, 9]
60698:[7, 3, 1, 0, 1, 2, 0, 1, 0, 4]
610374:[9, 1, 2, 7, 4, 1, 7, 1, 4, 5]
613048:[3, 7, 4, 3, 0, 8, 6, 0, 2, 8]
613078:[7, 6, 6, 7, 7, 5, 1, 7, 0, 0]
613551:[4, 5, 0, 1, 9, 2, 7, 4, 9, 7]
614860:[4, 0, 2, 8, 4, 9, 3, 3, 8, 2]
61682:[8, 7, 5, 4, 4, 7, 3, 4, 0, 2]
617671:[0, 9, 1, 9, 4, 2, 4, 3, 7, 1]
617813:[1, 0, 1, 4, 5, 8, 5, 7, 8, 5]
621612:[2, 4, 5, 1, 4, 5, 2, 8, 5, 1]
625340:[8, 9, 6, 0, 0, 3, 2, 8, 4, 3]
625701:[4, 2, 0, 8, 7, 6, 1, 5, 9, 7]
629263:[8, 1, 3, 2, 8, 8, 3, 5, 8, 2]
629890:[4, 4, 3, 5, 7, 1, 1, 8, 6, 3]
634861:[7, 5, 7, 9, 0, 1, 2, 9, 0, 0]
635179:[0, 4, 0, 8, 7, 0, 9, 1, 1, 1]
637581:[9, 6, 0, 7, 6, 0, 2, 1, 4, 3]
640268:[2, 0, 7, 6, 7, 2, 6, 4, 0, 1]
645294:[0, 2, 4, 3, 9, 8, 2, 3, 4, 4]
653425:[5, 7, 4, 1, 6, 0, 8, 2, 1, 1]
654700:[4, 0, 5, 4, 6, 3, 3, 6, 9, 8]
659438:[5, 2, 0, 7, 2, 0, 5, 9, 3, 2]
660264:[0, 7, 0, 9, 6, 7, 8, 2, 7, 2]
660944:[5, 7, 6, 4, 2, 6, 6, 6, 5, 2]
661095:[7, 3, 5, 0, 9, 0, 3, 6, 6, 6]
662642:[8, 0, 7, 2, 7, 4, 1, 4, 3, 6]
663109:[0, 4, 5, 4, 2, 0, 5, 9, 8, 0]
663492:[2, 5, 5, 8, 1, 6, 1, 3, 5, 2]
663879:[7, 1, 6, 7, 2, 4, 3, 0, 8, 6]
664413:[9, 4, 4, 1, 1, 5, 8, 1, 3, 3]
66680:[6, 0, 7, 6, 3, 2, 3, 9, 5, 2]
671125:[4, 6, 5, 8, 4, 2, 8, 9, 2, 1]
672940:[8, 1, 0, 3, 9, 9, 4, 9, 5, 3]
673531:[6, 1, 7, 1, 7, 3, 7, 9, 8, 8]
676405:[0, 3, 5, 4, 0, 6, 6, 3, 0, 8]
677768:[6, 8, 1, 2, 9, 4, 3, 7, 0, 3]
680457:[8, 0, 6, 1, 7, 9, 7, 2, 3, 1]
680740:[1, 7, 1, 8, 2, 6, 7, 0, 2, 7]
682159:[1, 3, 0, 3, 2, 7, 7, 6, 1, 1]
683660:[5, 3, 8, 8, 4, 5, 9, 5, 9, 7]
68556:[0, 9, 6, 3, 3, 5, 5, 7, 9, 7]
687327:[3, 6, 1, 8, 9, 2, 6, 1, 8, 0]
687426:[0, 1, 3, 7, 8, 2, 5, 5, 5, 3]
689271:[3, 4, 4, 2, 6, 4, 7, 0, 3, 5]
691254:[8, 1, 9, 9, 7, 3, 8, 8, 9, 8]
693393:[8, 2, 2, 6, 5, 7, 6, 6, 9, 6]
693530:[7, 7, 1, 8, 7, 9, 7, 2, 2, 8]
693857:[7, 8, 5, 3, 6, 9, 8, 2, 8, 0]
694264:[5, 3, 4, 9, 2, 4, 4, 2, 4, 5]
696305:[1, 2, 6, 4, 6, 3, 6, 1, 3, 9]
698913:[3, 4, 0, 8, 3, 0, 1, 6, 8, 6]
699106:[7, 2, 0, 3, 9, 4, 5, 9, 8, 6]
69930:[8, 3, 1, 6, 2, 0, 7, 3, 7, 3]
700188:[0, 8, 0, 4, 2, 1, 0, 0, 1, 8]
700211:[0, 8, 3, 4, 2, 0, 0, 8, 4, 5]
701080:[4, 1, 3, 8, 0, 5, 6, 4, 7, 3]
702012:[0, 3, 6, 5, 7, 0, 5, 5, 6, 3]
702871:[7, 3, 6, 3, 7, 7, 0, 1, 2, 9]
706118:[8, 5, 8, 5, 8, 4, 3, 9, 2, 3]
706775:[9, 0, 3, 7, 9, 2, 5, 2, 3, 9]
706822:[8, 7, 5, 7, 0, 6, 3, 2, 9, 8]
707145:[8, 0, 0, 4, 0, 4, 7, 8, 8, 2]
710341:[2, 5, 3, 2, 1, 6, 6, 1, 1, 0]
714137:[2, 8, 4, 6, 3, 9, 3, 4, 8, 0]
714214:[3, 8, 8, 8, 5, 6, 4, 0, 0, 8]
714947:[4, 5, 3, 5, 0, 8, 3, 7, 6, 1]
715919:[1, 6, 3, 9, 8, 8, 4, 3, 7, 7]
717898:[7, 6, 8, 7, 3, 9, 0, 3, 7, 2]
718592:[7, 1, 2, 6, 4, 7, 5, 9, 6, 0]
719779:[5, 8, 5, 0, 8, 2, 5, 1, 5, 3]
723671:[8, 7, 7, 0, 8, 5, 8, 0, 6, 8]
725983:[8, 5, 6, 0, 0, 7, 5, 8, 6, 9]
727384:[8, 6, 3, 7, 0, 6, 2, 3, 9, 2]
729096:[0, 6, 6, 1, 5, 3, 3, 8, 1, 6]
729854:[6, 7, 7, 2, 4, 4, 5, 4, 6, 6]
732698:[6, 2, 4, 5, 5, 7, 0, 6, 1, 8]
737976:[3, 3, 2, 8, 0, 6, 2, 8, 8, 3]
743338:[9, 4, 1, 4, 4, 0, 6, 8, 9, 8]
750185:[0, 0, 2, 9, 2, 1, 0, 9, 8, 1]
750893:[5, 0, 1, 7, 0, 0, 7, 9, 9, 0]
751207:[8, 6, 1, 8, 4, 2, 6, 6, 4, 7]
752285:[9, 6, 3, 7, 5, 1, 9, 2, 9, 4]
752654:[4, 0, 4, 9, 4, 3, 1, 1, 0, 0]
753173:[2, 3, 8, 8, 4, 6, 7, 3, 9, 0]
75401:[7, 9, 2, 1, 0, 9, 8, 2, 8, 2]
757254:[7, 6, 1, 4, 5, 8, 5, 8, 5, 0]
763008:[2, 6, 9, 8, 9, 5, 0, 9, 1, 8]
773905:[1, 9, 8, 0, 0, 8, 5, 3, 8, 7]
776151:[5, 9, 0, 8, 6, 4, 2, 3, 5, 8]
782788:[7, 6, 0, 3, 8, 8, 0, 5, 4, 5]
783562:[1, 1, 2, 7, 0, 7, 0, 2, 8, 6]
784187:[8, 1, 6, 5, 6, 6, 4, 4, 7, 6]
78507:[1, 6, 7, 6, 7, 5, 5, 9, 6, 8]
788243:[0, 3, 6, 5, 2, 0, 5, 5, 6, 3]
792958:[1, 0, 7, 9, 0, 4, 3, 0, 7, 8]
793206:[7, 3, 0, 8, 7, 3, 2, 4, 0, 8]
793602:[5, 2, 1, 0, 3, 3, 5, 5, 2, 4]
79504:[0, 4, 6, 7, 9, 9, 7, 1, 8, 4]
798351:[9, 0, 4, 6, 9, 5, 8, 5, 5, 8]
798906:[7, 3, 3, 4, 3, 5, 8, 6, 5, 1]
799620:[4, 7, 1, 0, 6, 4, 8, 1, 8, 6]
800845:[9, 6, 1, 4, 5, 0, 2, 3, 7, 2]
801019:[6, 6, 5, 8, 4, 4, 8, 3, 9, 3]
804232:[7, 7, 2, 6, 3, 2, 9, 7, 5, 2]
806739:[5, 7, 4, 5, 7, 8, 7, 6, 3, 1]
808134:[3, 2, 2, 7, 4, 0, 6, 6, 7, 7]
809450:[8, 8, 0, 6, 5, 5, 1, 2, 0, 7]
809685:[6, 7, 0, 8, 3, 4, 9, 9, 3, 8]
812998:[7, 0, 9, 4, 7, 2, 0, 8, 6, 5]
813715:[2, 8, 7, 9, 0, 5, 0, 2, 0, 8]
815091:[0, 4, 3, 9, 4, 4, 3, 9, 7, 5]
817319:[7, 6, 6, 2, 7, 6, 3, 0, 9, 3]
818119:[5, 5, 3, 9, 5, 5, 8, 7, 5, 1]
81846:[3, 2, 7, 7, 2, 7, 0, 3, 4, 1]
819015:[1, 0, 0, 2, 1, 9, 0, 9, 5, 0]
819723:[8, 6, 4, 3, 8, 1, 7, 4, 7, 9]
821532:[7, 6, 3, 9, 0, 6, 5, 1, 9, 1]
821742:[7, 2, 7, 2, 1, 9, 5, 1, 2, 7]
822692:[9, 8, 5, 3, 6, 5, 5, 0, 6, 2]
824966:[8, 3, 6, 0, 3, 8, 2, 5, 1, 2]
825487:[7, 1, 7, 5, 2, 4, 9, 2, 8, 5]
826972:[0, 9, 5, 9, 0, 8, 6, 0, 0, 4]
827151:[1, 3, 2, 4, 9, 4, 0, 1, 8, 8]
827794:[4, 6, 9, 0, 2, 3, 9, 2, 8, 1]
831118:[2, 8, 5, 1, 9, 8, 5, 1, 9, 4]
833924:[2, 1, 0, 7, 7, 0, 3, 7, 6, 2]
835399:[4, 0, 7, 4, 9, 5, 9, 9, 2, 7]
83665:[4, 0, 8, 2, 0, 7, 1, 5, 2, 5]
837233:[8, 3, 9, 5, 0, 1, 5, 8, 1, 0]
840741:[8, 1, 0, 0, 1, 8, 5, 9, 9, 2]
840969:[8, 5, 5, 1, 9, 7, 1, 2, 9, 1]
842380:[6, 5, 4, 1, 9, 7, 3, 7, 9, 2]
844532:[8, 9, 8, 5, 5, 4, 7, 5, 8, 8]
845960:[1, 9, 2, 8, 4, 9, 0, 1, 5, 3]
846122:[7, 8, 7, 8, 6, 9, 8, 5, 0, 8]
852743:[8, 5, 3, 1, 9, 7, 3, 2, 4, 1]
854901:[6, 7, 5, 5, 4, 4, 8, 7, 3, 2]
855697:[9, 7, 0, 7, 8, 2, 4, 8, 2, 7]
865701:[8, 0, 4, 9, 5, 7, 8, 0, 6, 8]
868838:[8, 0, 7, 6, 3, 6, 3, 4, 2, 8]
869331:[7, 8, 8, 6, 4, 7, 8, 6, 5, 8]
869509:[3, 9, 0, 8, 6, 6, 6, 2, 9, 0]
869791:[8, 1, 6, 0, 1, 7, 4, 9, 4, 5]
876443:[4, 7, 2, 2, 0, 5, 5, 0, 8, 2]
877322:[5, 9, 9, 3, 6, 7, 8, 9, 0, 2]
880307:[3, 7, 6, 3, 0, 9, 3, 5, 9, 4]
880448:[1, 3, 6, 2, 4, 0, 2, 5, 9, 0]
882916:[2, 1, 0, 8, 8, 0, 9, 8, 9, 1]
88525:[6, 4, 8, 2, 5, 9, 5, 3, 0, 4]
886782:[7, 5, 3, 1, 6, 5, 2, 2, 6, 4]
887070:[6, 9, 6, 8, 3, 9, 8, 4, 4, 8]
888706:[5, 5, 3, 4, 6, 6, 0, 0, 2, 8]
892169:[1, 1, 3, 9, 5, 5, 1, 9, 3, 2]
893991:[0, 6, 3, 1, 2, 4, 5, 5, 3, 1]
896728:[7, 1, 8, 0, 5, 2, 3, 9, 1, 0]
89731:[7, 6, 5, 7, 9, 5, 4, 8, 2, 4]
897829:[0, 5, 3, 8, 3, 4, 8, 8, 3, 6]
898995:[6, 2, 6, 1, 2, 5, 3, 4, 1, 8]
900870:[3, 4, 3, 0, 9, 7, 0, 8, 8, 7]
903668:[8, 4, 5, 6, 4, 0, 8, 8, 6, 1]
906440:[8, 7, 7, 3, 1, 8, 9, 9, 4, 3]
91289:[3, 4, 4, 6, 3, 5, 1, 0, 6, 5]
913647:[6, 1, 3, 1, 2, 5, 6, 2, 1, 8]
91486:[7, 1, 9, 7, 1, 1, 1, 1, 9, 7]
916797:[0, 0, 8, 2, 7, 0, 5, 8, 9, 3]
916917:[8, 1, 2, 6, 0, 6, 7, 0, 7, 0]
920335:[8, 3, 6, 6, 4, 5, 5, 9, 4, 2]
921658:[6, 8, 6, 7, 1, 9, 3, 9, 7, 8]
921743:[0, 7, 3, 0, 2, 1, 7, 9, 2, 0]
926225:[6, 3, 3, 5, 5, 1, 9, 3, 6, 0]
927271:[6, 7, 0, 9, 5, 7, 8, 4, 9, 1]
928440:[8, 3, 0, 4, 9, 4, 6, 5, 7, 1]
935076:[5, 5, 2, 3, 4, 8, 9, 8, 5, 0]
9357:[9, 0, 5, 2, 6, 9, 5, 6, 2, 5]
938070:[9, 2, 8, 4, 6, 5, 0, 9, 0, 4]
942633:[3, 8, 0, 7, 3, 3, 0, 2, 5, 3]
947511:[2, 2, 0, 3, 0, 5, 5, 2, 6, 5]
947526:[6, 7, 3, 5, 0, 5, 3, 0, 4, 3]
947852:[5, 6, 5, 5, 9, 7, 3, 1, 5, 2]
95224:[9, 8, 8, 4, 6, 7, 8, 0, 1, 4]
952484:[5, 4, 6, 0, 7, 5, 3, 8, 8, 5]
953839:[5, 8, 9, 9, 9, 8, 9, 0, 5, 3]
954122:[8, 8, 1, 1, 9, 6, 3, 9, 1, 9]
954170:[1, 9, 2, 1, 2, 2, 1, 9, 6, 9]
954512:[9, 4, 2, 7, 7, 3, 8, 7, 3, 5]
957665:[8, 3, 6, 9, 4, 4, 0, 7, 5, 6]
958597:[9, 7, 6, 7, 5, 9, 3, 9, 9, 6]
959052:[5, 9, 4, 6, 9, 7, 9, 1, 1, 6]
959798:[0, 5, 5, 8, 1, 9, 3, 0, 9, 4]
960316:[4, 4, 0, 1, 9, 8, 6, 5, 3, 1]
961137:[8, 0, 2, 1, 8, 7, 0, 8, 2, 3]
962448:[5, 3, 2, 7, 3, 5, 6, 8, 6, 6]
963872:[8, 8, 2, 9, 5, 9, 9, 4, 9, 1]
964881:[8, 3, 3, 6, 8, 2, 5, 6, 0, 9]
968556:[0, 8, 9, 2, 6, 4, 8, 5, 0, 1]
972920:[7, 5, 3, 1, 8, 6, 9, 2, 1, 5]
973240:[9, 4, 6, 1, 9, 3, 5, 3, 8, 2]
977366:[7, 6, 3, 2, 4, 0, 2, 4, 5, 4]
977727:[8, 9, 9, 2, 0, 3, 3, 5, 4, 7]
981037:[3, 7, 8, 6, 5, 2, 8, 8, 9, 9]
981421:[6, 3, 0, 3, 2, 1, 5, 7, 2, 6]
982936:[3, 3, 8, 8, 0, 2, 5, 1, 8, 5]
983867:[8, 8, 5, 8, 2, 8, 6, 0, 8, 6]
984459:[3, 3, 6, 2, 8, 2, 1, 7, 6, 2]
984565:[4, 7, 3, 9, 9, 6, 3, 0, 5, 5]
985167:[4, 0, 3, 0, 1, 4, 3, 9, 1, 0]
985528:[0, 2, 4, 0, 8, 4, 3, 4, 8, 2]
986218:[0, 0, 6, 3, 5, 3, 0, 1, 6, 2]
986433:[0, 3, 5, 8, 9, 0, 2, 3, 8, 1]
986485:[2, 9, 1, 7, 6, 5, 5, 6, 0, 1]
989527:[2, 3, 5, 1, 0, 7, 3, 0, 8, 8]
991141:[6, 7, 8, 6, 9, 7, 1, 9, 4, 5]
99186:[3, 1, 2, 4, 0, 0, 0, 0, 8, 6]
993187:[0, 0, 6, 1, 6, 2, 0, 3, 5, 5]
993898:[8, 9, 8, 2, 0, 5, 4, 0, 8, 6]
995915:[8, 6, 8, 5, 3, 5, 5, 7, 9, 4]
996825:[7, 6, 2, 3, 3, 4, 0, 2, 2, 0]
997655:[1, 0, 2, 7, 5, 7, 6, 2, 2, 2]
99891:[1, 2, 2, 4, 5, 2, 0, 5, 8, 4]
999696:[0, 1, 5, 7, 6, 6, 5, 8, 3, 9]
999821:[0, 3, 9, 2, 2, 6, 5, 5, 8, 4]
