1019249:[6, 4, 1, 5, 2, 9, 9, 1, 9, 0]
1033224:[5, 1, 6, 6, 7, 8, 1, 4, 9, 9]
1041051:[2, 9, 8, 3, 4, 1, 6, 4, 5, 8]
1044957:[7, 8, 8, 6, 9, 4, 6, 5, 1, 3]
1066768:[0, 8, 1, 4, 8, 4, 1, 7, 9, 9]
106742:[8, 2, 6, 9, 3, 9, 6, 2, 9, 8]
1075784:[0, 4, 8, 2, 5, 4, 6, 4, 8, 5]
110178:[1, 5, 4, 1, 9, 5, 6, 7, 4, 3]
1118505:[0, 7, 4, 6, 6, 6, 3, 0, 0, 3]
1123390:[6, 7, 5, 9, 3, 3, 2, 2, 3, 4]
1129419:[5, 9, 4, 7, 7, 1, 5, 7, 0, 2]
1136081:[0, 4, 0, 2, 3, 9, 7, 7, 4, 6]
1151293:[6, 6, 4, 2, 1, 8, 0, 5, 1, 0]
1165455:[9, 3, 0, 3, 4, 7, 3, 1, 9, 1]
1167201:[6, 8, 4, 2, 7, 3, 1, 0, 3, 9]
1170365:[9, 2, 3, 1, 0, 3, 7, 9, 9, 3]
1174133:[0, 3, 2, 0, 0, 3, 6, 9, 4, 2]
1203184:[0, 2, 6, 5, 3, 0, 1, 6, 9, 9]
1205619:[1, 0, 4, 7, 7, 2, 0, 8, 8, 8]
1214720:[6, 0, 5, 9, 5, 7, 5, 9, 0, 6]
1217407:[2, 8, 2, 3, 7, 1, 2, 3, 7, 9]
1217557:[0, 5, 1, 3, 8, 9, 6, 7, 9, 5]
1222401:[5, 0, 8, 7, 3, 0, 9, 9, 0, 4]
1227623:[0, 0, 5, 8, 0, 2, 2, 1, 9, 4]
1231863:[6, 5, 3, 2, 0, 3, 3, 6, 4, 6]
1258948:[1, 3, 5, 1, 8, 9, 2, 5, 4, 6]
1259201:[2, 5, 8, 0, 4, 0, 4, 1, 8, 5]
1274003:[0, 8, 6, 0, 1, 5, 7, 5, 0, 5]
1287170:[1, 2, 7, 7, 8, 7, 6, 3, 8, 8]
1302551:[6, 4, 6, 6, 8, 3, 5, 7, 7, 9]
1313073:[7, 2, 6, 8, 2, 2, 4, 5, 9, 4]
1313238:[1, 6, 5, 4, 4, 5, 8, 3, 6, 6]
1324508:[6, 6, 7, 3, 7, 3, 4, 6, 2, 8]
1336485:[0, 3, 1, 8, 6, 0, 7, 1, 8, 2]
1350947:[9, 7, 0, 0, 4, 1, 6, 1, 8, 4]
1351283:[1, 8, 6, 3, 0, 7, 3, 2, 0, 4]
1392503:[3, 9, 3, 5, 3, 0, 8, 9, 6, 6]
1404297:[6, 9, 4, 6, 3, 9, 7, 9, 6, 9]
140716:[7, 9, 8, 3, 2, 1, 8, 4, 2, 3]
1408073:[2, 1, 5, 0, 8, 8, 9, 9, 4, 3]
1410401:[3, 5, 1, 3, 5, 8, 1, 4, 5, 5]
1422446:[7, 7, 0, 0, 7, 2, 5, 4, 0, 6]
1423084:[6, 3, 8, 7, 2, 3, 2, 3, 5, 7]
1425327:[9, 4, 2, 9, 6, 8, 8, 4, 5, 1]
1460206:[2, 3, 4, 5, 6, 2, 0, 4, 9, 8]
1475535:[3, 7, 4, 3, 1, 2, 2, 1, 8, 9]
1529868:[8, 2, 0, 0, 6, 8, 4, 6, 1, 8]
1542068:[3, 1, 0, 4, 9, 4, 8, 6, 2, 9]
1556313:[3, 1, 9, 3, 4, 4, 1, 2, 1, 7]
1575698:[0, 7, 0, 5, 8, 4, 0, 8, 1, 8]
1576985:[0, 8, 9, 7, 6, 0, 7, 2, 2, 4]
1583582:[8, 4, 4, 2, 6, 7, 1, 8, 1, 6]
158367:[3, 3, 7, 9, 8, 7, 1, 3, 6, 3]
1592321:[8, 2, 4, 1, 6, 1, 8, 2, 8, 0]
1595507:[5, 8, 8, 6, 3, 2, 7, 3, 7, 9]
1599980:[1, 4, 9, 7, 7, 8, 7, 6, 7, 1]
1603105:[0, 8, 4, 8, 8, 8, 2, 9, 2, 2]
1621076:[7, 5, 1, 5, 5, 2, 4, 3, 3, 6]
1627107:[3, 1, 1, 1, 8, 2, 8, 8, 1, 2]
1633375:[6, 4, 5, 0, 7, 2, 3, 5, 8, 3]
1636567:[5, 8, 7, 4, 3, 5, 4, 3, 8, 2]
1646441:[2, 8, 7, 9, 6, 1, 8, 7, 9, 9]
1650429:[8, 3, 0, 9, 3, 0, 6, 5, 9, 5]
1667019:[7, 8, 9, 7, 8, 5, 6, 9, 8, 4]
1673857:[8, 3, 1, 5, 2, 4, 8, 7, 7, 9]
167775:[3, 8, 6, 2, 2, 6, 2, 1, 2, 5]
16862:[0, 3, 9, 7, 4, 3, 0, 1, 4, 5]
1707251:[0, 3, 4, 6, 2, 6, 9, 1, 7, 2]
1707476:[3, 2, 0, 9, 7, 7, 7, 0, 5, 1]
1714567:[0, 9, 8, 1, 9, 8, 2, 5, 1, 4]
1716683:[4, 8, 1, 3, 2, 5, 6, 5, 3, 9]
176200:[3, 4, 0, 3, 3, 5, 4, 3, 7, 0]
1781558:[0, 7, 5, 1, 5, 7, 1, 3, 1, 3]
1806701:[8, 1, 4, 3, 6, 2, 9, 2, 5, 2]
1811667:[4, 2, 2, 7, 1, 0, 2, 6, 0, 3]
1826936:[6, 0, 3, 4, 5, 6, 0, 9, 1, 1]
1839356:[0, 4, 2, 4, 6, 1, 8, 0, 2, 6]
1851102:[2, 1, 0, 4, 4, 3, 8, 5, 5, 3]
1861647:[4, 9, 8, 8, 5, 0, 6, 8, 7, 6]
1870671:[2, 3, 3, 2, 8, 4, 7, 7, 5, 4]
1914431:[7, 2, 9, 8, 1, 2, 4, 4, 7, 7]
1916541:[7, 0, 2, 3, 9, 6, 9, 7, 4, 1]
1930565:[3, 9, 3, 5, 7, 4, 2, 0, 3, 8]
1958218:[0, 4, 8, 0, 7, 9, 6, 3, 7, 3]
1958438:[0, 3, 9, 2, 3, 7, 7, 4, 2, 6]
1963506:[9, 7, 4, 3, 8, 4, 7, 9, 9, 5]
197094:[0, 9, 2, 7, 1, 0, 3, 5, 1, 6]
1990012:[2, 7, 1, 2, 4, 2, 9, 4, 7, 9]
1993451:[8, 7, 3, 4, 8, 8, 5, 0, 4, 0]
2008188:[2, 1, 2, 1, 4, 8, 6, 1, 6, 4]
2014887:[8, 7, 7, 8, 8, 6, 3, 2, 4, 1]
2024874:[2, 4, 7, 4, 6, 0, 3, 6, 5, 2]
2052835:[3, 9, 6, 6, 7, 4, 8, 4, 7, 5]
2053027:[1, 1, 2, 5, 3, 5, 4, 3, 6, 3]
2062696:[0, 8, 7, 8, 8, 2, 6, 8, 7, 2]
2090311:[3, 0, 1, 5, 1, 6, 9, 1, 1, 5]
2092841:[0, 4, 3, 9, 9, 5, 5, 4, 1, 0]
2098302:[5, 7, 9, 8, 8, 0, 8, 9, 6, 0]
2104190:[0, 8, 8, 1, 3, 6, 1, 8, 8, 0]
2115140:[1, 9, 8, 8, 8, 3, 7, 0, 5, 4]
2130331:[3, 7, 3, 6, 2, 2, 3, 2, 0, 9]
2133987:[2, 1, 8, 2, 1, 0, 1, 3, 8, 2]
214190:[4, 4, 4, 7, 2, 8, 0, 8, 2, 7]
2153536:[0, 7, 5, 1, 5, 7, 1, 3, 1, 3]
2167643:[7, 7, 8, 0, 9, 0, 4, 6, 8, 0]
2169422:[6, 9, 1, 4, 2, 6, 6, 0, 0, 3]
2179072:[6, 3, 5, 0, 0, 2, 1, 7, 6, 2]
2210760:[2, 7, 9, 6, 0, 7, 8, 1, 2, 7]
2213378:[0, 2, 8, 5, 7, 4, 3, 3, 6, 3]
2232131:[8, 8, 9, 2, 8, 3, 8, 9, 7, 7]
2233020:[5, 2, 4, 8, 9, 1, 4, 7, 2, 9]
2262003:[2, 0, 5, 2, 9, 1, 3, 6, 6, 4]
2269482:[8, 9, 4, 2, 9, 8, 6, 5, 8, 1]
2273654:[6, 5, 3, 6, 0, 2, 4, 4, 1, 0]
2288419:[4, 4, 7, 5, 8, 9, 4, 1, 6, 3]
2293479:[7, 5, 7, 6, 0, 9, 4, 1, 5, 1]
2304893:[0, 5, 3, 8, 6, 0, 2, 0, 2, 3]
2308707:[4, 2, 4, 8, 7, 4, 0, 8, 8, 5]
2313446:[0, 8, 8, 2, 9, 9, 0, 6, 0, 1]
2347584:[9, 7, 8, 6, 9, 6, 4, 4, 8, 2]
2364287:[4, 7, 8, 1, 3, 2, 4, 2, 1, 7]
23653:[7, 5, 8, 7, 0, 7, 8, 6, 8, 5]
2407732:[8, 3, 7, 9, 5, 4, 9, 3, 5, 1]
2418064:[7, 6, 0, 8, 7, 7, 4, 0, 7, 8]
2423180:[5, 5, 2, 9, 3, 0, 9, 2, 1, 4]
2428950:[6, 5, 7, 2, 6, 7, 6, 1, 4, 5]
2440648:[3, 1, 3, 6, 6, 5, 0, 5, 4, 6]
2455420:[4, 7, 5, 4, 5, 9, 8, 0, 1, 2]
2459438:[5, 9, 8, 6, 3, 9, 3, 0, 7, 5]
2503009:[6, 9, 5, 0, 2, 0, 3, 0, 9, 1]
250998:[1, 6, 0, 2, 0, 4, 2, 4, 1, 1]
2523445:[4, 5, 2, 0, 5, 9, 6, 3, 4, 6]
2540541:[2, 7, 6, 3, 0, 2, 5, 8, 8, 9]
2540863:[6, 8, 5, 0, 4, 6, 4, 9, 3, 5]
2542298:[4, 6, 3, 8, 7, 2, 1, 2, 1, 4]
2559837:[6, 8, 5, 0, 3, 4, 5, 4, 5, 0]
2574905:[4, 0, 6, 1, 1, 2, 1, 9, 4, 5]
2584236:[0, 9, 2, 0, 0, 9, 9, 6, 3, 6]
2593774:[7, 7, 5, 4, 0, 0, 1, 2, 0, 7]
2593872:[5, 0, 4, 8, 7, 2, 6, 0, 4, 1]
2610098:[1, 1, 9, 4, 4, 7, 1, 5, 4, 9]
2622136:[0, 1, 7, 9, 6, 5, 1, 0, 1, 0]
2638670:[5, 4, 2, 8, 1, 0, 5, 8, 4, 1]
2647579:[1, 7, 6, 6, 8, 9, 0, 3, 2, 5]
2658789:[8, 7, 8, 4, 1, 8, 4, 6, 0, 6]
2664767:[7, 0, 2, 2, 7, 5, 9, 8, 3, 4]
2667774:[2, 5, 4, 8, 9, 4, 2, 5, 4, 7]
2691557:[5, 8, 1, 5, 8, 5, 3, 9, 3, 1]
2699225:[2, 2, 4, 5, 3, 3, 6, 3, 5, 3]
2700112:[8, 4, 2, 9, 4, 9, 8, 3, 5, 3]
2704998:[7, 4, 4, 2, 5, 3, 4, 4, 1, 5]
2722546:[8, 1, 9, 6, 5, 7, 8, 9, 1, 5]
2733787:[0, 3, 9, 4, 0, 8, 0, 9, 1, 3]
2739427:[2, 8, 6, 2, 4, 5, 3, 1, 8, 8]
2748118:[1, 7, 1, 6, 5, 9, 3, 7, 7, 3]
2766156:[2, 0, 2, 2, 8, 2, 1, 0, 8, 0]
2787744:[0, 3, 5, 4, 3, 9, 4, 5, 5, 6]
2788847:[5, 9, 4, 8, 2, 4, 9, 7, 3, 1]
2798030:[4, 7, 5, 3, 4, 2, 2, 6, 4, 9]
2805348:[2, 8, 9, 6, 1, 7, 5, 8, 1, 4]
2806188:[5, 1, 4, 7, 9, 9, 1, 8, 4, 7]
2842665:[1, 1, 2, 0, 7, 2, 5, 4, 4, 6]
2864378:[1, 6, 4, 9, 3, 5, 2, 4, 8, 3]
2884155:[1, 7, 6, 5, 4, 4, 9, 8, 9, 0]
2884676:[1, 7, 7, 1, 2, 1, 6, 4, 2, 4]
2901881:[0, 0, 7, 3, 4, 7, 2, 5, 8, 0]
2909364:[2, 1, 6, 1, 9, 1, 4, 1, 3, 0]
2912475:[6, 8, 3, 9, 2, 9, 9, 2, 3, 6]
2914572:[6, 4, 5, 0, 7, 2, 3, 5, 8, 3]
2916570:[2, 6, 3, 8, 8, 5, 2, 2, 8, 9]
2924892:[4, 4, 4, 7, 6, 1, 8, 6, 6, 6]
292953:[4, 1, 2, 3, 8, 6, 6, 4, 2, 6]
2932863:[1, 4, 4, 1, 5, 1, 6, 4, 7, 1]
2935903:[9, 0, 0, 3, 8, 6, 9, 1, 8, 5]
2940530:[2, 2, 0, 8, 0, 2, 4, 9, 0, 6]
2942643:[3, 8, 1, 1, 5, 2, 3, 8, 8, 5]
2952629:[6, 9, 4, 6, 0, 1, 4, 5, 9, 2]
2963845:[3, 1, 9, 4, 9, 8, 7, 2, 0, 8]
2970488:[0, 8, 9, 1, 5, 3, 5, 4, 6, 2]
2993128:[0, 0, 9, 9, 9, 7, 8, 5, 1, 1]
2995282:[9, 9, 5, 9, 7, 6, 7, 8, 2, 6]
3010735:[6, 9, 4, 4, 4, 5, 6, 3, 1, 1]
3022905:[4, 4, 4, 1, 6, 8, 5, 6, 4, 0]
3024443:[0, 6, 4, 2, 3, 2, 5, 4, 0, 7]
3026886:[0, 8, 3, 9, 2, 1, 3, 4, 3, 1]
3057197:[7, 0, 2, 3, 4, 6, 2, 5, 1, 1]
3070044:[9, 9, 5, 4, 3, 9, 1, 5, 6, 1]
3073431:[0, 8, 0, 7, 4, 9, 5, 9, 2, 4]
3075599:[0, 3, 8, 4, 2, 9, 4, 2, 5, 1]
3095572:[0, 4, 3, 4, 8, 3, 3, 8, 5, 4]
3121861:[4, 1, 0, 3, 3, 8, 6, 6, 9, 1]
3129338:[9, 0, 3, 5, 3, 2, 6, 4, 2, 2]
3142450:[0, 2, 1, 4, 6, 4, 7, 5, 2, 0]
3167760:[4, 4, 2, 9, 6, 0, 6, 2, 0, 1]
3179236:[7, 5, 6, 7, 0, 6, 9, 4, 3, 6]
3181106:[7, 5, 2, 4, 4, 8, 0, 4, 4, 1]
3185078:[6, 1, 0, 6, 9, 3, 6, 5, 8, 4]
3197413:[1, 8, 1, 3, 7, 2, 4, 5, 9, 3]
3214527:[7, 5, 6, 2, 9, 4, 0, 7, 3, 6]
3249572:[7, 9, 2, 6, 3, 7, 4, 2, 8, 5]
3249742:[7, 2, 0, 7, 7, 9, 2, 3, 2, 7]
3253767:[2, 4, 6, 2, 6, 9, 7, 1, 2, 5]
3257972:[8, 5, 2, 4, 7, 4, 5, 2, 6, 9]
3262200:[2, 8, 2, 5, 7, 5, 7, 5, 0, 5]
3267941:[5, 6, 0, 5, 7, 6, 3, 7, 8, 2]
3268288:[7, 5, 0, 3, 4, 6, 5, 6, 3, 2]
346390:[4, 5, 0, 4, 7, 6, 7, 6, 8, 0]
361328:[7, 5, 7, 1, 7, 6, 4, 1, 8, 0]
369317:[3, 5, 3, 7, 3, 7, 6, 3, 4, 7]
393507:[3, 4, 2, 5, 3, 6, 4, 8, 7, 7]
419895:[2, 9, 1, 6, 8, 4, 1, 9, 9, 1]
426601:[9, 8, 5, 2, 2, 0, 3, 3, 4, 7]
430102:[2, 1, 0, 8, 4, 1, 7, 8, 3, 9]
43910:[6, 3, 6, 7, 4, 6, 1, 2, 5, 2]
44430:[3, 1, 5, 8, 1, 5, 3, 5, 5, 8]
448617:[9, 1, 2, 6, 6, 5, 3, 6, 7, 0]
456715:[0, 4, 2, 6, 0, 5, 7, 4, 2, 2]
465493:[5, 1, 5, 2, 5, 9, 6, 6, 7, 2]
486679:[7, 6, 4, 7, 6, 0, 4, 1, 1, 0]
496982:[8, 5, 8, 4, 1, 2, 9, 1, 1, 0]
504466:[4, 7, 7, 0, 6, 0, 3, 6, 5, 6]
506274:[3, 0, 3, 5, 6, 7, 0, 7, 9, 2]
514609:[4, 5, 3, 4, 2, 2, 7, 7, 4, 6]
523693:[4, 4, 1, 7, 7, 7, 3, 9, 9, 2]
529190:[4, 6, 6, 0, 6, 6, 1, 0, 3, 1]
534425:[2, 9, 6, 1, 9, 2, 2, 5, 4, 2]
537110:[3, 4, 2, 8, 2, 4, 8, 4, 3, 6]
551071:[7, 0, 2, 3, 4, 6, 2, 5, 1, 1]
558796:[5, 6, 3, 4, 6, 7, 3, 3, 5, 4]
573074:[9, 9, 2, 7, 2, 4, 3, 4, 5, 4]
598534:[5, 1, 1, 4, 0, 8, 4, 3, 5, 8]
632144:[3, 5, 7, 7, 8, 7, 3, 2, 3, 6]
659482:[8, 9, 7, 6, 6, 3, 1, 7, 4, 0]
661040:[0, 9, 9, 3, 2, 5, 7, 3, 4, 3]
679347:[6, 4, 1, 5, 7, 9, 4, 2, 2, 1]
687563:[2, 9, 7, 2, 2, 1, 4, 6, 9, 1]
708037:[8, 6, 7, 3, 8, 5, 3, 3, 2, 8]
711933:[3, 8, 1, 9, 9, 7, 8, 0, 7, 6]
714699:[7, 6, 1, 8, 4, 3, 5, 3, 1, 5]
717864:[4, 7, 3, 8, 4, 4, 9, 1, 5, 4]
721155:[4, 6, 4, 7, 4, 2, 9, 2, 6, 3]
727035:[3, 4, 8, 0, 1, 4, 7, 4, 7, 4]
738459:[7, 8, 5, 7, 5, 7, 3, 6, 8, 8]
739029:[0, 7, 8, 1, 2, 4, 8, 7, 2, 3]
757415:[9, 9, 9, 3, 5, 5, 3, 8, 9, 0]
78132:[5, 5, 6, 2, 6, 2, 8, 8, 3, 5]
785252:[3, 9, 0, 1, 7, 9, 2, 8, 7, 0]
78800:[1, 4, 9, 4, 7, 5, 3, 2, 0, 4]
804706:[9, 2, 1, 3, 2, 5, 7, 3, 2, 3]
811885:[3, 2, 5, 3, 0, 1, 1, 6, 2, 1]
818780:[2, 1, 5, 3, 8, 8, 0, 6, 7, 5]
83321:[6, 4, 0, 1, 4, 4, 4, 9, 2, 5]
881649:[0, 0, 5, 2, 6, 4, 1, 7, 4, 4]
894533:[8, 6, 0, 7, 3, 5, 9, 5, 1, 9]
90293:[0, 4, 1, 8, 6, 2, 0, 3, 8, 3]
911239:[4, 0, 5, 1, 0, 0, 6, 3, 2, 1]
917300:[7, 1, 9, 2, 0, 7, 0, 7, 8, 5]
929073:[0, 0, 8, 6, 7, 0, 3, 6, 6, 8]
933725:[1, 3, 0, 9, 1, 6, 5, 3, 8, 7]
935453:[5, 4, 9, 7, 1, 5, 2, 6, 6, 5]
94373:[4, 6, 7, 5, 0, 0, 0, 0, 2, 3]
970357:[4, 8, 0, 0, 0, 4, 2, 1, 7, 4]
976162:[4, 1, 4, 6, 8, 6, 8, 1, 8, 4]
995606:[9, 3, 6, 3, 5, 4, 1, 7, 3, 1]
