1003492:[6, 6, 3, 4, 3, 2, 8, 7, 2, 6]
1007430:[6, 1, 0, 2, 6, 7, 7, 2, 7, 9]
1012886:[0, 9, 0, 0, 0, 4, 7, 4, 7, 5]
1023767:[0, 3, 1, 9, 1, 2, 9, 3, 4, 7]
1031689:[2, 2, 5, 8, 5, 8, 2, 1, 1, 4]
1031953:[6, 5, 6, 0, 8, 3, 2, 1, 0, 5]
1034070:[5, 0, 6, 7, 8, 7, 3, 7, 9, 7]
1075532:[9, 3, 7, 4, 7, 8, 7, 7, 0, 3]
1075841:[4, 2, 4, 5, 9, 4, 9, 5, 8, 0]
1104989:[9, 4, 1, 1, 5, 9, 1, 5, 1, 5]
1137394:[9, 2, 3, 8, 2, 9, 6, 1, 0, 1]
11382:[1, 6, 3, 2, 0, 1, 8, 3, 8, 2]
119149:[6, 1, 1, 3, 1, 1, 6, 8, 4, 2]
1211757:[2, 6, 9, 8, 7, 6, 4, 4, 9, 2]
1223682:[1, 6, 9, 8, 8, 6, 7, 3, 0, 4]
1226975:[7, 7, 1, 8, 9, 3, 8, 1, 8, 2]
1234989:[5, 0, 9, 4, 3, 6, 9, 5, 1, 2]
124079:[7, 5, 2, 2, 4, 6, 4, 3, 6, 5]
1266411:[3, 0, 6, 8, 7, 6, 7, 8, 8, 9]
1286723:[9, 1, 1, 7, 6, 2, 5, 2, 3, 4]
1289192:[0, 4, 5, 5, 4, 1, 1, 2, 6, 6]
1292617:[2, 4, 4, 4, 9, 2, 8, 2, 2, 4]
1297072:[8, 0, 3, 8, 9, 3, 8, 7, 9, 0]
1302380:[7, 3, 4, 9, 6, 1, 1, 9, 2, 0]
1321712:[5, 6, 4, 6, 7, 2, 1, 5, 4, 1]
1344973:[4, 1, 4, 0, 2, 7, 2, 3, 2, 0]
135580:[8, 1, 4, 0, 3, 1, 8, 1, 8, 2]
1357128:[8, 6, 6, 8, 6, 5, 2, 6, 3, 5]
1370521:[5, 8, 2, 6, 8, 5, 7, 1, 1, 1]
1383306:[2, 2, 5, 6, 1, 7, 5, 6, 6, 2]
1387031:[6, 2, 2, 6, 6, 9, 4, 2, 2, 9]
1388240:[0, 3, 2, 6, 2, 9, 5, 8, 1, 8]
1392852:[6, 7, 2, 0, 8, 1, 1, 3, 7, 8]
1393526:[1, 7, 9, 3, 3, 4, 5, 1, 1, 0]
1410486:[6, 6, 0, 6, 2, 1, 9, 4, 8, 9]
141121:[1, 3, 4, 9, 6, 5, 7, 9, 1, 7]
1414515:[9, 6, 5, 5, 5, 8, 7, 0, 2, 5]
1420421:[4, 3, 5, 7, 6, 4, 9, 7, 9, 2]
1434144:[6, 0, 3, 3, 3, 5, 1, 7, 1, 9]
1452460:[0, 5, 1, 3, 7, 6, 1, 5, 7, 3]
1462981:[3, 3, 8, 7, 9, 4, 3, 9, 9, 0]
1493036:[5, 9, 2, 2, 3, 9, 5, 5, 6, 4]
1493218:[8, 9, 5, 7, 0, 6, 5, 6, 6, 4]
1494080:[4, 1, 9, 2, 3, 8, 5, 5, 7, 4]
1498917:[3, 4, 2, 6, 1, 5, 3, 1, 2, 5]
1499257:[2, 3, 1, 7, 2, 3, 1, 0, 1, 9]
1523495:[8, 8, 6, 0, 0, 1, 5, 5, 8, 6]
1530290:[3, 8, 3, 6, 9, 1, 4, 4, 8, 9]
1542919:[6, 3, 4, 4, 8, 6, 9, 9, 0, 5]
1551706:[9, 2, 4, 3, 1, 0, 8, 7, 7, 6]
1559263:[1, 7, 1, 7, 0, 9, 7, 1, 8, 9]
1560751:[5, 4, 5, 1, 8, 3, 5, 6, 2, 7]
1567894:[9, 6, 2, 1, 4, 2, 0, 0, 6, 1]
1573759:[7, 7, 0, 6, 9, 3, 6, 5, 6, 7]
1577683:[9, 4, 0, 6, 8, 5, 6, 0, 8, 1]
1580399:[6, 3, 0, 0, 0, 7, 2, 8, 9, 7]
158606:[3, 4, 6, 3, 3, 7, 0, 5, 0, 4]
158760:[6, 8, 7, 8, 6, 6, 8, 6, 3, 6]
1595882:[0, 5, 8, 6, 2, 8, 5, 3, 7, 2]
1606636:[8, 8, 7, 3, 9, 6, 8, 5, 8, 6]
1607407:[2, 7, 5, 5, 3, 5, 9, 1, 4, 6]
1625104:[6, 1, 6, 7, 1, 9, 1, 8, 6, 6]
1625890:[7, 6, 9, 3, 0, 3, 1, 5, 5, 9]
1629997:[1, 7, 1, 1, 0, 1, 9, 5, 8, 5]
1632817:[6, 7, 5, 7, 2, 4, 1, 9, 0, 3]
1650800:[8, 3, 0, 7, 3, 6, 6, 1, 9, 8]
1655711:[6, 2, 0, 4, 5, 7, 4, 2, 8, 6]
1664668:[4, 4, 5, 2, 8, 1, 5, 0, 4, 5]
1671921:[3, 3, 5, 6, 5, 1, 2, 6, 9, 5]
1673862:[6, 9, 6, 8, 7, 8, 7, 6, 7, 1]
1682704:[7, 0, 6, 4, 0, 1, 2, 8, 7, 4]
1687976:[4, 5, 9, 8, 1, 3, 8, 7, 8, 2]
1695957:[6, 4, 4, 8, 8, 2, 4, 1, 8, 1]
1697285:[6, 8, 9, 6, 8, 5, 1, 4, 0, 3]
1698121:[4, 9, 4, 0, 1, 4, 1, 2, 9, 0]
1708590:[8, 3, 5, 4, 0, 3, 0, 7, 2, 5]
1745270:[4, 3, 5, 3, 1, 0, 2, 2, 2, 9]
1747287:[8, 0, 2, 3, 2, 5, 6, 3, 5, 9]
1761936:[6, 2, 1, 2, 8, 0, 4, 7, 2, 2]
1806674:[4, 3, 9, 6, 1, 6, 6, 4, 0, 7]
1816533:[2, 9, 5, 3, 1, 4, 5, 2, 2, 7]
1829928:[6, 1, 3, 0, 2, 7, 2, 2, 2, 2]
1845087:[4, 2, 9, 7, 4, 6, 1, 1, 6, 1]
1855488:[9, 0, 0, 2, 1, 5, 5, 0, 1, 6]
1870675:[6, 4, 0, 4, 4, 1, 8, 0, 7, 2]
1880181:[7, 7, 2, 8, 2, 4, 1, 8, 7, 5]
1890015:[1, 0, 3, 9, 5, 3, 8, 8, 9, 8]
1911997:[0, 3, 0, 5, 0, 0, 1, 9, 6, 3]
1916285:[6, 4, 4, 2, 4, 5, 1, 0, 5, 5]
1917090:[5, 2, 8, 7, 8, 9, 2, 9, 1, 8]
1934609:[4, 6, 0, 9, 3, 7, 5, 4, 0, 0]
1951663:[6, 7, 5, 6, 0, 7, 1, 0, 8, 1]
1970301:[2, 1, 2, 2, 9, 1, 6, 9, 7, 4]
1980835:[1, 4, 9, 3, 5, 9, 9, 7, 3, 0]
1982328:[9, 8, 1, 6, 5, 0, 3, 2, 7, 6]
1982956:[5, 1, 5, 2, 6, 1, 3, 8, 7, 3]
1984764:[4, 0, 5, 8, 1, 2, 9, 8, 7, 5]
198991:[0, 9, 0, 9, 8, 6, 1, 7, 3, 5]
2025340:[9, 1, 3, 6, 0, 7, 7, 7, 3, 0]
205336:[3, 9, 9, 5, 5, 1, 5, 8, 9, 0]
2055824:[7, 2, 5, 1, 7, 3, 2, 8, 7, 6]
2058555:[5, 0, 8, 8, 2, 4, 8, 1, 2, 4]
207058:[9, 4, 4, 6, 8, 3, 8, 0, 9, 3]
2083427:[3, 2, 3, 3, 9, 3, 2, 8, 6, 0]
2090926:[4, 6, 6, 7, 1, 1, 0, 3, 7, 2]
2097051:[9, 1, 5, 0, 5, 3, 8, 6, 9, 3]
2104619:[3, 7, 0, 6, 9, 7, 8, 9, 3, 0]
2107823:[5, 6, 9, 1, 2, 9, 1, 7, 4, 3]
2113755:[8, 3, 6, 6, 3, 5, 8, 6, 0, 2]
2125996:[3, 4, 1, 4, 3, 1, 5, 5, 2, 5]
2128013:[9, 5, 8, 7, 3, 8, 5, 4, 8, 5]
2132316:[1, 4, 0, 2, 3, 6, 3, 8, 7, 4]
21538:[8, 6, 1, 6, 4, 8, 3, 6, 4, 5]
2156143:[2, 3, 4, 5, 9, 3, 8, 8, 8, 7]
2167573:[2, 6, 6, 0, 3, 1, 8, 2, 8, 9]
2188131:[3, 9, 5, 1, 7, 6, 7, 5, 4, 8]
2195644:[7, 4, 8, 0, 2, 8, 1, 9, 7, 2]
2196809:[9, 5, 1, 2, 3, 0, 7, 1, 4, 4]
2206123:[6, 4, 8, 1, 2, 7, 4, 8, 1, 4]
2212754:[6, 0, 0, 6, 7, 8, 8, 2, 8, 4]
2228208:[8, 3, 4, 1, 6, 1, 5, 5, 4, 2]
2251753:[5, 6, 3, 1, 5, 0, 7, 0, 2, 8]
2254145:[7, 6, 8, 5, 6, 7, 4, 9, 3, 6]
2282251:[2, 4, 1, 3, 8, 5, 4, 7, 1, 4]
2297056:[3, 2, 9, 2, 3, 2, 0, 0, 2, 8]
2303702:[1, 6, 0, 4, 0, 5, 1, 3, 7, 6]
2337413:[8, 8, 6, 7, 9, 0, 5, 3, 2, 6]
2338223:[0, 7, 9, 8, 3, 9, 8, 3, 9, 7]
2351652:[1, 8, 1, 4, 7, 8, 8, 4, 0, 5]
2365098:[4, 4, 9, 9, 6, 4, 1, 7, 8, 2]
2411534:[5, 0, 2, 4, 7, 4, 4, 4, 4, 0]
2440995:[2, 4, 6, 4, 0, 4, 2, 0, 6, 6]
2458461:[3, 9, 1, 8, 0, 9, 2, 4, 3, 0]
2468226:[3, 5, 9, 7, 1, 1, 8, 3, 5, 0]
2471033:[7, 9, 7, 9, 0, 5, 1, 1, 2, 7]
2499543:[9, 7, 7, 3, 9, 0, 8, 4, 2, 1]
2505268:[4, 4, 3, 4, 6, 4, 8, 9, 2, 0]
2507822:[4, 8, 7, 2, 9, 6, 3, 9, 3, 3]
2513316:[6, 5, 4, 6, 6, 9, 6, 6, 0, 9]
2525043:[6, 4, 6, 0, 9, 0, 2, 0, 6, 3]
2538767:[4, 0, 4, 9, 2, 9, 2, 7, 4, 6]
2546722:[6, 0, 2, 7, 2, 0, 7, 0, 3, 3]
2561097:[5, 7, 6, 9, 4, 7, 3, 3, 5, 6]
2568877:[6, 4, 5, 6, 0, 5, 9, 4, 0, 4]
2595686:[6, 7, 7, 6, 9, 5, 9, 0, 1, 5]
2596697:[3, 9, 5, 3, 9, 5, 6, 0, 5, 2]
2601208:[0, 8, 1, 9, 5, 7, 6, 6, 2, 4]
2621133:[2, 6, 9, 8, 0, 0, 4, 8, 8, 8]
2642772:[9, 7, 9, 0, 5, 5, 6, 4, 8, 9]
2652376:[9, 1, 9, 0, 8, 4, 0, 2, 3, 7]
2669457:[8, 1, 3, 1, 3, 0, 2, 5, 5, 9]
2699908:[8, 9, 7, 3, 1, 4, 4, 3, 1, 8]
2701752:[3, 7, 9, 9, 1, 2, 3, 7, 6, 1]
2710008:[2, 3, 0, 0, 1, 6, 7, 6, 3, 9]
2718310:[7, 6, 7, 3, 6, 3, 8, 5, 2, 6]
2725503:[5, 4, 8, 7, 1, 1, 9, 7, 7, 1]
273151:[6, 5, 2, 8, 6, 1, 1, 9, 1, 0]
2767406:[2, 4, 5, 5, 3, 3, 2, 3, 7, 8]
2769340:[2, 9, 1, 4, 3, 9, 0, 3, 1, 9]
2795430:[1, 0, 4, 5, 1, 9, 7, 8, 9, 8]
2825449:[4, 3, 6, 1, 0, 6, 7, 2, 9, 6]
2826490:[2, 0, 7, 6, 9, 7, 9, 5, 1, 2]
2839931:[8, 9, 3, 2, 5, 9, 1, 1, 2, 6]
2842474:[9, 4, 1, 5, 7, 8, 9, 4, 1, 0]
284336:[6, 0, 2, 3, 0, 4, 8, 8, 7, 9]
2857296:[0, 7, 7, 7, 4, 7, 2, 5, 8, 7]
2875524:[2, 7, 4, 3, 5, 5, 5, 0, 4, 7]
2878553:[9, 8, 8, 2, 3, 1, 8, 2, 7, 3]
2896681:[1, 4, 7, 6, 1, 0, 2, 8, 0, 4]
2896977:[1, 3, 1, 7, 2, 3, 4, 5, 9, 8]
2899122:[4, 1, 4, 4, 2, 8, 9, 6, 4, 6]
2901940:[3, 7, 5, 8, 7, 0, 7, 2, 0, 7]
2904071:[4, 8, 6, 2, 9, 5, 8, 2, 7, 4]
2905806:[1, 2, 5, 0, 6, 4, 6, 3, 5, 1]
2924940:[6, 2, 9, 0, 1, 2, 6, 5, 0, 8]
2942494:[4, 8, 7, 6, 3, 0, 4, 3, 3, 9]
2954819:[4, 1, 1, 7, 4, 6, 7, 0, 4, 8]
2961741:[0, 9, 5, 3, 4, 0, 0, 2, 4, 2]
2971595:[3, 8, 2, 9, 8, 9, 8, 0, 9, 5]
2971739:[4, 9, 2, 3, 2, 4, 4, 5, 9, 3]
2973626:[3, 4, 2, 5, 9, 1, 3, 0, 0, 3]
2982163:[7, 7, 6, 8, 1, 6, 9, 6, 0, 2]
2983065:[0, 3, 4, 2, 4, 6, 7, 8, 1, 3]
2990441:[3, 7, 9, 4, 1, 1, 3, 0, 4, 9]
3002679:[1, 2, 1, 2, 6, 2, 8, 0, 2, 6]
3012640:[3, 1, 1, 4, 7, 8, 7, 0, 2, 9]
3025700:[3, 6, 3, 1, 3, 7, 7, 1, 8, 2]
3047366:[0, 2, 2, 8, 6, 3, 8, 8, 6, 2]
305211:[8, 5, 5, 6, 5, 2, 3, 2, 3, 8]
3059957:[4, 3, 7, 4, 7, 3, 0, 7, 2, 7]
3062427:[4, 5, 4, 9, 7, 0, 3, 2, 5, 0]
3064844:[9, 8, 8, 8, 0, 4, 7, 6, 1, 5]
3075031:[6, 5, 0, 2, 5, 5, 7, 0, 6, 7]
3093781:[3, 4, 7, 1, 4, 0, 2, 7, 8, 9]
3095234:[5, 0, 3, 8, 6, 1, 3, 2, 5, 0]
3106700:[3, 0, 0, 6, 5, 2, 4, 2, 5, 9]
3111253:[4, 4, 9, 3, 6, 5, 1, 9, 8, 5]
3138312:[5, 1, 1, 0, 3, 1, 7, 1, 8, 9]
3145268:[3, 5, 2, 6, 0, 8, 4, 4, 5, 7]
3155455:[8, 3, 3, 6, 5, 6, 2, 3, 6, 0]
3163337:[9, 0, 1, 8, 8, 5, 4, 9, 1, 1]
3169936:[9, 1, 4, 3, 4, 1, 7, 1, 0, 3]
3178321:[5, 9, 7, 5, 3, 7, 4, 5, 7, 9]
319939:[7, 2, 3, 9, 9, 5, 0, 6, 3, 9]
3206303:[5, 4, 3, 4, 8, 5, 4, 7, 8, 2]
3209371:[7, 6, 0, 6, 3, 3, 6, 3, 8, 0]
3254700:[4, 7, 4, 6, 2, 3, 6, 2, 6, 6]
353090:[0, 3, 8, 6, 8, 3, 7, 7, 6, 8]
368762:[8, 2, 3, 9, 8, 3, 8, 8, 3, 2]
393698:[8, 0, 0, 4, 7, 4, 3, 9, 2, 4]
402411:[0, 4, 4, 0, 1, 0, 7, 8, 2, 5]
413034:[9, 8, 0, 7, 6, 7, 6, 3, 5, 2]
42290:[5, 5, 4, 2, 4, 9, 7, 7, 0, 2]
42965:[4, 8, 9, 8, 5, 0, 6, 8, 6, 0]
4456:[9, 9, 7, 1, 4, 2, 8, 7, 3, 3]
446581:[9, 5, 9, 9, 4, 8, 7, 4, 0, 2]
446903:[3, 0, 2, 0, 1, 8, 2, 7, 4, 3]
491556:[1, 7, 4, 6, 7, 0, 9, 3, 7, 0]
494394:[0, 8, 3, 8, 3, 3, 8, 4, 3, 1]
49472:[9, 5, 2, 3, 9, 7, 4, 9, 0, 1]
50624:[5, 4, 7, 2, 4, 3, 1, 7, 6, 8]
517214:[2, 4, 7, 3, 4, 5, 2, 4, 0, 7]
541353:[6, 2, 1, 2, 5, 8, 2, 2, 5, 8]
563538:[7, 9, 6, 6, 0, 1, 8, 2, 2, 6]
572007:[0, 1, 6, 5, 8, 7, 0, 8, 7, 9]
57947:[6, 8, 5, 9, 0, 5, 8, 8, 8, 4]
589852:[2, 4, 8, 6, 0, 4, 5, 3, 0, 7]
592163:[5, 5, 9, 3, 3, 8, 7, 5, 8, 1]
614158:[7, 2, 9, 2, 2, 8, 1, 3, 4, 8]
615779:[7, 5, 0, 1, 6, 5, 4, 0, 3, 6]
621782:[9, 8, 0, 7, 4, 9, 9, 0, 8, 6]
62333:[4, 2, 2, 6, 2, 6, 3, 1, 6, 8]
631314:[4, 4, 7, 7, 4, 4, 3, 7, 5, 2]
631639:[8, 9, 7, 0, 0, 8, 0, 5, 5, 8]
634513:[2, 0, 3, 0, 4, 1, 9, 3, 1, 6]
670631:[2, 3, 2, 9, 7, 8, 4, 0, 3, 8]
691989:[3, 7, 2, 4, 0, 3, 4, 7, 5, 5]
693283:[3, 0, 2, 5, 7, 4, 7, 7, 3, 9]
722862:[5, 8, 0, 7, 4, 2, 2, 5, 1, 5]
735119:[8, 3, 7, 2, 6, 2, 3, 7, 6, 3]
735168:[1, 4, 1, 9, 3, 5, 8, 8, 3, 9]
735213:[5, 2, 1, 5, 8, 6, 3, 2, 3, 9]
735469:[3, 2, 1, 1, 4, 8, 9, 7, 8, 1]
739234:[2, 4, 2, 6, 0, 8, 4, 2, 0, 0]
750330:[1, 4, 8, 3, 6, 0, 5, 3, 8, 4]
752610:[3, 0, 6, 9, 9, 9, 1, 0, 5, 1]
761588:[7, 3, 7, 0, 9, 7, 1, 1, 4, 1]
77829:[2, 4, 7, 0, 6, 6, 8, 4, 6, 7]
778666:[1, 4, 0, 0, 0, 3, 4, 9, 0, 1]
805202:[4, 3, 2, 7, 1, 9, 2, 3, 5, 4]
811315:[3, 7, 0, 2, 4, 4, 5, 9, 7, 2]
821643:[6, 7, 3, 8, 4, 3, 5, 0, 6, 8]
834831:[8, 4, 2, 5, 9, 0, 3, 0, 1, 0]
848478:[9, 8, 4, 0, 1, 2, 1, 1, 9, 9]
868642:[2, 3, 4, 6, 8, 8, 7, 1, 7, 4]
873133:[8, 9, 8, 9, 0, 1, 6, 6, 5, 2]
874202:[9, 3, 2, 7, 4, 2, 0, 7, 0, 9]
907632:[3, 6, 6, 8, 2, 1, 3, 9, 2, 5]
916037:[4, 4, 9, 1, 0, 5, 6, 9, 5, 1]
932706:[1, 9, 8, 7, 9, 0, 9, 6, 9, 2]
933963:[6, 9, 5, 4, 5, 2, 3, 0, 0, 8]
945:[9, 3, 0, 5, 7, 3, 9, 2, 3, 8]
955775:[1, 1, 5, 0, 5, 4, 8, 7, 1, 3]
966610:[3, 6, 0, 9, 3, 1, 2, 1, 1, 2]
969917:[1, 0, 2, 9, 3, 9, 3, 3, 9, 1]
978429:[1, 8, 8, 2, 9, 9, 8, 0, 6, 4]
999863:[1, 3, 1, 4, 3, 8, 6, 5, 5, 9]
