1010921:[6, 3, 8, 3, 0, 0, 7, 3, 8, 8]
1037334:[8, 9, 6, 0, 0, 4, 6, 5, 1, 0]
1065329:[5, 2, 5, 5, 5, 7, 2, 6, 5, 5]
1074354:[4, 7, 2, 1, 6, 4, 1, 6, 6, 4]
1075719:[3, 9, 9, 1, 6, 3, 8, 1, 8, 4]
1116588:[8, 1, 8, 2, 6, 0, 9, 2, 6, 3]
1137636:[3, 7, 0, 1, 5, 1, 4, 9, 9, 4]
1141823:[8, 5, 0, 5, 0, 3, 0, 1, 3, 1]
1149436:[1, 0, 2, 2, 0, 2, 7, 8, 9, 4]
115570:[0, 5, 7, 0, 7, 2, 3, 6, 7, 6]
1156171:[5, 5, 2, 9, 2, 3, 2, 1, 2, 6]
1165979:[2, 0, 4, 1, 3, 5, 6, 5, 0, 1]
1176398:[7, 4, 2, 3, 4, 6, 1, 8, 5, 0]
1186982:[2, 3, 1, 8, 3, 1, 3, 4, 5, 8]
1205335:[9, 3, 6, 8, 9, 4, 6, 3, 9, 3]
1241473:[5, 3, 5, 0, 3, 6, 6, 3, 0, 4]
1274840:[7, 8, 6, 1, 6, 8, 1, 1, 1, 3]
1279366:[0, 6, 7, 1, 0, 6, 4, 9, 3, 3]
1281234:[2, 7, 4, 5, 4, 9, 6, 7, 7, 1]
1283760:[3, 6, 6, 3, 9, 9, 6, 3, 2, 7]
1300559:[1, 4, 6, 1, 9, 6, 6, 8, 0, 1]
1304081:[2, 0, 6, 4, 3, 6, 5, 7, 4, 6]
1307902:[4, 8, 8, 8, 2, 3, 8, 7, 1, 9]
1308341:[6, 0, 5, 8, 5, 4, 2, 2, 6, 9]
1326722:[6, 0, 6, 2, 2, 1, 3, 0, 1, 7]
1360871:[1, 0, 7, 5, 1, 1, 3, 3, 8, 5]
1366357:[1, 4, 3, 6, 3, 8, 3, 8, 1, 1]
1372665:[4, 9, 6, 5, 0, 5, 2, 2, 3, 0]
1388869:[5, 2, 9, 8, 0, 8, 5, 6, 5, 2]
1394021:[9, 0, 0, 9, 5, 6, 1, 9, 3, 2]
1415455:[9, 7, 5, 7, 2, 4, 2, 5, 0, 6]
1420289:[3, 4, 2, 1, 6, 8, 7, 7, 5, 0]
1424615:[8, 3, 3, 2, 4, 9, 4, 0, 6, 4]
1445046:[1, 9, 7, 5, 1, 9, 2, 4, 9, 0]
1455326:[5, 9, 9, 0, 2, 4, 4, 9, 8, 2]
1470515:[3, 1, 9, 5, 8, 7, 9, 5, 0, 0]
1476744:[8, 3, 4, 7, 7, 5, 6, 5, 0, 1]
1512017:[9, 8, 3, 1, 8, 9, 5, 1, 0, 6]
1517650:[0, 5, 1, 1, 4, 3, 2, 9, 2, 6]
1528734:[7, 7, 0, 7, 0, 7, 2, 7, 7, 0]
156895:[6, 1, 0, 6, 3, 7, 5, 8, 4, 7]
1584837:[8, 7, 0, 7, 8, 6, 5, 2, 2, 2]
1589968:[3, 9, 1, 3, 1, 6, 5, 0, 6, 0]
1608149:[8, 0, 0, 4, 3, 8, 9, 5, 6, 3]
162294:[8, 9, 6, 3, 4, 7, 8, 8, 6, 7]
16577:[5, 4, 3, 7, 4, 0, 7, 8, 6, 7]
1661970:[5, 3, 8, 2, 9, 0, 1, 4, 6, 1]
1666324:[3, 9, 0, 7, 3, 4, 7, 2, 5, 0]
1667104:[4, 1, 9, 0, 2, 4, 9, 8, 7, 2]
1668145:[8, 2, 0, 7, 3, 2, 0, 8, 5, 3]
1673254:[0, 2, 5, 8, 6, 5, 7, 2, 9, 0]
1689472:[0, 6, 1, 0, 6, 4, 3, 5, 2, 5]
1701318:[8, 0, 9, 1, 7, 2, 0, 1, 6, 4]
17074:[1, 9, 9, 2, 2, 3, 6, 8, 2, 7]
1707954:[3, 5, 2, 7, 0, 6, 8, 4, 2, 2]
1767579:[7, 9, 6, 6, 1, 6, 6, 1, 1, 1]
1767758:[6, 4, 1, 9, 0, 9, 9, 6, 0, 8]
1782216:[4, 6, 7, 0, 4, 2, 7, 9, 1, 6]
1786831:[0, 4, 2, 1, 7, 6, 9, 6, 4, 8]
1807648:[8, 0, 8, 7, 5, 2, 5, 4, 1, 7]
1807815:[5, 8, 7, 0, 2, 6, 0, 4, 1, 5]
1808455:[2, 6, 6, 8, 4, 8, 0, 7, 2, 7]
183275:[1, 6, 5, 1, 7, 4, 1, 9, 9, 6]
1833231:[2, 2, 9, 0, 5, 8, 8, 7, 8, 1]
1834968:[8, 9, 7, 2, 4, 0, 1, 0, 9, 4]
1835311:[6, 8, 0, 6, 1, 9, 0, 5, 7, 4]
1836112:[6, 4, 9, 0, 1, 1, 4, 5, 7, 5]
1838149:[6, 7, 6, 0, 6, 2, 4, 0, 8, 5]
183949:[6, 7, 5, 8, 9, 9, 5, 0, 3, 4]
1871395:[4, 8, 4, 9, 7, 7, 4, 0, 8, 7]
188583:[9, 0, 8, 1, 3, 2, 0, 8, 6, 3]
1886513:[9, 5, 9, 4, 5, 7, 4, 0, 1, 7]
1888653:[8, 9, 9, 7, 7, 5, 1, 8, 6, 8]
1895010:[1, 6, 7, 1, 4, 6, 4, 0, 2, 7]
1895347:[3, 6, 6, 0, 5, 5, 9, 0, 1, 7]
1904188:[4, 3, 3, 5, 2, 2, 0, 9, 6, 3]
1910238:[3, 0, 6, 1, 8, 0, 1, 3, 8, 3]
1918707:[5, 3, 6, 7, 1, 9, 1, 4, 0, 1]
1942435:[0, 7, 7, 6, 8, 8, 9, 6, 1, 1]
1944975:[2, 6, 3, 9, 9, 4, 6, 1, 5, 7]
1963249:[8, 0, 0, 6, 7, 0, 3, 1, 4, 5]
1967631:[3, 2, 6, 9, 3, 5, 3, 7, 4, 9]
1976199:[7, 0, 8, 3, 5, 6, 3, 7, 3, 0]
1991099:[0, 5, 3, 7, 6, 5, 9, 5, 1, 4]
2021011:[3, 7, 0, 0, 4, 9, 5, 5, 8, 6]
2023904:[4, 6, 6, 5, 5, 2, 8, 8, 7, 6]
2065884:[4, 2, 3, 3, 2, 8, 9, 3, 5, 7]
2080906:[1, 0, 2, 8, 7, 0, 3, 6, 7, 3]
2083424:[0, 2, 5, 9, 2, 3, 6, 6, 2, 5]
2097425:[5, 5, 8, 2, 8, 2, 4, 2, 6, 7]
2103749:[9, 4, 6, 8, 4, 2, 2, 8, 1, 9]
2124049:[7, 1, 1, 9, 5, 5, 4, 9, 4, 8]
2132504:[6, 3, 1, 7, 3, 2, 6, 3, 6, 4]
21334:[2, 8, 4, 2, 0, 5, 9, 3, 7, 4]
2148312:[3, 4, 7, 7, 0, 2, 8, 8, 1, 1]
2159474:[4, 9, 2, 2, 8, 0, 5, 4, 2, 1]
216146:[1, 4, 2, 2, 7, 0, 7, 3, 4, 8]
2167482:[3, 9, 6, 0, 5, 3, 3, 1, 6, 4]
2173179:[1, 8, 7, 1, 1, 5, 9, 7, 4, 6]
2174999:[9, 5, 6, 1, 9, 6, 5, 1, 1, 4]
2195954:[5, 3, 9, 2, 1, 4, 4, 5, 7, 9]
2197256:[1, 5, 4, 9, 1, 9, 5, 6, 1, 5]
219983:[5, 0, 7, 3, 7, 9, 5, 1, 2, 0]
2212153:[5, 4, 9, 7, 6, 8, 2, 5, 5, 0]
2241708:[8, 4, 9, 1, 5, 3, 4, 4, 3, 9]
2242432:[4, 8, 3, 8, 4, 0, 4, 3, 6, 8]
2253818:[8, 6, 7, 0, 9, 4, 7, 5, 6, 3]
2263960:[8, 0, 7, 7, 6, 5, 1, 5, 6, 3]
2295356:[6, 2, 9, 9, 8, 6, 4, 3, 0, 7]
2299364:[7, 3, 9, 2, 3, 1, 3, 8, 0, 0]
2304813:[1, 3, 5, 7, 5, 9, 4, 4, 9, 7]
2306251:[5, 6, 2, 6, 9, 5, 8, 5, 0, 6]
2310291:[8, 9, 1, 4, 2, 6, 7, 6, 6, 1]
2324075:[8, 8, 8, 3, 9, 9, 3, 9, 9, 0]
2326116:[4, 6, 1, 8, 7, 8, 0, 7, 2, 1]
2340168:[1, 4, 0, 7, 7, 6, 5, 2, 4, 6]
2356078:[3, 1, 3, 3, 3, 3, 0, 2, 5, 5]
2360690:[7, 2, 0, 5, 9, 0, 2, 4, 8, 2]
2363210:[9, 5, 3, 6, 1, 0, 4, 3, 6, 9]
2366260:[4, 9, 0, 4, 4, 9, 4, 5, 7, 1]
239537:[4, 7, 1, 7, 3, 9, 5, 0, 6, 2]
2428105:[7, 7, 4, 8, 7, 4, 0, 1, 8, 6]
2433022:[3, 0, 8, 2, 9, 1, 0, 6, 8, 0]
2470992:[2, 9, 7, 9, 2, 5, 7, 4, 6, 6]
2520590:[8, 4, 0, 6, 1, 1, 2, 6, 0, 0]
2532216:[9, 3, 2, 9, 4, 4, 2, 0, 3, 8]
2534667:[5, 8, 8, 7, 7, 0, 8, 7, 7, 1]
2626547:[7, 0, 6, 9, 0, 5, 8, 7, 5, 5]
2630578:[3, 8, 1, 7, 9, 0, 6, 5, 1, 4]
2630844:[4, 4, 6, 3, 2, 4, 4, 9, 0, 5]
26339:[8, 2, 6, 5, 2, 5, 2, 2, 1, 7]
2635073:[0, 6, 4, 2, 1, 2, 4, 3, 2, 7]
2637812:[5, 2, 9, 9, 6, 0, 8, 5, 4, 1]
2688441:[4, 0, 8, 6, 1, 2, 1, 3, 7, 6]
2706341:[3, 0, 8, 2, 9, 9, 4, 6, 3, 0]
2710159:[8, 9, 8, 1, 0, 9, 1, 9, 5, 3]
2738928:[4, 3, 2, 1, 3, 8, 1, 9, 0, 6]
2742638:[0, 2, 1, 8, 2, 4, 8, 6, 2, 3]
2747597:[8, 4, 4, 2, 2, 8, 0, 4, 9, 1]
2794905:[0, 1, 3, 1, 7, 5, 7, 9, 6, 0]
2808566:[3, 1, 3, 4, 8, 2, 3, 6, 8, 9]
2822422:[1, 5, 8, 8, 0, 9, 1, 4, 6, 6]
2827443:[6, 6, 9, 3, 7, 9, 8, 6, 2, 4]
2835052:[6, 7, 5, 8, 4, 0, 8, 0, 4, 6]
2886317:[6, 4, 2, 6, 5, 2, 8, 4, 4, 7]
2892264:[9, 8, 4, 5, 2, 6, 2, 6, 3, 2]
2908252:[4, 0, 9, 6, 6, 5, 6, 1, 5, 5]
2908305:[6, 8, 9, 7, 7, 2, 9, 8, 8, 6]
2913720:[7, 2, 3, 7, 2, 1, 1, 8, 4, 3]
2956756:[7, 4, 3, 9, 0, 9, 1, 8, 4, 2]
2960982:[2, 5, 8, 0, 0, 9, 5, 8, 7, 3]
2961422:[9, 7, 3, 2, 6, 7, 0, 5, 8, 5]
2983182:[9, 6, 6, 0, 6, 2, 0, 8, 7, 0]
2986187:[6, 0, 0, 1, 8, 3, 9, 5, 4, 3]
3008557:[7, 6, 8, 3, 3, 9, 9, 8, 8, 6]
3020871:[5, 4, 3, 1, 8, 8, 9, 6, 6, 7]
302225:[2, 6, 4, 7, 1, 2, 3, 2, 5, 8]
3037829:[3, 8, 9, 7, 1, 2, 8, 7, 3, 4]
304442:[1, 9, 5, 6, 8, 5, 4, 3, 1, 7]
3046505:[9, 8, 9, 7, 3, 9, 5, 8, 1, 5]
3057049:[8, 9, 2, 9, 1, 7, 4, 5, 5, 5]
3059841:[6, 8, 5, 9, 5, 8, 0, 8, 9, 1]
3064970:[6, 9, 3, 5, 8, 6, 9, 7, 4, 4]
3065249:[3, 4, 6, 5, 0, 5, 3, 2, 2, 3]
3069674:[7, 6, 1, 6, 5, 4, 4, 7, 5, 1]
3094449:[7, 4, 4, 2, 2, 1, 4, 0, 3, 8]
3117298:[7, 6, 5, 5, 1, 2, 9, 1, 1, 3]
3129774:[8, 2, 1, 7, 4, 9, 2, 6, 2, 6]
3144687:[6, 6, 2, 4, 7, 8, 7, 2, 8, 5]
314615:[4, 8, 2, 8, 7, 2, 5, 6, 3, 2]
3159632:[0, 4, 9, 8, 4, 6, 1, 6, 3, 3]
3182108:[3, 1, 6, 6, 4, 8, 9, 3, 2, 8]
3229788:[4, 4, 7, 0, 5, 3, 8, 8, 2, 6]
3233971:[2, 5, 9, 6, 8, 8, 4, 0, 2, 4]
3235837:[2, 7, 6, 1, 2, 8, 9, 8, 5, 8]
3252794:[4, 8, 1, 9, 2, 8, 6, 0, 6, 7]
3255724:[8, 4, 4, 9, 8, 1, 5, 3, 8, 6]
3262511:[1, 4, 8, 5, 1, 5, 6, 6, 1, 6]
3269238:[1, 4, 1, 3, 2, 2, 6, 6, 6, 2]
334010:[3, 8, 7, 3, 6, 7, 7, 0, 3, 9]
344448:[1, 7, 1, 1, 7, 9, 1, 0, 9, 9]
347153:[1, 6, 3, 6, 6, 1, 3, 3, 7, 9]
360931:[7, 5, 5, 8, 6, 3, 6, 7, 7, 7]
369443:[4, 2, 9, 5, 5, 7, 1, 3, 5, 5]
382513:[5, 2, 0, 7, 7, 6, 6, 9, 2, 2]
384612:[4, 6, 3, 8, 0, 4, 3, 2, 1, 8]
385314:[2, 1, 7, 4, 2, 5, 9, 5, 7, 6]
398781:[0, 9, 7, 2, 4, 7, 9, 7, 4, 5]
40300:[7, 3, 7, 0, 7, 0, 6, 2, 9, 4]
40602:[2, 3, 1, 7, 6, 6, 4, 4, 8, 2]
419282:[0, 8, 2, 7, 0, 5, 1, 2, 2, 0]
429720:[4, 8, 3, 2, 5, 2, 7, 4, 3, 2]
440984:[5, 4, 5, 6, 8, 1, 1, 5, 7, 6]
467887:[1, 4, 4, 5, 8, 8, 7, 6, 2, 9]
481070:[4, 1, 4, 3, 7, 7, 5, 0, 4, 0]
481544:[2, 1, 2, 9, 5, 5, 0, 5, 7, 4]
483497:[4, 6, 7, 3, 2, 6, 3, 4, 3, 2]
505904:[9, 9, 5, 2, 7, 2, 7, 1, 7, 7]
529964:[1, 4, 4, 9, 4, 7, 9, 5, 7, 4]
552271:[2, 3, 8, 5, 6, 9, 8, 3, 7, 8]
564103:[9, 4, 0, 2, 7, 2, 4, 9, 5, 4]
578557:[9, 6, 5, 0, 9, 8, 8, 2, 3, 2]
598739:[8, 4, 3, 3, 2, 7, 0, 8, 9, 7]
608890:[8, 1, 4, 9, 1, 3, 7, 4, 9, 7]
635953:[8, 7, 6, 0, 1, 9, 9, 8, 7, 6]
662715:[2, 5, 7, 6, 7, 2, 4, 1, 6, 1]
662758:[7, 5, 6, 8, 4, 9, 1, 5, 7, 9]
679661:[8, 3, 4, 7, 7, 5, 6, 5, 0, 1]
68003:[3, 6, 2, 4, 6, 5, 0, 8, 6, 2]
710700:[7, 5, 4, 9, 2, 6, 2, 1, 5, 7]
713965:[0, 0, 3, 5, 9, 5, 0, 5, 8, 2]
744331:[0, 8, 3, 8, 6, 3, 9, 9, 0, 1]
761648:[7, 5, 3, 7, 3, 9, 2, 9, 2, 2]
774687:[8, 8, 5, 7, 1, 9, 1, 8, 7, 2]
777518:[7, 0, 7, 2, 5, 4, 3, 6, 4, 7]
796879:[9, 0, 5, 1, 3, 0, 0, 8, 9, 3]
801823:[9, 9, 0, 2, 7, 2, 9, 2, 4, 6]
803429:[7, 3, 4, 3, 7, 5, 8, 1, 3, 7]
856553:[1, 4, 8, 9, 2, 3, 6, 0, 0, 7]
85762:[4, 8, 9, 8, 0, 8, 5, 6, 5, 5]
863688:[6, 6, 5, 5, 2, 3, 0, 4, 2, 1]
89435:[1, 3, 4, 6, 0, 5, 1, 4, 2, 1]
916093:[7, 4, 2, 8, 5, 9, 2, 6, 4, 1]
964816:[8, 8, 8, 3, 6, 5, 1, 3, 6, 8]
