1002329:[8, 5, 7, 9, 7, 3, 8, 4, 4, 1]
1004091:[0, 8, 3, 5, 1, 3, 6, 0, 6, 6]
1009071:[2, 4, 2, 0, 4, 6, 4, 9, 1, 6]
1034711:[1, 4, 1, 2, 6, 5, 6, 8, 3, 4]
1052634:[2, 5, 9, 0, 3, 1, 6, 3, 3, 6]
1083688:[8, 6, 3, 2, 1, 9, 0, 8, 2, 0]
1106324:[9, 4, 6, 2, 4, 2, 9, 4, 1, 1]
1109254:[5, 6, 4, 3, 4, 2, 4, 2, 9, 2]
1112265:[9, 8, 1, 3, 6, 1, 6, 5, 2, 9]
1116593:[5, 2, 1, 3, 1, 0, 2, 4, 6, 0]
1146673:[0, 9, 9, 1, 8, 9, 4, 5, 2, 7]
1162034:[0, 7, 7, 6, 1, 3, 9, 9, 4, 3]
117517:[5, 3, 4, 1, 0, 5, 2, 2, 9, 0]
1191857:[5, 4, 8, 5, 0, 7, 0, 6, 9, 0]
1200248:[7, 4, 1, 5, 4, 0, 4, 3, 1, 9]
1214337:[3, 0, 7, 4, 4, 0, 8, 4, 4, 1]
1217519:[4, 1, 9, 4, 1, 3, 9, 2, 2, 1]
1277076:[8, 2, 5, 6, 7, 1, 3, 4, 3, 9]
1286667:[2, 7, 4, 8, 2, 0, 5, 9, 3, 2]
1294482:[9, 4, 1, 5, 4, 2, 5, 3, 1, 9]
1297826:[4, 8, 1, 3, 9, 9, 1, 4, 5, 6]
1298409:[4, 7, 8, 7, 1, 9, 6, 9, 7, 7]
1364118:[8, 2, 4, 8, 8, 5, 5, 0, 7, 6]
1410251:[3, 8, 7, 8, 1, 4, 6, 7, 6, 8]
1412809:[0, 1, 8, 1, 1, 2, 7, 5, 5, 0]
1425188:[2, 8, 9, 6, 8, 2, 9, 2, 0, 8]
1477064:[1, 8, 2, 9, 8, 5, 2, 7, 6, 8]
1497341:[0, 5, 2, 6, 5, 9, 8, 1, 8, 8]
1553202:[0, 1, 7, 2, 7, 4, 0, 8, 5, 6]
1562997:[1, 3, 0, 0, 4, 8, 4, 6, 9, 0]
156387:[9, 7, 8, 7, 6, 6, 2, 6, 5, 0]
1565259:[0, 0, 1, 8, 0, 3, 8, 9, 4, 9]
1570496:[7, 7, 9, 5, 9, 1, 2, 6, 1, 3]
1572706:[9, 1, 1, 1, 2, 1, 8, 2, 9, 3]
1582860:[2, 8, 5, 9, 3, 6, 6, 6, 0, 7]
1592902:[9, 8, 0, 6, 8, 6, 5, 4, 0, 6]
1597992:[2, 4, 0, 0, 3, 0, 5, 8, 8, 1]
1618655:[4, 7, 1, 8, 7, 5, 8, 5, 8, 5]
1633733:[6, 8, 3, 8, 1, 1, 1, 9, 7, 4]
1645587:[0, 3, 7, 0, 1, 6, 8, 0, 5, 5]
1646143:[8, 7, 3, 7, 9, 5, 3, 9, 3, 3]
1653583:[2, 2, 9, 7, 2, 0, 3, 7, 0, 8]
1665159:[4, 5, 0, 8, 0, 0, 6, 0, 8, 5]
1668372:[7, 9, 0, 8, 3, 5, 9, 2, 2, 2]
1679053:[3, 5, 2, 7, 6, 8, 3, 2, 0, 7]
1701867:[7, 5, 0, 1, 5, 8, 9, 4, 6, 1]
1706254:[1, 7, 2, 9, 3, 2, 4, 7, 7, 7]
1712913:[6, 4, 1, 8, 5, 3, 0, 4, 6, 4]
1721342:[7, 5, 5, 2, 5, 7, 1, 6, 9, 0]
1736911:[8, 9, 6, 7, 8, 7, 5, 4, 0, 4]
1746280:[7, 0, 1, 1, 2, 9, 8, 7, 1, 5]
1754020:[4, 6, 5, 8, 5, 6, 5, 5, 9, 1]
1757544:[3, 4, 2, 4, 0, 7, 8, 1, 0, 1]
1770288:[3, 0, 7, 2, 7, 0, 1, 4, 4, 7]
1774563:[5, 7, 7, 7, 9, 4, 5, 9, 3, 5]
1778286:[2, 4, 0, 4, 9, 0, 9, 9, 2, 5]
1779513:[0, 4, 3, 7, 1, 2, 9, 3, 8, 2]
1846427:[0, 5, 6, 8, 6, 9, 6, 1, 7, 5]
1848880:[6, 7, 1, 5, 1, 4, 8, 6, 9, 4]
1868602:[1, 2, 8, 5, 3, 2, 5, 5, 6, 4]
1880992:[1, 9, 0, 7, 8, 9, 4, 9, 8, 6]
1905925:[8, 0, 8, 9, 3, 3, 6, 5, 3, 4]
190668:[1, 5, 0, 2, 0, 9, 4, 9, 6, 9]
191503:[3, 7, 1, 3, 5, 8, 8, 7, 1, 5]
1933375:[5, 8, 7, 6, 1, 3, 4, 6, 4, 6]
1937985:[5, 7, 6, 3, 4, 2, 6, 2, 7, 1]
1953397:[7, 3, 9, 0, 1, 4, 8, 3, 9, 7]
1970293:[9, 6, 8, 7, 5, 3, 4, 8, 4, 1]
1976730:[2, 9, 3, 5, 7, 0, 7, 0, 7, 5]
1992890:[1, 9, 5, 7, 0, 6, 2, 3, 6, 1]
2015616:[0, 0, 1, 8, 0, 3, 8, 9, 4, 9]
2024789:[0, 9, 9, 1, 0, 9, 2, 5, 9, 7]
2045402:[0, 0, 6, 9, 6, 9, 1, 3, 8, 5]
2045856:[5, 1, 5, 5, 1, 8, 5, 8, 9, 4]
2050207:[9, 7, 1, 5, 1, 6, 8, 2, 9, 4]
2064853:[4, 2, 7, 1, 4, 0, 0, 5, 3, 3]
2076386:[1, 0, 3, 2, 5, 2, 6, 1, 3, 7]
2089885:[8, 2, 0, 1, 0, 0, 5, 5, 7, 7]
2110387:[4, 4, 3, 7, 7, 9, 2, 4, 5, 2]
2141086:[0, 5, 4, 0, 8, 0, 6, 3, 0, 1]
2175060:[6, 7, 5, 8, 7, 9, 9, 0, 4, 0]
2197351:[9, 4, 1, 5, 4, 2, 5, 3, 1, 9]
2200754:[0, 6, 7, 2, 9, 0, 2, 2, 8, 1]
2202413:[0, 4, 9, 6, 6, 3, 4, 4, 5, 1]
2212046:[2, 6, 2, 1, 1, 7, 5, 2, 8, 1]
2235391:[7, 0, 9, 9, 8, 3, 8, 0, 8, 3]
226905:[6, 1, 1, 0, 2, 0, 1, 8, 4, 1]
2272103:[0, 4, 1, 4, 5, 9, 6, 8, 1, 9]
2280886:[4, 1, 4, 0, 6, 4, 4, 1, 7, 1]
2315627:[0, 0, 6, 3, 4, 9, 0, 2, 2, 4]
2334701:[9, 4, 9, 9, 8, 1, 0, 7, 9, 0]
233675:[6, 9, 0, 9, 6, 0, 7, 4, 4, 5]
2349558:[5, 4, 5, 3, 5, 5, 9, 2, 1, 3]
2384165:[3, 1, 8, 9, 3, 2, 2, 7, 5, 1]
2412625:[9, 4, 9, 5, 6, 0, 9, 3, 8, 1]
2421589:[8, 6, 7, 7, 9, 4, 9, 5, 9, 9]
2448563:[2, 5, 6, 7, 6, 0, 7, 4, 1, 1]
2510071:[5, 8, 5, 0, 6, 4, 7, 8, 3, 1]
2528424:[6, 1, 7, 2, 3, 3, 5, 6, 3, 1]
2656063:[4, 2, 9, 7, 7, 0, 2, 6, 3, 2]
2656440:[8, 7, 5, 3, 4, 3, 4, 3, 7, 5]
266350:[1, 3, 8, 6, 6, 4, 1, 8, 7, 4]
2665465:[7, 0, 6, 7, 3, 5, 9, 4, 6, 3]
2670928:[8, 1, 5, 0, 4, 1, 1, 8, 6, 5]
2684183:[9, 8, 6, 8, 1, 4, 8, 8, 0, 6]
2703568:[0, 6, 5, 1, 4, 4, 5, 2, 9, 2]
2710994:[0, 7, 7, 8, 1, 6, 3, 0, 8, 4]
2730516:[6, 6, 1, 7, 8, 9, 9, 8, 9, 0]
2753673:[4, 7, 5, 1, 5, 4, 7, 8, 7, 3]
2754038:[1, 2, 3, 7, 1, 0, 9, 7, 3, 5]
275464:[8, 4, 5, 0, 8, 2, 5, 5, 4, 5]
2805042:[0, 1, 3, 9, 1, 6, 0, 5, 8, 0]
2821733:[6, 9, 0, 5, 0, 9, 4, 8, 1, 8]
2825023:[4, 0, 6, 6, 5, 6, 8, 8, 5, 9]
2833545:[0, 9, 2, 7, 7, 5, 8, 6, 7, 5]
2834915:[0, 8, 6, 1, 1, 2, 6, 0, 6, 2]
2835920:[1, 0, 7, 8, 2, 3, 0, 7, 3, 4]
2848871:[4, 9, 5, 1, 3, 9, 8, 3, 6, 4]
2862322:[1, 0, 3, 2, 6, 2, 6, 1, 3, 7]
2871194:[2, 4, 3, 3, 1, 9, 0, 9, 4, 1]
2874106:[9, 7, 0, 5, 1, 6, 5, 6, 5, 0]
2874280:[3, 9, 4, 7, 2, 5, 2, 4, 2, 4]
2902257:[6, 9, 6, 9, 5, 3, 1, 7, 2, 4]
2912512:[7, 3, 3, 2, 2, 2, 6, 7, 6, 6]
295334:[2, 4, 3, 8, 8, 8, 3, 4, 7, 0]
2963891:[2, 4, 9, 7, 0, 3, 1, 7, 2, 1]
2985324:[7, 9, 6, 3, 0, 3, 6, 8, 2, 3]
2987665:[8, 7, 3, 7, 9, 5, 3, 9, 3, 3]
2988291:[3, 8, 7, 8, 1, 4, 6, 7, 6, 8]
3004058:[2, 1, 1, 7, 4, 0, 4, 6, 6, 6]
3005923:[0, 3, 7, 0, 1, 6, 8, 0, 5, 5]
301787:[3, 8, 5, 5, 4, 1, 0, 1, 2, 0]
3043551:[4, 9, 5, 8, 3, 9, 8, 3, 1, 4]
3052900:[1, 8, 4, 7, 5, 5, 8, 9, 5, 8]
3058389:[1, 2, 5, 3, 7, 9, 3, 1, 3, 1]
3061185:[6, 3, 6, 3, 3, 9, 5, 1, 9, 5]
3066327:[6, 6, 7, 5, 9, 3, 5, 5, 8, 1]
3069568:[0, 9, 2, 5, 9, 7, 9, 4, 3, 7]
3072871:[2, 1, 9, 3, 3, 7, 1, 4, 1, 5]
3074836:[8, 1, 0, 6, 3, 1, 5, 8, 9, 1]
3077271:[0, 4, 3, 8, 4, 4, 6, 3, 6, 0]
3137595:[8, 9, 2, 8, 5, 9, 8, 3, 6, 0]
3146824:[9, 3, 5, 3, 9, 6, 6, 7, 7, 0]
3151305:[9, 6, 6, 8, 3, 6, 3, 8, 1, 8]
3173496:[1, 4, 4, 4, 7, 4, 1, 2, 6, 7]
320764:[8, 5, 9, 5, 5, 9, 6, 6, 6, 1]
3243342:[5, 7, 2, 3, 4, 2, 9, 8, 4, 7]
32500:[9, 5, 1, 5, 8, 3, 6, 8, 3, 3]
3267603:[2, 6, 4, 1, 5, 8, 3, 1, 0, 9]
332311:[3, 0, 8, 0, 9, 6, 8, 6, 0, 1]
339229:[0, 1, 7, 6, 3, 4, 2, 7, 7, 3]
36401:[2, 8, 4, 6, 0, 3, 2, 8, 5, 7]
367004:[1, 0, 7, 7, 3, 9, 7, 8, 6, 3]
394402:[9, 2, 9, 9, 1, 8, 7, 6, 9, 2]
410495:[2, 9, 5, 3, 3, 4, 2, 2, 2, 8]
411021:[7, 6, 3, 9, 9, 0, 6, 3, 8, 1]
415531:[7, 1, 9, 6, 3, 9, 5, 2, 7, 2]
428533:[9, 4, 6, 3, 1, 1, 3, 0, 4, 2]
43156:[0, 5, 6, 2, 2, 5, 2, 2, 4, 0]
454665:[0, 0, 6, 9, 0, 0, 4, 7, 8, 1]
467083:[9, 3, 5, 3, 9, 6, 6, 7, 7, 0]
493201:[4, 4, 8, 0, 2, 5, 5, 7, 4, 6]
495968:[5, 7, 5, 3, 2, 3, 3, 9, 7, 5]
55288:[5, 5, 7, 5, 2, 0, 5, 6, 7, 0]
553207:[9, 1, 1, 2, 2, 9, 9, 7, 9, 7]
56755:[0, 7, 4, 3, 1, 5, 6, 6, 1, 2]
57063:[9, 9, 6, 2, 7, 5, 0, 6, 9, 1]
618411:[3, 3, 4, 3, 4, 1, 9, 1, 4, 1]
641550:[2, 7, 4, 9, 0, 0, 5, 9, 9, 1]
642910:[2, 4, 8, 6, 4, 1, 0, 3, 4, 3]
643960:[4, 3, 6, 2, 6, 5, 6, 1, 4, 3]
65357:[4, 9, 8, 0, 4, 6, 8, 1, 7, 0]
668317:[7, 1, 2, 7, 4, 2, 8, 6, 1, 1]
673901:[5, 7, 5, 3, 2, 3, 3, 9, 7, 5]
691488:[4, 6, 5, 8, 5, 6, 5, 5, 9, 1]
704897:[4, 4, 6, 8, 7, 8, 7, 2, 0, 0]
719841:[4, 5, 4, 3, 0, 9, 6, 2, 9, 3]
75166:[7, 1, 0, 4, 7, 8, 0, 0, 0, 8]
798927:[5, 7, 3, 4, 7, 9, 1, 9, 2, 5]
868127:[7, 9, 5, 7, 6, 7, 6, 9, 7, 6]
869507:[8, 5, 0, 1, 6, 9, 2, 5, 7, 2]
875202:[0, 9, 9, 1, 0, 9, 2, 5, 9, 7]
889164:[8, 6, 5, 8, 0, 4, 6, 4, 9, 6]
907734:[9, 2, 6, 9, 3, 2, 4, 7, 2, 1]
91441:[0, 5, 9, 6, 7, 3, 0, 9, 4, 9]
927430:[9, 5, 9, 1, 0, 7, 0, 3, 4, 8]
951009:[3, 6, 9, 0, 4, 1, 2, 3, 9, 2]
952376:[3, 4, 2, 9, 8, 5, 7, 2, 9, 7]
96631:[1, 1, 5, 6, 9, 9, 2, 6, 5, 9]
971273:[0, 1, 9, 0, 1, 2, 1, 8, 4, 1]
971853:[4, 4, 4, 0, 8, 4, 1, 6, 6, 2]
986183:[7, 4, 8, 4, 1, 2, 8, 9, 6, 2]
995283:[9, 4, 1, 5, 4, 0, 4, 3, 1, 9]
