1004572:[7, 5, 6, 6, 1, 5, 1, 5, 6, 6]
1004659:[5, 2, 0, 6, 1, 2, 1, 0, 9, 3]
1016806:[6, 5, 6, 7, 6, 4, 9, 1, 7, 9]
101690:[2, 2, 3, 4, 8, 7, 2, 3, 5, 9]
1018517:[6, 1, 7, 9, 0, 2, 3, 2, 5, 7]
1020688:[8, 9, 6, 2, 7, 7, 4, 3, 3, 0]
1023100:[8, 4, 2, 5, 0, 6, 1, 5, 0, 6]
1028004:[4, 9, 4, 3, 9, 6, 2, 8, 5, 0]
1028677:[2, 6, 4, 8, 0, 8, 2, 4, 5, 8]
1028769:[4, 8, 8, 4, 9, 1, 5, 8, 7, 0]
1029801:[5, 1, 6, 5, 6, 0, 1, 7, 1, 0]
1029823:[2, 6, 1, 4, 1, 2, 7, 5, 8, 8]
1032404:[5, 6, 6, 6, 0, 4, 2, 5, 5, 8]
1033242:[7, 7, 2, 4, 9, 1, 0, 0, 4, 3]
1042193:[0, 6, 9, 7, 4, 4, 6, 8, 3, 2]
1053129:[3, 6, 8, 5, 7, 8, 2, 6, 5, 3]
1062751:[2, 1, 3, 5, 5, 2, 0, 0, 5, 5]
1063730:[5, 6, 7, 8, 7, 7, 8, 6, 9, 6]
1070274:[4, 1, 7, 2, 6, 1, 0, 5, 3, 4]
107193:[2, 9, 1, 9, 7, 9, 4, 7, 2, 2]
1074267:[6, 8, 0, 7, 5, 0, 2, 7, 8, 0]
1078974:[6, 8, 1, 5, 9, 0, 2, 5, 1, 4]
1079709:[5, 8, 7, 2, 4, 9, 1, 2, 7, 2]
1079872:[9, 6, 1, 8, 5, 5, 0, 9, 0, 1]
1081676:[9, 7, 3, 2, 8, 6, 9, 3, 9, 6]
1082854:[0, 1, 4, 6, 5, 9, 1, 8, 4, 5]
1095814:[5, 8, 4, 1, 3, 9, 1, 5, 9, 0]
1099131:[2, 4, 3, 5, 9, 1, 5, 8, 6, 9]
1103839:[7, 9, 6, 9, 2, 1, 9, 8, 9, 8]
110423:[6, 2, 4, 2, 4, 4, 1, 3, 5, 6]
1106248:[2, 2, 0, 1, 5, 5, 9, 2, 2, 4]
1107787:[5, 6, 0, 6, 1, 4, 2, 5, 5, 8]
1109007:[5, 7, 3, 9, 4, 6, 7, 0, 8, 6]
1115967:[0, 4, 0, 2, 5, 7, 9, 9, 8, 9]
1122862:[8, 8, 4, 2, 4, 5, 2, 0, 4, 1]
1123075:[7, 5, 3, 7, 8, 6, 9, 0, 8, 4]
1124602:[8, 3, 6, 0, 4, 5, 4, 8, 7, 3]
1127624:[5, 9, 6, 9, 2, 0, 9, 0, 0, 8]
113099:[1, 9, 9, 9, 8, 7, 9, 8, 3, 8]
1131418:[5, 6, 9, 0, 4, 0, 0, 9, 0, 4]
1134564:[2, 8, 5, 5, 3, 9, 1, 1, 9, 9]
1136655:[2, 3, 9, 1, 8, 8, 7, 3, 6, 0]
1148501:[6, 9, 0, 1, 0, 9, 9, 2, 8, 8]
1150090:[7, 9, 0, 0, 2, 0, 4, 0, 4, 5]
1154728:[4, 8, 4, 1, 0, 1, 4, 3, 7, 2]
1163222:[3, 0, 0, 6, 5, 2, 4, 2, 5, 9]
1174099:[7, 3, 8, 6, 0, 2, 8, 6, 0, 3]
117414:[8, 2, 3, 5, 3, 9, 8, 6, 8, 9]
1175726:[2, 0, 7, 8, 3, 4, 8, 0, 6, 3]
1180700:[0, 6, 5, 5, 0, 2, 9, 6, 5, 4]
1182238:[0, 4, 2, 1, 2, 2, 1, 4, 0, 4]
1183740:[4, 5, 8, 5, 5, 5, 9, 4, 9, 1]
1186459:[6, 4, 0, 9, 0, 6, 7, 0, 5, 6]
1191501:[9, 6, 9, 9, 8, 4, 4, 0, 0, 4]
1192208:[6, 1, 2, 5, 6, 3, 5, 4, 8, 3]
1195520:[5, 6, 3, 2, 1, 5, 9, 6, 1, 7]
1205376:[3, 2, 0, 5, 5, 5, 3, 5, 5, 5]
1210472:[6, 6, 9, 2, 1, 6, 7, 3, 9, 1]
1213844:[1, 1, 1, 1, 9, 9, 9, 6, 4, 5]
1215472:[5, 6, 6, 4, 3, 0, 6, 0, 0, 5]
1215743:[3, 7, 8, 8, 2, 4, 8, 5, 6, 2]
1216569:[3, 8, 9, 9, 7, 7, 4, 7, 1, 7]
1219973:[6, 3, 4, 0, 6, 9, 8, 5, 0, 1]
1221119:[8, 4, 5, 5, 4, 0, 0, 9, 4, 9]
122183:[7, 9, 1, 2, 8, 4, 5, 6, 1, 8]
1222929:[1, 4, 0, 7, 0, 0, 5, 1, 4, 9]
1227086:[7, 2, 4, 1, 1, 9, 6, 7, 6, 0]
1228621:[9, 2, 2, 0, 4, 3, 0, 8, 4, 2]
12288:[5, 9, 9, 4, 6, 5, 4, 1, 4, 6]
122988:[0, 2, 0, 2, 3, 8, 4, 2, 2, 8]
1230610:[9, 1, 9, 4, 5, 1, 1, 9, 8, 8]
1233805:[0, 6, 6, 1, 1, 6, 9, 5, 6, 4]
1238562:[4, 0, 4, 6, 9, 0, 2, 9, 8, 5]
1241065:[1, 9, 5, 0, 7, 1, 7, 9, 1, 6]
1245921:[5, 0, 9, 8, 2, 7, 7, 2, 4, 1]
1245953:[2, 6, 9, 1, 9, 0, 1, 4, 0, 4]
1256113:[2, 5, 4, 6, 8, 2, 1, 9, 9, 3]
1264035:[5, 8, 1, 5, 6, 2, 9, 8, 9, 6]
126877:[5, 9, 4, 8, 1, 4, 7, 3, 0, 9]
1269897:[6, 5, 3, 0, 3, 7, 2, 6, 9, 8]
1271404:[4, 4, 4, 9, 7, 0, 2, 9, 4, 2]
1277238:[6, 3, 5, 3, 3, 0, 4, 4, 8, 1]
1281444:[4, 9, 9, 1, 2, 8, 2, 9, 3, 5]
1283446:[1, 3, 8, 8, 2, 6, 4, 6, 9, 6]
1287624:[5, 9, 8, 8, 7, 8, 7, 9, 7, 3]
1288265:[1, 9, 3, 0, 6, 0, 9, 0, 3, 8]
1289341:[3, 4, 5, 2, 4, 5, 7, 3, 6, 7]
1289521:[2, 1, 9, 4, 2, 4, 8, 0, 4, 7]
1290505:[8, 7, 5, 8, 0, 4, 8, 1, 6, 7]
1295510:[7, 9, 4, 9, 0, 1, 5, 4, 7, 5]
129559:[8, 1, 3, 6, 6, 2, 1, 4, 7, 6]
1297052:[2, 3, 7, 4, 8, 3, 5, 6, 4, 4]
1305269:[4, 4, 4, 5, 8, 5, 3, 9, 7, 6]
1315116:[8, 7, 4, 0, 3, 4, 7, 3, 9, 1]
1317521:[2, 5, 6, 2, 0, 9, 5, 1, 2, 5]
1317617:[6, 6, 9, 5, 8, 6, 1, 4, 9, 5]
1319169:[7, 4, 2, 9, 8, 2, 7, 1, 2, 3]
1322653:[0, 2, 7, 5, 7, 4, 8, 8, 8, 6]
1323701:[3, 7, 4, 7, 7, 4, 8, 9, 1, 9]
1330597:[6, 7, 8, 0, 5, 4, 4, 1, 4, 2]
1333100:[4, 2, 1, 0, 8, 6, 5, 0, 9, 9]
1333620:[0, 6, 5, 3, 8, 4, 6, 3, 8, 0]
1334034:[1, 8, 9, 4, 6, 1, 1, 0, 9, 0]
1343585:[8, 5, 7, 9, 7, 7, 3, 1, 2, 4]
1344405:[0, 1, 1, 9, 7, 5, 6, 5, 6, 3]
1345928:[8, 9, 6, 7, 4, 4, 6, 4, 6, 1]
1354325:[5, 6, 0, 6, 1, 4, 2, 5, 5, 8]
1355956:[9, 9, 8, 7, 2, 2, 1, 6, 2, 6]
1359754:[1, 6, 4, 3, 5, 7, 7, 6, 4, 9]
1364498:[0, 8, 2, 2, 8, 3, 3, 1, 9, 6]
1368306:[5, 2, 5, 7, 5, 4, 5, 1, 7, 6]
1370505:[8, 4, 2, 4, 2, 0, 3, 2, 7, 1]
1372176:[9, 0, 7, 1, 2, 9, 2, 9, 8, 5]
1378343:[7, 2, 4, 3, 0, 3, 8, 2, 6, 0]
1381233:[0, 4, 4, 6, 9, 6, 0, 2, 5, 4]
1389168:[1, 5, 4, 8, 5, 6, 6, 4, 9, 5]
1389866:[1, 0, 2, 2, 7, 4, 0, 6, 3, 3]
1402158:[5, 2, 7, 2, 1, 0, 7, 2, 7, 1]
1404668:[3, 2, 8, 6, 3, 6, 3, 4, 6, 1]
1411082:[3, 2, 9, 2, 9, 3, 5, 6, 8, 1]
1412299:[1, 5, 0, 7, 1, 4, 0, 8, 5, 8]
1412497:[0, 4, 9, 8, 3, 6, 3, 5, 6, 0]
1416877:[2, 2, 9, 8, 3, 6, 3, 8, 3, 6]
1420122:[7, 3, 7, 3, 2, 5, 6, 4, 1, 2]
1423077:[7, 1, 2, 4, 8, 5, 9, 3, 8, 6]
1429946:[2, 3, 2, 3, 9, 2, 2, 9, 1, 5]
143058:[8, 7, 1, 2, 7, 4, 1, 6, 1, 1]
1430681:[7, 1, 5, 8, 7, 3, 2, 5, 8, 6]
1430952:[5, 3, 3, 7, 9, 9, 3, 2, 0, 5]
1431187:[4, 6, 0, 6, 4, 0, 0, 7, 6, 8]
1433331:[2, 6, 5, 8, 5, 9, 4, 3, 8, 7]
1440480:[0, 3, 9, 5, 0, 8, 0, 0, 4, 4]
1442239:[7, 6, 2, 0, 1, 0, 2, 4, 5, 3]
1448701:[7, 2, 2, 8, 1, 3, 0, 3, 1, 5]
1449574:[2, 7, 1, 8, 1, 3, 5, 7, 7, 3]
1456726:[1, 5, 5, 5, 6, 7, 5, 9, 9, 3]
1457054:[5, 4, 5, 1, 3, 4, 2, 7, 5, 6]
1459936:[1, 1, 4, 8, 0, 4, 5, 2, 2, 3]
1462835:[0, 5, 1, 6, 1, 4, 8, 9, 7, 0]
1465650:[8, 3, 5, 0, 2, 6, 6, 5, 0, 3]
1470972:[5, 2, 7, 9, 1, 8, 5, 7, 2, 8]
1471222:[8, 3, 7, 7, 8, 2, 9, 0, 9, 3]
1476694:[7, 3, 7, 2, 3, 6, 7, 2, 6, 1]
1479113:[0, 5, 2, 5, 3, 5, 0, 7, 5, 0]
1480928:[9, 5, 3, 6, 2, 4, 9, 4, 8, 3]
1484719:[0, 2, 0, 1, 1, 6, 4, 5, 6, 4]
149567:[7, 3, 6, 7, 5, 4, 1, 7, 1, 1]
1496456:[7, 2, 6, 6, 1, 2, 6, 5, 9, 8]
1497032:[9, 4, 5, 7, 7, 0, 0, 9, 8, 2]
1498924:[8, 2, 2, 7, 2, 1, 7, 7, 6, 5]
1501500:[6, 5, 7, 9, 1, 2, 2, 2, 5, 0]
1509766:[2, 1, 8, 0, 4, 8, 7, 2, 0, 2]
1510029:[6, 5, 2, 6, 5, 1, 1, 9, 7, 6]
1527052:[2, 5, 3, 7, 8, 9, 0, 8, 3, 1]
1528049:[5, 9, 3, 1, 9, 0, 2, 2, 0, 8]
1528822:[4, 0, 0, 5, 6, 4, 2, 2, 4, 8]
1531246:[7, 0, 6, 4, 8, 5, 2, 9, 1, 7]
1533300:[2, 6, 5, 2, 7, 0, 2, 4, 9, 7]
1534336:[4, 5, 5, 3, 5, 6, 2, 7, 3, 7]
153458:[7, 0, 6, 2, 4, 1, 5, 6, 5, 5]
1534742:[8, 1, 0, 0, 2, 3, 4, 0, 2, 2]
1535018:[7, 3, 6, 5, 1, 8, 5, 4, 3, 2]
1540646:[3, 5, 2, 8, 6, 1, 3, 1, 9, 3]
1550252:[6, 2, 1, 3, 2, 0, 8, 5, 1, 6]
155200:[5, 6, 9, 9, 1, 8, 6, 8, 1, 5]
1555816:[1, 9, 5, 8, 9, 0, 7, 5, 8, 7]
1557361:[9, 6, 5, 4, 1, 6, 9, 9, 6, 6]
1559995:[9, 9, 4, 7, 2, 7, 2, 1, 3, 9]
1560519:[0, 4, 4, 1, 5, 6, 2, 1, 5, 2]
1560925:[3, 6, 1, 2, 7, 2, 8, 4, 8, 8]
1560998:[0, 4, 0, 4, 3, 1, 4, 9, 1, 9]
1565716:[8, 2, 7, 4, 8, 7, 5, 7, 9, 4]
1566081:[5, 9, 6, 1, 1, 9, 1, 1, 0, 5]
1571187:[2, 0, 4, 6, 8, 0, 1, 6, 6, 4]
1577345:[7, 4, 2, 8, 9, 1, 8, 6, 1, 4]
1578622:[0, 5, 6, 4, 9, 2, 9, 6, 8, 1]
158821:[3, 6, 9, 4, 6, 0, 6, 4, 1, 3]
1588595:[1, 5, 1, 1, 1, 8, 7, 8, 7, 8]
1593917:[5, 3, 9, 6, 1, 3, 4, 2, 5, 0]
1596252:[1, 4, 6, 0, 5, 5, 0, 4, 9, 4]
1598169:[8, 4, 8, 5, 4, 4, 4, 1, 8, 5]
1598524:[2, 7, 1, 5, 6, 3, 6, 7, 2, 3]
1601725:[8, 3, 6, 7, 9, 7, 0, 9, 1, 3]
1602807:[8, 4, 7, 6, 2, 6, 3, 8, 7, 4]
161184:[2, 8, 1, 7, 8, 0, 3, 0, 5, 7]
1613142:[8, 8, 4, 7, 5, 8, 0, 6, 9, 7]
1624036:[4, 7, 4, 2, 1, 7, 6, 0, 5, 8]
1626565:[5, 7, 1, 3, 9, 4, 9, 5, 5, 2]
1627512:[1, 5, 6, 6, 3, 5, 9, 2, 4, 8]
1634000:[5, 1, 7, 8, 3, 2, 0, 6, 8, 2]
1635859:[1, 0, 1, 7, 8, 8, 6, 0, 4, 2]
1638281:[1, 8, 7, 6, 7, 4, 1, 4, 0, 0]
1638297:[2, 0, 4, 2, 5, 3, 2, 3, 0, 5]
1645242:[0, 4, 1, 4, 4, 6, 7, 9, 4, 2]
1647614:[6, 1, 0, 4, 5, 4, 7, 2, 3, 6]
1653685:[8, 8, 7, 8, 5, 1, 3, 6, 1, 4]
1654035:[4, 8, 2, 2, 7, 7, 6, 7, 6, 5]
1658568:[8, 8, 4, 5, 6, 0, 4, 6, 0, 6]
1661045:[0, 9, 4, 7, 1, 4, 8, 2, 7, 7]
1672893:[0, 0, 9, 9, 0, 3, 9, 7, 6, 4]
1678338:[0, 2, 7, 8, 9, 4, 5, 9, 9, 3]
1680040:[9, 6, 2, 4, 6, 3, 2, 0, 8, 7]
1682227:[2, 9, 2, 5, 7, 2, 0, 8, 7, 5]
1687063:[9, 7, 8, 4, 8, 3, 1, 8, 0, 5]
1690634:[5, 0, 4, 0, 4, 6, 0, 1, 1, 9]
1690812:[5, 8, 3, 8, 1, 2, 7, 5, 5, 0]
1696154:[3, 6, 0, 7, 8, 1, 5, 7, 4, 2]
1697696:[1, 8, 9, 6, 4, 6, 2, 0, 9, 7]
1699547:[8, 2, 9, 3, 5, 3, 9, 2, 5, 2]
1707748:[6, 0, 5, 7, 5, 3, 2, 4, 8, 3]
1716161:[9, 4, 4, 1, 2, 0, 6, 6, 7, 2]
1717843:[6, 0, 0, 7, 7, 8, 1, 8, 8, 4]
1718382:[4, 5, 4, 0, 4, 9, 1, 8, 3, 1]
1725042:[4, 6, 7, 6, 1, 3, 2, 4, 3, 5]
1729133:[7, 0, 9, 9, 8, 5, 3, 5, 4, 2]
1735468:[2, 0, 0, 1, 8, 4, 4, 1, 0, 2]
1750815:[3, 6, 8, 6, 4, 5, 0, 4, 9, 4]
175541:[4, 6, 8, 6, 8, 4, 0, 3, 8, 5]
1760024:[1, 5, 2, 3, 3, 0, 5, 7, 4, 6]
1762086:[0, 6, 1, 7, 6, 2, 3, 9, 9, 3]
1762335:[0, 6, 4, 7, 1, 8, 8, 8, 7, 6]
1762387:[0, 0, 0, 8, 5, 5, 0, 3, 7, 0]
1764611:[6, 4, 6, 1, 2, 0, 3, 2, 1, 3]
1767878:[0, 3, 2, 3, 0, 7, 7, 0, 9, 1]
1770559:[2, 6, 4, 7, 8, 0, 5, 5, 0, 8]
1776294:[3, 9, 6, 7, 9, 6, 0, 3, 6, 0]
1783614:[4, 4, 8, 7, 5, 9, 5, 8, 5, 6]
1786938:[0, 2, 8, 5, 3, 7, 6, 4, 2, 8]
1789359:[1, 9, 2, 3, 3, 4, 0, 1, 5, 4]
179152:[1, 0, 9, 5, 4, 6, 2, 5, 8, 3]
1797684:[9, 4, 2, 6, 7, 1, 1, 3, 0, 1]
1802121:[5, 3, 1, 6, 2, 2, 0, 9, 6, 3]
1805715:[8, 8, 7, 9, 0, 4, 1, 0, 6, 3]
1808971:[8, 2, 5, 1, 6, 6, 0, 5, 9, 3]
1810286:[9, 8, 2, 5, 2, 7, 5, 5, 9, 9]
1813735:[2, 4, 1, 7, 3, 7, 9, 7, 7, 6]
1817779:[3, 3, 9, 1, 8, 0, 0, 6, 0, 7]
1824141:[5, 6, 0, 6, 5, 4, 6, 5, 5, 5]
1838611:[3, 1, 3, 4, 4, 4, 5, 8, 0, 9]
184933:[5, 6, 0, 4, 3, 0, 9, 7, 0, 5]
1866712:[3, 4, 3, 2, 1, 8, 0, 9, 7, 1]
1868828:[1, 0, 3, 9, 1, 3, 7, 3, 1, 4]
18698:[0, 0, 7, 1, 3, 2, 6, 5, 0, 4]
1870858:[0, 3, 0, 5, 5, 7, 0, 8, 9, 9]
1873050:[3, 6, 7, 9, 6, 0, 9, 3, 7, 7]
1874168:[6, 5, 0, 7, 9, 2, 6, 9, 4, 4]
1875224:[3, 4, 5, 7, 9, 5, 1, 7, 8, 9]
1876453:[1, 4, 9, 5, 5, 6, 5, 6, 8, 6]
188092:[3, 6, 7, 4, 5, 8, 8, 5, 0, 7]
1882669:[0, 1, 5, 1, 3, 9, 4, 8, 7, 2]
1887604:[0, 9, 1, 7, 7, 9, 4, 9, 3, 2]
1888253:[0, 8, 8, 3, 3, 2, 8, 1, 7, 7]
1894549:[9, 7, 6, 3, 7, 1, 1, 6, 5, 0]
1901171:[0, 2, 7, 6, 2, 0, 2, 1, 7, 4]
1905501:[8, 2, 6, 8, 7, 1, 5, 0, 5, 3]
1908656:[8, 4, 4, 0, 2, 8, 7, 5, 9, 0]
1908680:[7, 8, 3, 4, 5, 2, 4, 6, 1, 2]
1916659:[5, 5, 7, 0, 7, 1, 9, 9, 5, 0]
1923151:[3, 0, 6, 7, 3, 1, 3, 6, 5, 3]
1923407:[0, 2, 7, 8, 3, 5, 5, 3, 2, 1]
1924073:[6, 6, 0, 1, 6, 1, 4, 4, 0, 7]
1929690:[9, 2, 2, 6, 3, 6, 6, 5, 5, 1]
1936149:[3, 8, 6, 7, 1, 4, 4, 6, 6, 3]
1937058:[1, 2, 9, 7, 9, 6, 4, 2, 3, 8]
194495:[0, 3, 7, 0, 6, 9, 1, 2, 3, 8]
1946771:[2, 4, 2, 3, 0, 4, 9, 8, 8, 9]
1955689:[3, 2, 9, 8, 1, 8, 2, 8, 7, 8]
1961650:[3, 5, 2, 5, 3, 7, 8, 4, 6, 8]
1967672:[7, 2, 4, 9, 3, 6, 6, 3, 6, 8]
1968308:[4, 2, 5, 2, 2, 3, 3, 0, 2, 6]
1968720:[6, 9, 3, 4, 5, 1, 0, 5, 4, 6]
1972197:[0, 6, 6, 4, 6, 6, 7, 8, 7, 6]
1983859:[9, 5, 7, 3, 0, 4, 3, 0, 3, 0]
1985356:[2, 6, 2, 8, 2, 8, 2, 9, 3, 1]
1986362:[4, 2, 5, 3, 7, 6, 5, 1, 9, 2]
1989884:[3, 6, 2, 1, 6, 4, 7, 8, 0, 4]
1993888:[6, 6, 9, 9, 4, 2, 8, 3, 1, 2]
1994031:[2, 4, 0, 2, 5, 2, 0, 1, 8, 3]
20103:[2, 2, 2, 1, 8, 6, 9, 5, 0, 4]
2010794:[7, 5, 0, 9, 7, 5, 3, 7, 4, 8]
2011105:[7, 8, 5, 1, 6, 6, 4, 4, 1, 4]
2011526:[7, 1, 8, 1, 0, 3, 5, 9, 7, 6]
2015814:[3, 9, 5, 6, 7, 6, 6, 6, 8, 4]
2018393:[4, 3, 0, 8, 4, 7, 8, 3, 7, 0]
2020088:[3, 5, 1, 2, 7, 2, 7, 7, 9, 8]
2021744:[8, 5, 1, 6, 9, 2, 8, 4, 0, 1]
2022835:[2, 8, 9, 6, 4, 1, 1, 0, 9, 0]
2023444:[7, 3, 1, 0, 5, 9, 6, 6, 1, 7]
202416:[7, 4, 5, 6, 8, 3, 9, 3, 8, 6]
202520:[7, 5, 5, 9, 9, 2, 3, 9, 1, 7]
2036700:[8, 7, 9, 7, 1, 6, 1, 1, 1, 8]
2037434:[5, 6, 0, 6, 1, 4, 2, 5, 5, 8]
2037664:[8, 3, 7, 7, 2, 7, 8, 1, 0, 4]
2041449:[3, 0, 0, 1, 8, 6, 5, 8, 9, 6]
2041840:[4, 5, 2, 6, 4, 9, 0, 0, 3, 5]
2042548:[3, 2, 1, 7, 9, 6, 8, 1, 0, 3]
2045211:[3, 6, 1, 7, 3, 6, 6, 6, 7, 9]
2047221:[4, 8, 6, 3, 9, 4, 9, 1, 2, 6]
2057851:[0, 0, 7, 6, 7, 0, 0, 3, 6, 6]
2059031:[3, 3, 9, 6, 8, 4, 0, 0, 9, 4]
2063864:[1, 2, 5, 3, 5, 5, 2, 9, 5, 5]
2068242:[3, 8, 1, 1, 5, 3, 1, 5, 3, 3]
2074995:[6, 9, 2, 8, 3, 2, 4, 4, 5, 5]
2077293:[7, 4, 0, 6, 1, 8, 9, 9, 5, 3]
2080413:[6, 9, 8, 5, 4, 9, 5, 1, 5, 1]
2085802:[4, 8, 2, 5, 6, 6, 0, 4, 5, 7]
208635:[2, 5, 1, 2, 2, 9, 4, 2, 2, 8]
2096919:[8, 5, 6, 5, 2, 0, 7, 8, 2, 5]
2098601:[2, 0, 6, 3, 1, 9, 1, 9, 0, 7]
2100001:[5, 1, 7, 5, 9, 7, 2, 1, 2, 3]
2112703:[0, 6, 3, 8, 7, 5, 9, 9, 3, 0]
2113176:[2, 6, 2, 9, 8, 0, 7, 4, 6, 8]
2121579:[2, 3, 7, 9, 2, 2, 5, 4, 2, 9]
2125219:[4, 4, 4, 8, 8, 7, 6, 7, 6, 3]
2127296:[7, 5, 0, 6, 8, 9, 2, 5, 9, 8]
2138613:[2, 6, 5, 8, 5, 6, 1, 6, 6, 9]
2140152:[0, 6, 4, 8, 9, 6, 0, 0, 9, 5]
2151625:[7, 9, 5, 5, 7, 7, 5, 0, 9, 8]
2159154:[3, 8, 9, 8, 6, 6, 1, 4, 8, 9]
2161856:[6, 8, 8, 9, 9, 0, 1, 0, 0, 2]
2173994:[9, 4, 4, 1, 7, 0, 1, 9, 3, 1]
2176642:[8, 3, 8, 7, 4, 9, 1, 9, 6, 3]
2178643:[1, 5, 9, 3, 8, 6, 8, 5, 5, 7]
2179269:[0, 9, 9, 4, 6, 4, 5, 9, 9, 9]
2179563:[6, 1, 8, 4, 8, 6, 4, 2, 5, 9]
218241:[2, 9, 4, 2, 3, 9, 4, 0, 6, 4]
218355:[3, 2, 0, 5, 5, 4, 4, 2, 6, 0]
2189207:[7, 1, 7, 4, 1, 7, 5, 1, 7, 4]
2196499:[6, 8, 4, 0, 4, 2, 6, 0, 7, 3]
2198757:[3, 0, 3, 8, 1, 2, 1, 8, 5, 4]
2206870:[0, 1, 3, 9, 2, 9, 0, 2, 4, 7]
2214710:[2, 5, 8, 8, 4, 7, 9, 2, 0, 0]
2215862:[5, 6, 1, 9, 2, 0, 9, 7, 4, 5]
2216017:[5, 6, 0, 6, 1, 4, 2, 5, 5, 8]
2216249:[8, 2, 2, 7, 0, 8, 6, 0, 2, 3]
2222574:[9, 4, 5, 8, 1, 2, 6, 2, 4, 9]
2222941:[0, 5, 0, 5, 3, 1, 7, 0, 4, 0]
2223973:[6, 7, 7, 6, 9, 3, 9, 0, 3, 4]
2225787:[5, 0, 0, 3, 8, 7, 4, 1, 4, 9]
2226645:[8, 1, 2, 8, 2, 7, 1, 3, 2, 5]
222761:[3, 4, 3, 9, 3, 4, 8, 2, 3, 0]
2227880:[5, 7, 9, 2, 9, 6, 6, 4, 1, 5]
2231382:[0, 2, 7, 0, 2, 4, 6, 4, 6, 5]
2247615:[9, 1, 2, 2, 9, 6, 1, 4, 3, 1]
22533:[2, 8, 1, 6, 5, 3, 9, 4, 6, 2]
2255311:[8, 6, 5, 3, 5, 6, 7, 4, 6, 4]
2262361:[9, 8, 2, 6, 7, 6, 8, 7, 8, 9]
2262713:[3, 7, 7, 6, 1, 6, 0, 5, 0, 8]
227750:[7, 8, 8, 6, 6, 4, 4, 9, 5, 1]
2280061:[7, 6, 3, 5, 1, 5, 4, 6, 8, 3]
2282316:[7, 0, 6, 9, 1, 6, 3, 0, 2, 1]
2284708:[1, 0, 1, 5, 0, 9, 6, 1, 8, 4]
2285223:[0, 3, 2, 0, 1, 0, 3, 7, 6, 8]
2287558:[4, 6, 3, 3, 7, 5, 8, 4, 7, 5]
229133:[3, 6, 0, 0, 1, 0, 3, 5, 5, 6]
229380:[7, 0, 8, 8, 7, 2, 4, 5, 0, 6]
2295216:[6, 4, 7, 2, 4, 3, 7, 7, 5, 2]
2295457:[4, 1, 4, 7, 1, 7, 8, 8, 7, 5]
2295879:[0, 7, 1, 2, 8, 5, 0, 1, 8, 3]
2298610:[1, 8, 4, 4, 8, 0, 3, 8, 2, 7]
2301074:[4, 9, 5, 4, 8, 0, 4, 6, 3, 8]
2312453:[9, 2, 9, 8, 0, 6, 6, 5, 5, 1]
2317342:[8, 2, 4, 5, 1, 3, 4, 5, 6, 5]
2322352:[2, 7, 7, 3, 2, 2, 7, 6, 1, 4]
2325800:[4, 8, 6, 4, 9, 9, 9, 2, 1, 3]
2336798:[6, 5, 0, 4, 5, 1, 8, 0, 9, 0]
2341417:[5, 9, 2, 2, 9, 6, 3, 9, 8, 3]
2342434:[7, 3, 7, 9, 1, 2, 0, 7, 4, 3]
2342939:[7, 2, 3, 9, 5, 7, 4, 7, 7, 8]
2344911:[5, 6, 7, 1, 8, 3, 0, 2, 7, 3]
2344944:[0, 3, 6, 4, 8, 2, 8, 6, 0, 2]
2346303:[7, 9, 1, 7, 4, 9, 4, 9, 3, 4]
2348486:[6, 6, 6, 3, 2, 0, 6, 9, 9, 9]
2348808:[3, 7, 1, 2, 9, 4, 7, 2, 7, 8]
2366250:[0, 8, 1, 5, 8, 2, 8, 4, 5, 0]
2366698:[1, 2, 2, 7, 8, 0, 0, 9, 5, 1]
2370243:[6, 6, 2, 1, 1, 0, 9, 4, 4, 4]
2374097:[4, 0, 0, 7, 5, 8, 3, 9, 9, 4]
2383697:[4, 2, 5, 4, 9, 6, 7, 6, 6, 4]
2386433:[2, 2, 6, 8, 1, 3, 4, 9, 9, 8]
23872:[8, 8, 5, 0, 0, 8, 9, 3, 9, 7]
2388842:[5, 6, 0, 6, 2, 0, 0, 3, 5, 2]
2404823:[1, 0, 6, 6, 9, 8, 4, 7, 5, 8]
2410856:[4, 7, 1, 0, 6, 1, 1, 0, 7, 6]
2411994:[5, 0, 3, 9, 1, 5, 8, 3, 0, 4]
2415033:[7, 2, 5, 9, 7, 9, 9, 3, 3, 0]
241527:[0, 5, 9, 0, 7, 2, 0, 0, 2, 6]
2421078:[7, 8, 7, 0, 6, 8, 5, 3, 1, 7]
2422120:[7, 6, 1, 9, 1, 6, 1, 0, 5, 1]
2429044:[3, 2, 0, 4, 7, 0, 7, 3, 5, 1]
2429483:[5, 6, 8, 1, 7, 0, 0, 1, 0, 8]
2441525:[2, 2, 6, 6, 2, 4, 7, 4, 6, 4]
2442525:[4, 4, 8, 0, 4, 9, 9, 5, 9, 7]
2451798:[2, 7, 0, 7, 4, 8, 9, 1, 3, 5]
2452630:[5, 1, 7, 1, 6, 6, 8, 4, 6, 7]
2457241:[6, 2, 5, 0, 0, 8, 0, 6, 2, 8]
2459325:[0, 8, 1, 7, 1, 4, 1, 6, 5, 5]
2463030:[3, 1, 6, 2, 0, 5, 2, 3, 5, 8]
2463215:[5, 8, 4, 8, 7, 3, 7, 6, 1, 9]
2471553:[9, 1, 0, 7, 8, 7, 6, 4, 8, 9]
2473111:[2, 3, 7, 5, 8, 6, 9, 5, 1, 5]
2473565:[3, 8, 7, 7, 7, 7, 9, 8, 5, 6]
2479625:[0, 1, 2, 9, 8, 9, 9, 9, 9, 1]
249110:[2, 7, 5, 5, 5, 8, 8, 6, 4, 5]
2491850:[9, 6, 4, 4, 7, 2, 4, 7, 1, 1]
2492623:[0, 6, 4, 6, 7, 4, 0, 2, 1, 6]
2499477:[1, 5, 3, 5, 3, 2, 8, 5, 4, 2]
2507632:[9, 7, 8, 5, 0, 6, 6, 8, 4, 2]
2508016:[0, 1, 7, 2, 4, 6, 0, 0, 5, 8]
2509745:[5, 6, 8, 3, 5, 8, 1, 2, 3, 8]
2511424:[0, 7, 5, 9, 5, 9, 1, 3, 8, 3]
2514880:[1, 2, 3, 3, 1, 3, 5, 5, 4, 3]
2536252:[0, 6, 9, 8, 0, 1, 9, 5, 9, 6]
2539575:[2, 1, 3, 4, 1, 0, 7, 5, 5, 3]
2552201:[7, 2, 4, 4, 1, 3, 8, 1, 0, 2]
2553318:[7, 9, 4, 5, 7, 3, 4, 6, 8, 3]
2554742:[0, 9, 3, 2, 4, 1, 6, 6, 3, 2]
2562071:[7, 6, 1, 6, 9, 6, 2, 2, 6, 1]
2567647:[5, 2, 8, 2, 3, 1, 0, 4, 7, 8]
2572193:[9, 0, 3, 7, 1, 0, 3, 4, 5, 1]
258310:[5, 3, 5, 4, 9, 2, 3, 3, 2, 7]
258853:[0, 8, 5, 0, 0, 9, 2, 4, 8, 1]
2598020:[6, 3, 2, 2, 9, 8, 5, 7, 3, 7]
2598548:[8, 8, 5, 5, 5, 0, 3, 5, 1, 2]
2603896:[5, 7, 6, 2, 1, 9, 7, 7, 6, 2]
2605462:[2, 6, 9, 0, 4, 9, 2, 1, 6, 3]
2609021:[5, 5, 6, 4, 4, 6, 0, 9, 1, 5]
2610103:[8, 3, 1, 4, 3, 6, 2, 7, 8, 4]
2611259:[1, 3, 6, 8, 1, 5, 3, 1, 3, 3]
2614447:[7, 2, 4, 2, 9, 0, 9, 5, 2, 9]
2620484:[7, 6, 4, 5, 7, 0, 8, 0, 8, 0]
2625649:[0, 7, 2, 2, 2, 6, 8, 8, 5, 9]
2629020:[2, 2, 2, 5, 1, 8, 1, 1, 5, 2]
2632810:[9, 5, 9, 6, 8, 5, 3, 9, 6, 2]
2632899:[4, 7, 6, 1, 2, 0, 7, 5, 1, 7]
2644525:[8, 4, 3, 3, 3, 5, 9, 9, 8, 7]
2646027:[2, 9, 7, 7, 3, 6, 5, 2, 5, 1]
264717:[2, 1, 5, 1, 4, 5, 2, 1, 4, 9]
2648082:[2, 2, 2, 7, 6, 7, 8, 0, 1, 3]
2648135:[0, 5, 8, 1, 0, 0, 4, 8, 6, 6]
2649493:[0, 4, 7, 2, 7, 3, 5, 6, 8, 0]
2652698:[7, 1, 5, 6, 2, 4, 3, 6, 3, 0]
2657837:[0, 4, 9, 7, 5, 7, 5, 4, 2, 4]
2658116:[6, 6, 4, 9, 3, 8, 8, 2, 3, 7]
2666214:[5, 6, 9, 2, 6, 4, 3, 2, 4, 1]
2667144:[2, 3, 5, 7, 1, 2, 5, 7, 9, 5]
2667510:[5, 6, 2, 7, 1, 1, 3, 2, 5, 1]
2669820:[1, 6, 3, 0, 9, 0, 5, 9, 4, 6]
2671760:[0, 0, 5, 2, 7, 2, 8, 0, 0, 3]
2691220:[9, 0, 5, 6, 3, 8, 1, 8, 2, 1]
2695314:[5, 0, 0, 3, 1, 4, 9, 0, 5, 4]
2703833:[0, 6, 0, 7, 1, 6, 9, 7, 6, 2]
2712580:[9, 7, 3, 6, 9, 9, 3, 7, 4, 7]
2720031:[0, 4, 9, 2, 5, 8, 5, 0, 0, 8]
2721895:[2, 2, 6, 3, 4, 3, 8, 7, 9, 5]
2723965:[1, 1, 3, 3, 0, 9, 2, 1, 5, 1]
2725366:[2, 2, 1, 8, 1, 7, 9, 8, 8, 7]
2733472:[5, 7, 6, 2, 1, 5, 1, 9, 0, 7]
2735698:[6, 6, 6, 9, 5, 9, 0, 0, 6, 4]
2736709:[7, 0, 8, 4, 7, 6, 7, 3, 4, 0]
2736768:[3, 1, 2, 8, 2, 9, 8, 3, 2, 0]
2743057:[8, 1, 1, 4, 2, 8, 1, 2, 1, 7]
2743452:[6, 4, 8, 8, 5, 1, 1, 7, 4, 0]
275128:[5, 2, 0, 6, 7, 6, 9, 6, 0, 9]
2755225:[8, 2, 0, 9, 7, 5, 3, 0, 6, 4]
2756372:[0, 6, 1, 9, 0, 5, 4, 5, 6, 4]
2759351:[0, 3, 8, 7, 6, 1, 9, 3, 2, 2]
2760850:[5, 3, 8, 2, 2, 8, 5, 1, 5, 7]
2760871:[5, 3, 0, 1, 9, 4, 2, 6, 5, 1]
2766336:[8, 1, 9, 4, 8, 7, 3, 9, 2, 4]
2768513:[3, 4, 8, 5, 4, 9, 4, 1, 8, 5]
2769212:[3, 3, 7, 6, 5, 7, 1, 7, 7, 0]
2777300:[0, 4, 6, 5, 9, 1, 0, 2, 8, 0]
2793193:[5, 5, 3, 6, 7, 8, 9, 2, 7, 1]
2802635:[1, 3, 8, 7, 9, 3, 5, 3, 7, 1]
2806509:[0, 4, 0, 9, 3, 2, 7, 9, 7, 5]
2808102:[6, 7, 8, 0, 5, 4, 4, 1, 4, 2]
2811564:[2, 1, 8, 6, 6, 6, 7, 8, 3, 0]
2811747:[2, 4, 2, 1, 8, 1, 4, 4, 6, 5]
2814051:[7, 8, 7, 1, 4, 0, 0, 9, 3, 8]
2819041:[9, 6, 4, 6, 5, 4, 3, 5, 1, 3]
2819510:[0, 2, 2, 2, 5, 4, 3, 8, 9, 4]
2824373:[4, 9, 9, 4, 9, 6, 0, 0, 5, 7]
2826780:[9, 5, 9, 7, 5, 3, 6, 4, 5, 3]
2828413:[6, 5, 4, 1, 4, 6, 6, 3, 2, 2]
2829018:[1, 8, 1, 4, 0, 2, 2, 0, 0, 7]
2829746:[9, 4, 4, 7, 3, 2, 2, 1, 9, 9]
2847896:[1, 3, 1, 8, 3, 5, 1, 9, 8, 1]
2849794:[6, 2, 4, 9, 4, 8, 1, 2, 3, 3]
2852558:[2, 3, 4, 7, 5, 8, 9, 5, 0, 4]
2856021:[6, 0, 2, 9, 7, 7, 6, 0, 8, 7]
2861579:[3, 6, 8, 1, 1, 9, 0, 1, 0, 9]
286299:[4, 5, 1, 7, 3, 1, 0, 4, 9, 2]
2869583:[3, 7, 4, 9, 4, 7, 3, 3, 5, 0]
2873129:[9, 5, 5, 0, 0, 6, 4, 0, 1, 3]
2876599:[6, 5, 2, 9, 8, 0, 0, 4, 1, 5]
288301:[6, 2, 9, 8, 0, 6, 0, 4, 1, 8]
2893729:[3, 4, 3, 6, 7, 3, 9, 5, 2, 9]
2896414:[4, 0, 3, 1, 3, 0, 8, 5, 9, 1]
2899339:[0, 3, 5, 1, 0, 3, 2, 4, 5, 1]
2901693:[1, 4, 6, 1, 3, 4, 9, 6, 5, 4]
2901817:[9, 3, 0, 8, 1, 0, 6, 2, 3, 4]
2902646:[1, 0, 2, 5, 2, 8, 3, 7, 4, 1]
2912239:[6, 7, 7, 7, 4, 9, 6, 3, 6, 4]
2914155:[1, 7, 5, 0, 6, 4, 8, 5, 6, 1]
2914697:[6, 4, 8, 5, 5, 2, 4, 9, 7, 8]
2924257:[4, 1, 7, 1, 2, 8, 7, 5, 4, 9]
2933388:[5, 6, 6, 6, 1, 2, 3, 4, 5, 8]
2935599:[8, 2, 2, 7, 2, 4, 3, 7, 5, 2]
2943235:[5, 7, 4, 3, 1, 6, 3, 6, 0, 8]
2944507:[7, 2, 8, 7, 1, 1, 9, 0, 2, 3]
2949264:[6, 2, 4, 1, 2, 4, 9, 9, 1, 9]
2951754:[9, 8, 5, 3, 7, 2, 6, 5, 9, 1]
2964021:[6, 6, 8, 1, 1, 1, 2, 5, 1, 5]
2968116:[4, 9, 8, 8, 2, 7, 0, 9, 1, 6]
2971686:[9, 9, 4, 6, 2, 8, 0, 1, 2, 3]
2974335:[7, 5, 2, 4, 8, 5, 4, 7, 8, 2]
2976098:[3, 6, 9, 8, 5, 4, 1, 6, 5, 3]
2981017:[6, 4, 1, 0, 4, 2, 5, 6, 8, 6]
2981484:[8, 2, 4, 3, 7, 8, 4, 9, 5, 2]
2983296:[7, 2, 5, 5, 5, 1, 4, 3, 0, 8]
2984017:[0, 0, 5, 8, 8, 1, 9, 5, 7, 2]
2984516:[9, 9, 2, 6, 3, 0, 2, 3, 3, 7]
2990137:[1, 5, 9, 1, 8, 3, 3, 1, 6, 5]
2991604:[3, 2, 5, 5, 9, 0, 8, 9, 6, 5]
2992549:[0, 8, 1, 4, 0, 0, 6, 6, 2, 1]
3001135:[1, 0, 7, 0, 9, 2, 6, 7, 1, 2]
3002259:[4, 6, 8, 5, 2, 5, 3, 9, 8, 3]
3006438:[0, 0, 0, 9, 5, 8, 4, 9, 7, 8]
3008581:[2, 5, 7, 7, 8, 4, 3, 3, 3, 9]
301346:[7, 4, 2, 2, 9, 0, 5, 4, 9, 8]
3017418:[2, 3, 5, 5, 0, 7, 0, 7, 2, 8]
3017517:[1, 1, 5, 9, 9, 7, 7, 1, 2, 4]
3021968:[2, 3, 7, 9, 2, 7, 1, 8, 0, 1]
3027268:[9, 0, 6, 1, 2, 1, 3, 5, 0, 1]
3036481:[3, 1, 8, 8, 5, 7, 3, 0, 5, 9]
3037393:[5, 9, 0, 1, 2, 7, 3, 8, 4, 4]
3039440:[0, 3, 3, 5, 2, 6, 4, 9, 3, 0]
3045241:[7, 9, 1, 9, 7, 2, 9, 4, 0, 1]
3045595:[6, 8, 9, 7, 7, 0, 0, 1, 6, 6]
3046524:[3, 0, 2, 1, 1, 1, 6, 5, 0, 5]
3047495:[9, 2, 2, 8, 7, 8, 4, 6, 7, 1]
3051652:[8, 9, 4, 1, 6, 6, 7, 3, 8, 1]
3051950:[5, 4, 8, 6, 8, 6, 8, 6, 2, 7]
3053427:[3, 7, 2, 4, 1, 3, 3, 1, 5, 7]
3056909:[4, 2, 5, 4, 7, 5, 9, 4, 3, 9]
3057327:[5, 0, 0, 9, 1, 0, 1, 0, 5, 4]
3057662:[0, 8, 5, 5, 7, 9, 0, 8, 1, 8]
3066451:[5, 6, 9, 5, 6, 4, 4, 8, 0, 2]
3068051:[6, 5, 3, 2, 1, 2, 7, 7, 5, 0]
3070722:[5, 8, 8, 2, 9, 6, 0, 6, 6, 4]
307076:[1, 2, 6, 8, 6, 1, 5, 0, 6, 4]
307338:[2, 4, 9, 5, 5, 6, 5, 9, 1, 4]
3076847:[5, 1, 6, 9, 1, 1, 2, 8, 7, 4]
3077976:[4, 3, 7, 0, 1, 0, 0, 4, 0, 5]
3086232:[9, 5, 0, 2, 7, 2, 0, 6, 1, 5]
3090608:[6, 1, 9, 3, 7, 0, 8, 9, 6, 2]
3092446:[6, 1, 1, 8, 9, 2, 1, 3, 3, 4]
310054:[8, 2, 6, 1, 0, 3, 8, 9, 8, 2]
3101204:[3, 9, 2, 6, 5, 8, 7, 9, 7, 8]
3104436:[7, 3, 6, 7, 6, 9, 5, 3, 1, 9]
3107292:[8, 0, 3, 2, 6, 0, 7, 0, 6, 4]
3113550:[1, 7, 9, 3, 9, 5, 0, 4, 7, 1]
3117763:[0, 1, 7, 2, 9, 1, 6, 0, 2, 2]
3122318:[7, 2, 1, 8, 6, 3, 3, 1, 4, 0]
3124413:[3, 7, 2, 9, 8, 7, 6, 6, 6, 7]
3125086:[7, 5, 6, 4, 0, 1, 7, 3, 4, 9]
3125719:[4, 1, 6, 1, 6, 1, 9, 2, 5, 9]
3126786:[7, 6, 0, 2, 9, 5, 3, 0, 5, 1]
3127608:[1, 6, 0, 6, 9, 4, 3, 4, 1, 9]
3132789:[6, 2, 3, 5, 3, 7, 5, 7, 0, 9]
3137789:[5, 8, 8, 9, 9, 2, 0, 0, 5, 9]
3147226:[3, 0, 4, 2, 0, 7, 2, 1, 2, 8]
3150782:[6, 3, 9, 2, 0, 3, 5, 9, 4, 5]
3155357:[0, 5, 7, 1, 6, 7, 9, 2, 8, 8]
3157580:[1, 0, 1, 5, 6, 6, 0, 3, 6, 6]
3157816:[9, 7, 5, 7, 8, 6, 4, 4, 6, 1]
315956:[6, 3, 5, 2, 8, 2, 8, 5, 6, 4]
316103:[6, 0, 0, 7, 2, 2, 1, 6, 0, 0]
3165098:[9, 0, 4, 3, 7, 2, 0, 6, 7, 9]
3170053:[4, 6, 2, 3, 7, 2, 0, 9, 8, 9]
3174048:[3, 5, 2, 8, 9, 8, 0, 4, 2, 4]
3184720:[7, 9, 2, 5, 5, 4, 3, 6, 4, 2]
3187026:[7, 7, 0, 0, 6, 2, 3, 5, 4, 9]
3187340:[7, 1, 9, 4, 7, 5, 5, 7, 4, 9]
3189060:[8, 2, 6, 6, 8, 2, 1, 6, 0, 7]
3191977:[5, 5, 5, 0, 0, 4, 5, 3, 9, 0]
3192329:[8, 4, 8, 2, 0, 0, 5, 0, 0, 5]
3201888:[5, 4, 9, 8, 6, 0, 4, 8, 4, 8]
3203545:[7, 0, 1, 1, 4, 0, 9, 1, 5, 0]
3205467:[0, 7, 4, 3, 4, 9, 7, 9, 3, 9]
321221:[2, 3, 6, 3, 4, 1, 0, 3, 6, 7]
3220774:[0, 1, 0, 9, 0, 8, 4, 7, 4, 0]
3220823:[8, 1, 8, 7, 1, 6, 6, 5, 5, 4]
3227605:[3, 4, 7, 5, 0, 4, 6, 6, 6, 7]
3228158:[3, 1, 3, 1, 0, 8, 2, 4, 5, 1]
3228363:[8, 8, 4, 7, 8, 0, 8, 1, 0, 6]
3230063:[3, 8, 3, 9, 0, 2, 7, 2, 6, 2]
3230971:[7, 5, 2, 0, 3, 9, 0, 6, 5, 4]
3235850:[7, 1, 9, 3, 4, 6, 6, 0, 1, 4]
3237834:[2, 6, 0, 7, 0, 4, 8, 4, 6, 3]
324057:[4, 9, 4, 8, 1, 4, 0, 9, 1, 0]
3245027:[7, 9, 0, 9, 2, 7, 6, 4, 1, 8]
3246095:[4, 4, 3, 9, 6, 8, 2, 4, 2, 0]
3246597:[9, 9, 6, 2, 7, 2, 3, 1, 5, 9]
324721:[8, 2, 1, 8, 7, 9, 2, 7, 3, 0]
3250035:[3, 9, 6, 8, 7, 3, 8, 9, 2, 7]
3253763:[7, 5, 2, 1, 2, 2, 7, 2, 5, 2]
3257846:[7, 6, 8, 3, 1, 8, 6, 7, 2, 6]
3268988:[7, 6, 8, 8, 4, 0, 5, 8, 6, 8]
328470:[8, 6, 2, 1, 7, 6, 6, 0, 0, 3]
33785:[4, 0, 7, 3, 3, 3, 6, 1, 9, 2]
340806:[9, 1, 8, 2, 7, 1, 1, 8, 4, 3]
34097:[0, 0, 9, 5, 1, 0, 2, 8, 5, 2]
341744:[7, 6, 2, 5, 5, 2, 0, 4, 2, 7]
342481:[0, 2, 9, 1, 3, 0, 6, 2, 3, 2]
342745:[1, 0, 8, 4, 2, 5, 4, 6, 5, 4]
346337:[5, 6, 0, 6, 1, 0, 0, 5, 4, 9]
348509:[0, 2, 6, 1, 3, 3, 0, 4, 4, 9]
356094:[9, 2, 0, 3, 3, 4, 5, 4, 7, 1]
361529:[6, 8, 4, 9, 9, 7, 2, 3, 6, 9]
364239:[2, 0, 2, 9, 1, 4, 7, 3, 1, 1]
3665:[3, 3, 6, 8, 4, 1, 3, 4, 1, 6]
376688:[0, 5, 4, 4, 6, 4, 1, 3, 1, 1]
377603:[2, 4, 8, 6, 6, 4, 3, 2, 3, 3]
388046:[7, 8, 4, 3, 4, 6, 0, 8, 9, 5]
393922:[1, 0, 2, 9, 3, 9, 3, 9, 0, 5]
394645:[3, 9, 0, 6, 2, 2, 3, 1, 4, 1]
395511:[4, 9, 2, 0, 4, 6, 1, 7, 9, 4]
398442:[1, 2, 7, 9, 5, 6, 8, 0, 4, 2]
400602:[3, 2, 9, 2, 6, 8, 9, 0, 2, 9]
402263:[1, 7, 0, 2, 2, 9, 7, 2, 2, 9]
403694:[5, 8, 6, 5, 8, 8, 8, 9, 5, 1]
409238:[3, 9, 6, 3, 2, 0, 1, 7, 0, 6]
413711:[5, 7, 1, 7, 1, 8, 4, 1, 5, 8]
426377:[6, 6, 6, 1, 4, 6, 8, 5, 6, 4]
427307:[0, 6, 0, 3, 1, 0, 9, 2, 2, 6]
428032:[7, 6, 8, 9, 7, 1, 3, 7, 0, 1]
429075:[2, 1, 7, 8, 1, 8, 2, 6, 5, 8]
431409:[9, 5, 4, 7, 1, 3, 4, 8, 2, 2]
433758:[3, 4, 3, 8, 0, 5, 3, 6, 5, 2]
433773:[0, 2, 1, 2, 5, 3, 7, 6, 4, 8]
434091:[9, 3, 7, 2, 1, 2, 3, 2, 6, 8]
438139:[5, 3, 4, 3, 0, 2, 5, 0, 1, 1]
438283:[1, 3, 3, 9, 3, 2, 4, 8, 3, 3]
444203:[3, 3, 5, 1, 4, 5, 2, 1, 2, 9]
445662:[8, 9, 6, 1, 3, 1, 8, 5, 9, 3]
445804:[2, 1, 2, 6, 9, 6, 9, 0, 1, 7]
454273:[3, 9, 5, 8, 7, 5, 2, 5, 7, 4]
456394:[0, 3, 9, 9, 5, 8, 4, 2, 5, 8]
457877:[9, 8, 6, 0, 1, 1, 9, 5, 1, 4]
459775:[6, 5, 6, 7, 6, 2, 7, 3, 5, 7]
463880:[6, 8, 5, 2, 8, 2, 4, 2, 7, 9]
472077:[3, 3, 0, 7, 3, 6, 1, 5, 1, 4]
472287:[4, 6, 6, 8, 8, 2, 6, 8, 3, 6]
473278:[7, 8, 8, 2, 1, 2, 0, 0, 8, 4]
47833:[2, 1, 0, 5, 4, 9, 0, 5, 9, 4]
478715:[2, 5, 5, 3, 6, 4, 1, 1, 3, 7]
484577:[0, 9, 1, 3, 7, 9, 4, 6, 4, 2]
487984:[1, 8, 3, 6, 4, 6, 2, 7, 6, 0]
488978:[8, 6, 8, 9, 0, 6, 7, 5, 6, 7]
493622:[4, 5, 9, 3, 4, 0, 2, 9, 1, 2]
493925:[0, 2, 0, 7, 4, 8, 9, 6, 4, 8]
496126:[4, 4, 6, 7, 3, 0, 0, 8, 1, 1]
497964:[1, 9, 6, 3, 2, 0, 6, 4, 4, 8]
506503:[3, 3, 4, 7, 0, 8, 6, 8, 2, 8]
506697:[7, 2, 7, 7, 2, 0, 9, 7, 3, 1]
509047:[2, 1, 4, 2, 3, 9, 3, 0, 8, 3]
509056:[2, 3, 4, 4, 7, 0, 9, 9, 9, 1]
509147:[0, 9, 1, 6, 1, 3, 8, 9, 7, 0]
528494:[3, 5, 9, 2, 0, 7, 9, 0, 0, 0]
53371:[4, 2, 6, 2, 4, 0, 9, 7, 3, 1]
536194:[6, 8, 6, 5, 7, 9, 8, 0, 3, 4]
536902:[9, 3, 5, 3, 2, 7, 4, 2, 9, 8]
538997:[9, 3, 0, 5, 1, 3, 1, 5, 2, 2]
541535:[9, 0, 0, 5, 0, 2, 8, 8, 7, 3]
564581:[0, 4, 5, 1, 2, 7, 0, 8, 7, 1]
565153:[9, 2, 2, 3, 2, 5, 7, 3, 9, 8]
568583:[4, 6, 7, 8, 8, 0, 9, 7, 5, 8]
570759:[4, 0, 1, 5, 6, 5, 8, 8, 6, 9]
572028:[7, 7, 5, 7, 8, 9, 1, 1, 5, 8]
578374:[3, 2, 9, 9, 3, 3, 6, 7, 0, 3]
58418:[8, 8, 9, 9, 4, 0, 6, 1, 6, 9]
585605:[7, 8, 3, 7, 0, 2, 9, 4, 7, 1]
587013:[5, 4, 9, 3, 3, 8, 8, 2, 0, 5]
589867:[7, 8, 2, 2, 0, 4, 2, 2, 4, 8]
592440:[5, 9, 3, 0, 5, 2, 2, 6, 6, 2]
592669:[0, 6, 0, 8, 7, 0, 2, 3, 5, 0]
5965:[6, 2, 8, 2, 3, 4, 4, 1, 2, 3]
599762:[0, 8, 5, 8, 2, 0, 9, 2, 0, 1]
600820:[2, 2, 6, 3, 1, 4, 4, 0, 2, 9]
60184:[6, 5, 0, 3, 2, 6, 5, 3, 9, 3]
60288:[6, 8, 3, 8, 5, 9, 0, 9, 9, 0]
604871:[2, 9, 5, 4, 5, 0, 2, 5, 0, 6]
607178:[5, 1, 6, 1, 2, 5, 7, 1, 4, 2]
609259:[5, 0, 8, 1, 5, 4, 5, 3, 9, 7]
609661:[7, 6, 6, 5, 0, 0, 8, 6, 8, 3]
610104:[8, 0, 0, 6, 7, 6, 4, 2, 0, 9]
613046:[2, 8, 5, 8, 4, 8, 4, 9, 1, 6]
616403:[0, 0, 6, 9, 2, 7, 5, 5, 4, 2]
616984:[9, 5, 4, 5, 2, 8, 0, 3, 7, 6]
619766:[9, 6, 6, 5, 3, 6, 1, 8, 0, 8]
621160:[9, 5, 3, 0, 3, 5, 8, 9, 9, 0]
622349:[7, 3, 9, 9, 1, 2, 4, 0, 8, 1]
623672:[9, 7, 2, 2, 4, 2, 4, 0, 5, 0]
62474:[2, 2, 0, 4, 0, 7, 5, 2, 6, 6]
628007:[4, 5, 0, 4, 3, 4, 4, 8, 8, 2]
6322:[1, 3, 0, 0, 8, 1, 2, 6, 9, 5]
636775:[0, 3, 0, 5, 1, 3, 5, 4, 6, 6]
637824:[3, 6, 7, 7, 0, 5, 7, 8, 1, 2]
640529:[2, 3, 9, 3, 5, 7, 1, 4, 3, 2]
643128:[3, 6, 3, 2, 7, 8, 1, 7, 7, 4]
643257:[7, 6, 7, 4, 9, 7, 5, 5, 1, 4]
644275:[7, 9, 6, 6, 0, 5, 6, 1, 1, 5]
644553:[5, 3, 3, 3, 1, 0, 8, 2, 2, 2]
647686:[4, 4, 4, 0, 4, 1, 5, 9, 4, 0]
647945:[2, 2, 5, 5, 4, 0, 0, 7, 0, 8]
647984:[4, 0, 9, 0, 6, 9, 1, 3, 7, 5]
648459:[8, 2, 9, 4, 8, 0, 1, 4, 1, 8]
659897:[5, 5, 9, 5, 4, 3, 7, 2, 5, 9]
663733:[3, 3, 9, 8, 0, 0, 9, 0, 0, 1]
670314:[5, 6, 0, 9, 7, 0, 3, 7, 0, 8]
672461:[0, 3, 3, 9, 9, 1, 2, 2, 7, 3]
676777:[7, 8, 5, 7, 4, 1, 6, 7, 4, 4]
683121:[2, 9, 2, 1, 3, 6, 4, 9, 9, 0]
685015:[3, 3, 3, 3, 1, 0, 8, 0, 3, 4]
687714:[4, 1, 3, 6, 6, 2, 4, 9, 1, 8]
695540:[6, 6, 4, 6, 6, 3, 2, 9, 6, 5]
700622:[6, 3, 5, 7, 8, 9, 0, 9, 5, 1]
709000:[2, 2, 5, 1, 2, 5, 9, 5, 0, 3]
719914:[7, 5, 2, 4, 8, 5, 4, 7, 8, 2]
720241:[9, 0, 9, 8, 5, 6, 6, 1, 9, 3]
750389:[3, 3, 2, 5, 4, 1, 1, 7, 0, 7]
750463:[3, 8, 5, 5, 2, 3, 8, 7, 2, 3]
760197:[5, 6, 6, 6, 6, 4, 6, 5, 5, 8]
764378:[1, 1, 5, 7, 3, 4, 9, 8, 0, 6]
767061:[0, 5, 5, 3, 9, 1, 1, 9, 3, 6]
768235:[0, 8, 2, 7, 0, 9, 6, 5, 6, 4]
773216:[2, 8, 6, 4, 9, 1, 4, 6, 2, 9]
773265:[1, 0, 8, 5, 5, 4, 8, 4, 8, 1]
773946:[0, 2, 9, 1, 8, 3, 3, 7, 0, 9]
774180:[4, 4, 3, 0, 8, 1, 9, 2, 2, 0]
78281:[9, 0, 2, 9, 7, 7, 7, 0, 8, 3]
794596:[2, 2, 6, 2, 3, 1, 0, 7, 7, 5]
797004:[1, 2, 9, 8, 8, 0, 5, 3, 4, 8]
797235:[1, 2, 2, 1, 6, 6, 0, 5, 6, 4]
817934:[9, 5, 1, 6, 8, 9, 4, 9, 1, 5]
824684:[2, 4, 1, 7, 3, 2, 7, 8, 4, 7]
825090:[6, 0, 4, 0, 7, 1, 3, 2, 9, 7]
827301:[5, 3, 1, 2, 0, 6, 7, 1, 1, 1]
833524:[0, 1, 7, 2, 4, 2, 3, 2, 6, 6]
84066:[4, 5, 8, 0, 8, 1, 6, 9, 4, 9]
841678:[4, 9, 7, 7, 2, 0, 9, 8, 5, 2]
845064:[0, 0, 5, 8, 8, 8, 3, 3, 5, 9]
853953:[7, 2, 3, 8, 9, 0, 0, 9, 4, 5]
864332:[0, 2, 0, 1, 1, 4, 9, 3, 9, 4]
867761:[5, 1, 7, 5, 3, 1, 5, 6, 2, 7]
87453:[4, 6, 0, 9, 1, 1, 9, 7, 6, 8]
877576:[7, 6, 7, 1, 1, 7, 5, 6, 9, 7]
878190:[9, 2, 7, 5, 6, 3, 0, 0, 2, 6]
878879:[6, 9, 5, 5, 8, 5, 4, 7, 8, 3]
88324:[7, 2, 6, 6, 0, 4, 4, 1, 9, 5]
889806:[5, 6, 1, 6, 1, 1, 5, 4, 0, 8]
891189:[6, 8, 2, 7, 6, 3, 4, 5, 0, 2]
893363:[1, 8, 6, 3, 7, 2, 3, 1, 6, 8]
89697:[4, 4, 6, 6, 2, 4, 6, 3, 0, 5]
897307:[4, 3, 5, 2, 4, 0, 4, 8, 3, 0]
897586:[4, 5, 7, 9, 2, 8, 5, 0, 5, 4]
898663:[1, 4, 9, 4, 5, 2, 2, 2, 8, 5]
914757:[7, 8, 3, 2, 1, 2, 9, 2, 6, 3]
917633:[9, 5, 1, 8, 5, 5, 0, 1, 0, 1]
924308:[5, 3, 5, 9, 3, 7, 9, 8, 5, 5]
933769:[5, 3, 0, 2, 5, 8, 9, 0, 8, 4]
936370:[7, 6, 7, 8, 0, 2, 5, 5, 7, 3]
938681:[1, 1, 9, 0, 8, 6, 6, 6, 3, 8]
939723:[7, 2, 8, 2, 0, 8, 5, 9, 5, 7]
941083:[1, 5, 5, 5, 8, 7, 1, 7, 9, 7]
94907:[9, 3, 7, 0, 0, 3, 1, 5, 1, 9]
949834:[8, 4, 8, 6, 7, 6, 7, 8, 4, 0]
953987:[9, 7, 0, 2, 5, 4, 6, 7, 1, 4]
956751:[8, 3, 2, 3, 2, 0, 1, 5, 2, 7]
960807:[6, 0, 4, 4, 8, 4, 1, 5, 7, 8]
962943:[0, 7, 8, 6, 3, 5, 6, 8, 0, 7]
964858:[0, 2, 3, 8, 3, 9, 6, 1, 1, 6]
979763:[7, 7, 1, 9, 8, 3, 4, 7, 4, 2]
985618:[4, 1, 4, 7, 1, 7, 8, 8, 7, 5]
995569:[9, 5, 6, 7, 9, 4, 9, 0, 7, 9]
99567:[0, 6, 7, 3, 6, 1, 9, 5, 2, 7]
995805:[1, 6, 3, 6, 5, 7, 8, 0, 5, 1]
99882:[0, 3, 5, 3, 2, 1, 9, 5, 0, 8]
