1002077:[8, 3, 9, 5, 3, 7, 4, 3, 0, 5]
1017616:[1, 8, 8, 7, 0, 4, 2, 8, 9, 3]
1019949:[6, 7, 3, 0, 8, 0, 4, 8, 7, 0]
1036711:[0, 5, 0, 7, 6, 7, 2, 7, 4, 1]
1040254:[0, 9, 5, 0, 4, 9, 9, 7, 0, 7]
1041546:[6, 7, 3, 4, 3, 6, 8, 8, 9, 0]
1042185:[8, 1, 2, 6, 8, 4, 7, 4, 2, 8]
1063677:[2, 0, 5, 9, 5, 3, 0, 9, 4, 4]
1069690:[5, 1, 2, 9, 1, 7, 8, 2, 9, 2]
1071200:[6, 2, 2, 9, 3, 7, 3, 7, 4, 3]
1082439:[9, 3, 8, 7, 6, 1, 4, 7, 0, 8]
1132246:[0, 6, 3, 5, 0, 7, 5, 7, 8, 8]
1143996:[2, 6, 4, 4, 3, 6, 5, 8, 4, 1]
1159452:[7, 5, 2, 4, 5, 9, 1, 4, 6, 9]
1167782:[0, 9, 8, 4, 2, 4, 3, 9, 3, 9]
1172843:[5, 6, 5, 4, 4, 6, 8, 6, 2, 4]
1173081:[2, 7, 3, 1, 7, 5, 2, 2, 8, 7]
1197867:[0, 7, 3, 5, 0, 6, 4, 6, 7, 1]
1208723:[3, 1, 4, 9, 3, 4, 7, 3, 3, 2]
1218590:[2, 3, 4, 6, 7, 9, 7, 6, 5, 7]
1221876:[9, 3, 2, 7, 0, 9, 3, 0, 0, 3]
1250964:[3, 3, 6, 5, 7, 5, 0, 6, 6, 6]
126357:[6, 9, 9, 2, 3, 0, 7, 9, 5, 9]
1266154:[7, 6, 7, 1, 5, 8, 8, 5, 2, 8]
1298124:[8, 0, 6, 3, 5, 2, 0, 1, 4, 8]
1326536:[7, 8, 0, 8, 3, 3, 7, 4, 4, 2]
1364736:[7, 0, 3, 5, 8, 8, 1, 3, 6, 0]
1372824:[9, 6, 0, 7, 1, 0, 1, 8, 5, 6]
1391120:[2, 0, 6, 1, 6, 0, 6, 3, 3, 6]
1422949:[1, 0, 7, 2, 0, 3, 7, 6, 0, 1]
143069:[6, 9, 5, 5, 0, 5, 6, 0, 1, 2]
1488887:[7, 7, 5, 5, 5, 6, 2, 3, 8, 4]
1509676:[3, 3, 0, 4, 1, 3, 9, 8, 1, 9]
1517007:[8, 7, 0, 4, 5, 7, 2, 4, 8, 6]
1534875:[6, 4, 8, 7, 7, 6, 4, 5, 1, 0]
1577028:[0, 7, 4, 4, 2, 2, 3, 4, 1, 9]
1594299:[6, 0, 7, 9, 8, 6, 6, 9, 9, 2]
1614146:[4, 1, 9, 5, 8, 0, 8, 2, 4, 9]
1639859:[2, 2, 6, 6, 2, 3, 2, 9, 9, 4]
1664445:[5, 1, 9, 2, 2, 9, 0, 1, 2, 2]
1666838:[3, 5, 7, 2, 6, 7, 6, 0, 0, 7]
1672124:[5, 3, 0, 6, 5, 7, 2, 7, 6, 8]
1677911:[2, 2, 4, 6, 0, 1, 1, 8, 3, 7]
167875:[6, 2, 2, 4, 8, 9, 4, 0, 2, 3]
1680227:[5, 0, 5, 9, 6, 1, 2, 2, 5, 7]
1683147:[7, 9, 9, 3, 8, 4, 9, 2, 3, 4]
1693110:[8, 4, 0, 8, 5, 3, 0, 4, 6, 2]
1696398:[6, 7, 1, 1, 5, 0, 6, 9, 9, 0]
1729673:[8, 3, 8, 2, 9, 3, 5, 2, 8, 8]
1772152:[4, 2, 3, 2, 3, 3, 2, 0, 3, 9]
1827307:[7, 1, 3, 3, 7, 1, 6, 3, 1, 0]
1883035:[1, 3, 0, 0, 1, 9, 0, 3, 9, 0]
1888525:[1, 7, 0, 7, 9, 8, 0, 5, 7, 2]
1891368:[6, 6, 8, 4, 0, 5, 5, 4, 8, 7]
1895856:[4, 1, 9, 7, 2, 3, 9, 1, 6, 2]
1904892:[0, 9, 2, 4, 0, 8, 2, 6, 0, 8]
1927827:[9, 3, 2, 7, 0, 9, 3, 0, 0, 3]
1933679:[9, 3, 2, 7, 0, 9, 3, 0, 0, 3]
1934780:[5, 1, 5, 9, 0, 9, 5, 4, 1, 1]
1939890:[0, 6, 5, 9, 1, 5, 9, 1, 9, 9]
1950136:[0, 7, 2, 1, 8, 8, 4, 9, 9, 1]
1971014:[7, 5, 5, 2, 5, 8, 2, 4, 8, 9]
2027134:[2, 4, 5, 1, 7, 7, 9, 2, 8, 8]
2033819:[4, 3, 3, 4, 6, 6, 3, 0, 4, 7]
2052153:[9, 8, 3, 1, 0, 7, 2, 9, 7, 8]
2055835:[6, 4, 5, 2, 7, 6, 0, 0, 6, 7]
2070710:[8, 2, 8, 2, 8, 1, 5, 7, 8, 0]
2097538:[2, 5, 3, 9, 1, 8, 7, 0, 2, 9]
2107969:[1, 0, 2, 4, 2, 3, 0, 9, 3, 4]
2113095:[3, 0, 8, 9, 5, 2, 8, 3, 8, 4]
2114665:[8, 0, 9, 9, 2, 1, 7, 1, 4, 7]
2130072:[0, 8, 0, 0, 4, 5, 6, 4, 6, 8]
2192175:[5, 9, 3, 7, 1, 2, 7, 1, 2, 8]
2209720:[9, 0, 4, 5, 8, 6, 7, 7, 6, 7]
2223136:[7, 7, 4, 5, 1, 3, 8, 8, 8, 9]
2228251:[0, 9, 5, 3, 7, 4, 9, 9, 2, 7]
2231452:[1, 2, 1, 7, 6, 9, 0, 8, 7, 1]
2245551:[7, 1, 2, 5, 5, 1, 8, 7, 9, 8]
2260182:[6, 3, 2, 8, 3, 8, 6, 3, 1, 6]
2265864:[5, 9, 4, 7, 5, 7, 3, 3, 1, 4]
227552:[7, 3, 1, 9, 5, 0, 9, 6, 8, 0]
2276487:[4, 6, 9, 7, 7, 4, 0, 4, 7, 2]
2291691:[6, 7, 9, 5, 3, 6, 2, 0, 8, 1]
2302801:[8, 3, 3, 6, 3, 3, 6, 4, 4, 5]
231714:[5, 6, 2, 1, 8, 4, 7, 5, 3, 2]
231785:[3, 9, 4, 5, 5, 8, 9, 5, 4, 8]
2323489:[3, 5, 0, 5, 1, 8, 6, 5, 8, 1]
2333902:[8, 6, 7, 0, 1, 0, 9, 0, 6, 0]
234757:[7, 5, 8, 1, 1, 5, 9, 6, 2, 3]
2348448:[1, 5, 2, 8, 7, 7, 1, 4, 0, 4]
2368178:[8, 3, 0, 2, 9, 9, 3, 0, 8, 4]
2374450:[6, 1, 8, 3, 1, 4, 1, 7, 6, 8]
2376473:[7, 0, 0, 7, 2, 2, 6, 5, 2, 6]
2403870:[9, 3, 2, 1, 1, 5, 2, 7, 3, 8]
2406061:[5, 8, 5, 6, 4, 4, 6, 8, 3, 8]
2408745:[0, 2, 7, 4, 1, 2, 9, 6, 2, 8]
2421364:[1, 5, 6, 1, 5, 1, 0, 0, 1, 6]
2454804:[0, 8, 9, 2, 5, 2, 7, 1, 6, 2]
2464383:[2, 0, 4, 1, 1, 0, 6, 3, 1, 7]
2469031:[9, 8, 7, 0, 9, 3, 1, 4, 2, 8]
247023:[4, 0, 5, 9, 4, 1, 9, 1, 0, 9]
247567:[9, 4, 8, 1, 0, 5, 2, 7, 4, 9]
2488302:[6, 2, 8, 8, 9, 0, 7, 4, 0, 2]
2489895:[0, 0, 9, 7, 5, 9, 9, 7, 6, 0]
2491255:[0, 2, 5, 8, 2, 4, 9, 0, 3, 5]
2492022:[8, 7, 2, 5, 3, 5, 9, 6, 8, 5]
254660:[9, 3, 1, 8, 0, 0, 9, 1, 5, 1]
2551672:[4, 0, 0, 2, 6, 3, 5, 3, 7, 9]
2560636:[5, 2, 0, 0, 3, 2, 6, 0, 6, 4]
2565058:[2, 1, 3, 1, 1, 0, 7, 9, 6, 2]
2566623:[2, 8, 1, 2, 2, 7, 3, 5, 6, 1]
2572810:[7, 1, 1, 4, 9, 1, 9, 1, 7, 3]
2592238:[3, 9, 7, 8, 3, 4, 7, 1, 1, 6]
2604938:[5, 0, 5, 5, 3, 6, 9, 1, 8, 8]
2625477:[5, 1, 1, 7, 7, 4, 1, 1, 6, 9]
2640932:[7, 7, 4, 5, 1, 3, 8, 8, 8, 9]
2642543:[5, 8, 3, 8, 1, 5, 2, 8, 1, 8]
2659507:[7, 0, 0, 2, 7, 3, 0, 6, 8, 4]
2662777:[6, 0, 1, 5, 5, 8, 3, 9, 1, 9]
2685860:[1, 6, 7, 3, 6, 8, 2, 7, 5, 5]
2693432:[3, 1, 3, 8, 1, 3, 8, 0, 7, 9]
2697066:[2, 1, 6, 8, 1, 1, 7, 3, 6, 6]
2698462:[8, 6, 4, 7, 1, 3, 8, 0, 7, 0]
2717554:[8, 1, 1, 1, 9, 2, 6, 6, 2, 4]
2724666:[4, 8, 2, 8, 9, 2, 6, 5, 8, 5]
2725119:[7, 2, 2, 1, 5, 1, 3, 5, 6, 7]
2726871:[5, 7, 2, 2, 3, 1, 9, 7, 8, 0]
2731698:[5, 1, 8, 9, 2, 1, 6, 1, 6, 0]
273192:[9, 2, 2, 0, 9, 2, 4, 4, 9, 1]
2749313:[8, 1, 2, 5, 9, 8, 4, 5, 7, 5]
2751253:[7, 7, 0, 7, 2, 8, 1, 1, 1, 8]
2753020:[4, 2, 8, 1, 2, 0, 2, 7, 9, 2]
2758820:[9, 4, 7, 2, 6, 5, 7, 0, 9, 7]
2788170:[8, 1, 2, 9, 1, 6, 2, 5, 4, 6]
2833678:[6, 4, 5, 9, 4, 3, 8, 7, 9, 0]
2847327:[2, 0, 9, 9, 3, 8, 5, 1, 4, 3]
2858442:[3, 6, 6, 7, 4, 4, 9, 0, 1, 2]
2881641:[2, 0, 3, 9, 3, 0, 2, 0, 9, 9]
2901056:[4, 5, 5, 3, 1, 1, 0, 7, 3, 7]
2915439:[1, 0, 2, 9, 3, 4, 8, 3, 9, 1]
2929147:[5, 7, 3, 7, 5, 9, 0, 5, 9, 2]
2936016:[0, 6, 4, 7, 0, 9, 5, 8, 9, 4]
2938406:[9, 3, 0, 8, 7, 0, 6, 3, 9, 0]
2959697:[5, 0, 7, 8, 6, 8, 9, 7, 7, 5]
2981850:[6, 3, 6, 3, 4, 0, 5, 3, 7, 8]
298705:[5, 4, 6, 2, 1, 4, 9, 4, 7, 6]
299518:[6, 3, 9, 0, 4, 0, 3, 3, 2, 1]
3005486:[9, 8, 2, 0, 8, 3, 4, 6, 3, 8]
3013173:[4, 6, 0, 4, 2, 7, 2, 4, 6, 0]
3020766:[2, 2, 5, 3, 1, 6, 9, 1, 7, 4]
3047531:[4, 7, 9, 2, 7, 5, 8, 6, 1, 3]
3051040:[3, 3, 3, 3, 6, 1, 1, 1, 6, 5]
3080018:[1, 3, 6, 4, 8, 6, 8, 9, 7, 7]
3088254:[2, 2, 6, 6, 2, 6, 4, 7, 3, 3]
3090089:[8, 5, 7, 4, 8, 4, 2, 8, 6, 5]
3091018:[2, 3, 4, 6, 7, 9, 7, 6, 5, 7]
3095121:[1, 7, 1, 2, 7, 2, 1, 2, 6, 9]
309937:[7, 4, 8, 2, 5, 7, 6, 3, 9, 7]
310397:[0, 8, 1, 1, 5, 1, 3, 4, 3, 6]
3107222:[6, 1, 2, 8, 4, 6, 5, 8, 8, 8]
3108692:[0, 4, 1, 8, 5, 3, 0, 9, 8, 3]
3111950:[2, 7, 1, 4, 4, 5, 3, 7, 6, 2]
3148479:[6, 8, 2, 4, 3, 4, 2, 7, 8, 7]
3150352:[9, 8, 2, 7, 5, 7, 2, 7, 8, 3]
3153777:[1, 3, 8, 7, 1, 4, 9, 7, 5, 7]
3153866:[0, 1, 2, 3, 2, 4, 9, 3, 6, 5]
3176949:[0, 0, 8, 6, 2, 5, 2, 5, 0, 7]
3182745:[0, 5, 9, 6, 3, 6, 3, 7, 3, 8]
3205505:[7, 7, 9, 1, 0, 9, 2, 0, 9, 9]
3213628:[6, 3, 9, 0, 4, 0, 3, 3, 2, 1]
3232986:[6, 7, 7, 8, 6, 0, 8, 7, 2, 3]
325136:[8, 6, 2, 2, 9, 3, 5, 2, 4, 8]
3253209:[9, 7, 7, 2, 2, 1, 3, 5, 5, 5]
337385:[1, 2, 0, 1, 0, 5, 1, 1, 9, 1]
346606:[2, 4, 0, 6, 4, 5, 8, 5, 7, 6]
3733:[6, 4, 5, 0, 2, 4, 8, 2, 7, 4]
387185:[6, 8, 2, 5, 7, 6, 5, 8, 4, 7]
387341:[7, 2, 9, 8, 5, 2, 6, 2, 1, 6]
399794:[4, 5, 8, 4, 8, 6, 7, 4, 9, 2]
414148:[0, 7, 5, 3, 5, 5, 8, 9, 4, 7]
421213:[9, 0, 6, 1, 1, 2, 0, 6, 6, 8]
43911:[9, 0, 2, 8, 9, 6, 9, 9, 8, 3]
447239:[8, 4, 9, 8, 6, 5, 8, 9, 2, 3]
459987:[1, 2, 4, 8, 6, 9, 2, 1, 2, 8]
463154:[8, 9, 9, 4, 0, 3, 6, 4, 8, 9]
467265:[2, 1, 8, 3, 3, 6, 3, 1, 4, 0]
477124:[7, 7, 0, 1, 5, 3, 8, 3, 6, 8]
486433:[9, 9, 0, 9, 7, 1, 5, 0, 1, 8]
516320:[2, 4, 5, 6, 5, 3, 0, 3, 8, 1]
551223:[0, 3, 0, 1, 1, 5, 8, 0, 1, 1]
552690:[4, 3, 0, 6, 5, 5, 2, 1, 4, 5]
569565:[1, 1, 9, 7, 2, 9, 6, 4, 7, 8]
569908:[5, 3, 1, 6, 3, 4, 4, 5, 2, 6]
574500:[5, 0, 3, 8, 4, 7, 4, 6, 1, 2]
579498:[9, 4, 8, 5, 6, 3, 9, 8, 1, 6]
619043:[2, 3, 8, 2, 5, 7, 2, 0, 0, 8]
646361:[6, 6, 6, 9, 1, 4, 8, 2, 1, 6]
652398:[4, 3, 0, 6, 5, 5, 2, 1, 4, 5]
6599:[8, 8, 0, 1, 1, 3, 7, 9, 4, 9]
675385:[0, 4, 0, 1, 3, 2, 2, 1, 6, 4]
683367:[7, 3, 9, 4, 1, 6, 2, 6, 3, 7]
684331:[3, 5, 4, 6, 2, 9, 8, 0, 1, 4]
686729:[7, 6, 0, 3, 9, 3, 3, 1, 0, 5]
700845:[0, 4, 4, 7, 6, 8, 7, 0, 7, 2]
702195:[4, 9, 8, 3, 1, 5, 2, 1, 2, 8]
736051:[3, 6, 3, 1, 5, 9, 3, 3, 2, 3]
739553:[0, 0, 9, 1, 6, 9, 9, 2, 9, 8]
744279:[4, 2, 9, 8, 9, 1, 4, 4, 6, 2]
798982:[5, 2, 6, 4, 3, 2, 6, 7, 7, 1]
810517:[5, 7, 2, 9, 2, 2, 9, 7, 1, 2]
810893:[9, 1, 5, 9, 1, 9, 2, 3, 9, 9]
817838:[4, 8, 2, 5, 7, 0, 7, 9, 0, 2]
823016:[6, 3, 9, 1, 8, 2, 7, 4, 3, 6]
826766:[1, 0, 8, 2, 7, 7, 2, 5, 6, 9]
831965:[2, 5, 7, 0, 0, 9, 3, 4, 4, 5]
835739:[8, 2, 5, 8, 7, 2, 2, 8, 0, 5]
836778:[0, 1, 2, 9, 6, 8, 2, 0, 0, 9]
838494:[1, 3, 7, 3, 5, 2, 5, 7, 8, 7]
846395:[7, 8, 8, 9, 4, 2, 5, 4, 5, 6]
849447:[2, 4, 8, 8, 5, 6, 4, 7, 1, 2]
855568:[6, 4, 5, 6, 4, 5, 1, 5, 4, 0]
867940:[6, 3, 9, 0, 4, 0, 3, 3, 2, 1]
878826:[1, 7, 7, 2, 6, 7, 8, 3, 7, 6]
884372:[7, 3, 9, 6, 5, 5, 1, 6, 8, 0]
895909:[6, 3, 5, 5, 5, 8, 1, 1, 6, 8]
898605:[5, 4, 8, 1, 3, 6, 9, 1, 1, 9]
90440:[5, 9, 7, 2, 6, 4, 2, 8, 6, 8]
908153:[9, 8, 4, 1, 3, 2, 5, 7, 0, 6]
909155:[8, 6, 9, 9, 0, 0, 6, 4, 0, 9]
916769:[4, 0, 7, 7, 3, 7, 7, 1, 7, 5]
91978:[3, 8, 3, 8, 5, 4, 6, 6, 5, 9]
922801:[1, 7, 8, 4, 6, 3, 8, 9, 9, 3]
925598:[2, 8, 9, 6, 9, 9, 4, 2, 3, 6]
933026:[6, 9, 5, 7, 3, 7, 8, 6, 6, 1]
939049:[4, 3, 5, 0, 7, 3, 2, 6, 0, 0]
950693:[6, 5, 1, 7, 6, 7, 6, 9, 0, 1]
969715:[2, 0, 3, 0, 0, 8, 2, 0, 4, 5]
995131:[7, 2, 6, 6, 1, 2, 1, 8, 1, 2]
