1004382:[0, 7, 3, 0, 2, 8, 6, 9, 6, 4]
1007023:[1, 8, 8, 3, 6, 2, 1, 1, 0, 9]
1011324:[0, 8, 3, 5, 5, 3, 3, 1, 7, 9]
1013593:[6, 9, 8, 5, 1, 5, 1, 6, 9, 9]
1015446:[1, 1, 4, 8, 4, 6, 4, 8, 2, 1]
1019959:[3, 8, 7, 2, 5, 2, 3, 2, 8, 3]
1023958:[1, 2, 7, 5, 5, 6, 1, 4, 1, 8]
1030493:[5, 8, 4, 6, 9, 3, 9, 8, 2, 7]
1044505:[2, 3, 6, 1, 0, 4, 6, 6, 1, 7]
104914:[5, 9, 7, 4, 4, 7, 9, 7, 9, 3]
1050899:[1, 3, 2, 1, 4, 3, 4, 8, 9, 4]
1056306:[3, 0, 9, 7, 1, 4, 6, 7, 2, 5]
1060353:[2, 2, 3, 0, 3, 3, 7, 5, 3, 9]
1065967:[7, 0, 4, 0, 2, 9, 9, 9, 6, 7]
1074952:[8, 9, 5, 2, 9, 3, 2, 5, 9, 5]
1076488:[8, 5, 4, 9, 4, 6, 9, 8, 6, 6]
1082614:[1, 7, 8, 1, 1, 5, 1, 3, 6, 5]
1095675:[2, 4, 2, 2, 7, 3, 0, 9, 8, 5]
1101284:[1, 2, 8, 9, 7, 7, 1, 8, 9, 6]
1103661:[2, 0, 0, 3, 8, 7, 6, 3, 2, 3]
110397:[7, 2, 8, 9, 1, 9, 3, 5, 2, 5]
112249:[1, 0, 4, 6, 4, 5, 6, 5, 8, 5]
1124324:[9, 6, 4, 9, 3, 6, 5, 3, 8, 5]
1135396:[7, 8, 7, 0, 1, 6, 1, 7, 4, 2]
1136781:[8, 6, 9, 9, 9, 5, 3, 8, 9, 7]
1138213:[4, 4, 1, 5, 7, 2, 2, 4, 9, 7]
1153873:[4, 3, 9, 3, 8, 1, 5, 6, 1, 0]
1154531:[7, 3, 4, 3, 1, 6, 3, 8, 4, 0]
1157039:[2, 0, 0, 4, 2, 4, 8, 3, 6, 0]
1160834:[4, 0, 3, 9, 6, 0, 2, 9, 9, 4]
1166126:[9, 8, 9, 3, 8, 6, 4, 2, 2, 5]
1175616:[7, 7, 2, 5, 7, 6, 6, 3, 8, 7]
1175752:[6, 7, 6, 8, 4, 3, 3, 7, 6, 1]
1188732:[2, 4, 9, 1, 0, 3, 7, 3, 2, 2]
119066:[8, 7, 3, 5, 7, 1, 4, 2, 0, 9]
1197634:[9, 0, 1, 7, 4, 2, 9, 1, 3, 4]
1202198:[2, 8, 7, 2, 9, 9, 0, 8, 3, 8]
1214562:[7, 7, 4, 6, 7, 5, 2, 4, 7, 6]
1218532:[0, 1, 1, 0, 6, 3, 1, 0, 6, 1]
1230222:[1, 5, 8, 8, 9, 6, 4, 6, 2, 8]
1231940:[6, 0, 9, 0, 6, 3, 7, 5, 9, 4]
1233020:[1, 8, 1, 1, 2, 0, 9, 8, 3, 1]
1253092:[4, 5, 3, 3, 9, 4, 7, 7, 4, 9]
1254837:[2, 4, 2, 6, 4, 6, 6, 2, 2, 7]
1271803:[4, 2, 6, 8, 6, 3, 6, 8, 8, 6]
1274997:[1, 4, 8, 7, 3, 4, 1, 0, 9, 5]
1279056:[1, 0, 9, 0, 4, 8, 7, 0, 1, 8]
1282017:[8, 9, 7, 2, 7, 4, 0, 7, 0, 1]
1286475:[5, 6, 6, 6, 6, 3, 3, 9, 3, 7]
1291968:[8, 9, 0, 7, 8, 4, 4, 5, 9, 8]
1292535:[6, 7, 6, 5, 3, 5, 3, 7, 3, 3]
1293445:[4, 7, 9, 8, 5, 9, 7, 3, 1, 2]
1296868:[8, 4, 5, 5, 8, 4, 2, 5, 2, 7]
1301904:[9, 5, 7, 4, 9, 5, 1, 9, 2, 7]
1310931:[8, 9, 3, 8, 7, 1, 1, 1, 4, 4]
131788:[5, 5, 5, 7, 6, 2, 0, 5, 6, 2]
1337012:[9, 7, 3, 9, 2, 7, 1, 7, 5, 2]
1347833:[6, 8, 9, 0, 5, 2, 3, 9, 9, 6]
1351112:[3, 4, 7, 8, 6, 6, 8, 3, 1, 6]
1353946:[5, 8, 3, 8, 9, 8, 2, 4, 2, 8]
1354773:[6, 3, 4, 8, 9, 3, 0, 0, 1, 3]
1365108:[7, 8, 3, 4, 5, 3, 8, 6, 3, 3]
1374347:[7, 2, 3, 4, 6, 8, 9, 3, 9, 2]
1375457:[9, 5, 8, 7, 2, 3, 3, 8, 0, 6]
1379279:[0, 4, 6, 5, 1, 6, 6, 0, 5, 9]
1389684:[2, 3, 0, 6, 0, 3, 0, 8, 0, 5]
1396343:[3, 7, 6, 7, 3, 8, 5, 5, 8, 1]
139682:[1, 1, 8, 2, 4, 4, 6, 2, 6, 0]
1398426:[4, 3, 3, 6, 6, 3, 1, 9, 5, 1]
1401144:[9, 2, 5, 1, 0, 3, 8, 5, 1, 5]
1405409:[3, 1, 7, 7, 5, 7, 7, 1, 5, 7]
1407960:[0, 9, 2, 2, 1, 3, 8, 9, 6, 9]
1410920:[6, 3, 9, 4, 0, 1, 5, 7, 8, 6]
1428616:[7, 3, 2, 1, 5, 5, 3, 4, 7, 7]
1434466:[9, 4, 6, 3, 5, 8, 0, 3, 0, 4]
1437650:[7, 9, 6, 5, 0, 9, 1, 2, 9, 4]
1440748:[6, 1, 5, 2, 4, 2, 7, 2, 0, 9]
1446656:[4, 9, 2, 6, 6, 5, 3, 2, 7, 6]
1457753:[5, 6, 0, 5, 6, 3, 3, 6, 0, 6]
1461302:[3, 9, 7, 1, 3, 1, 0, 0, 1, 5]
1462179:[8, 7, 8, 9, 9, 9, 3, 1, 4, 9]
1465606:[8, 0, 7, 0, 8, 9, 6, 8, 3, 8]
1482259:[4, 2, 2, 8, 8, 6, 0, 2, 1, 5]
1485941:[0, 3, 2, 6, 0, 6, 6, 6, 2, 2]
1486339:[6, 8, 7, 0, 9, 1, 1, 3, 9, 3]
1498649:[2, 6, 2, 1, 8, 4, 1, 8, 6, 8]
1515425:[8, 6, 0, 3, 6, 0, 6, 5, 7, 9]
1529268:[5, 3, 5, 0, 6, 6, 5, 2, 9, 1]
1531553:[2, 1, 5, 7, 4, 4, 2, 8, 4, 1]
153418:[0, 8, 3, 7, 1, 6, 9, 6, 2, 4]
1541412:[9, 2, 7, 5, 9, 3, 3, 9, 9, 3]
1567087:[3, 8, 7, 5, 5, 2, 2, 6, 4, 9]
1567147:[6, 2, 5, 3, 2, 4, 8, 1, 6, 4]
1576422:[2, 7, 5, 9, 2, 4, 3, 1, 0, 5]
1585929:[6, 5, 3, 8, 7, 3, 5, 6, 9, 1]
159051:[7, 3, 4, 3, 1, 6, 3, 8, 4, 0]
1593077:[9, 3, 9, 2, 0, 3, 4, 6, 0, 2]
1594532:[8, 8, 8, 5, 6, 3, 8, 6, 4, 5]
1610816:[4, 4, 4, 7, 7, 6, 5, 3, 2, 8]
1618252:[6, 2, 5, 7, 1, 3, 2, 7, 8, 3]
1619529:[5, 8, 9, 7, 1, 1, 2, 7, 9, 4]
162251:[8, 8, 9, 1, 0, 9, 5, 1, 9, 5]
1636180:[5, 0, 9, 2, 0, 4, 9, 0, 5, 4]
1655466:[4, 1, 5, 6, 4, 3, 5, 9, 3, 3]
168549:[9, 4, 6, 5, 1, 3, 1, 3, 0, 0]
1698144:[6, 4, 6, 9, 3, 2, 1, 8, 9, 8]
1703350:[4, 3, 6, 7, 6, 1, 9, 8, 8, 6]
170586:[1, 0, 6, 5, 0, 4, 4, 6, 8, 0]
171326:[5, 6, 0, 8, 3, 1, 8, 3, 6, 7]
1716902:[4, 5, 5, 5, 8, 0, 6, 0, 0, 5]
1723093:[3, 9, 0, 9, 6, 9, 8, 4, 2, 3]
1723115:[5, 7, 3, 9, 6, 0, 3, 9, 4, 9]
1726227:[2, 0, 1, 9, 7, 8, 8, 5, 5, 6]
1728862:[2, 6, 5, 9, 6, 8, 0, 1, 1, 6]
1732225:[9, 0, 0, 1, 6, 5, 1, 6, 2, 3]
1734275:[2, 9, 6, 7, 5, 0, 4, 9, 0, 6]
1740733:[9, 4, 5, 6, 1, 3, 6, 5, 0, 4]
1740987:[9, 4, 0, 4, 9, 2, 4, 6, 2, 0]
1749419:[6, 8, 7, 7, 0, 6, 8, 3, 8, 2]
1750472:[4, 3, 6, 0, 9, 3, 9, 0, 3, 4]
1750725:[5, 8, 3, 8, 2, 5, 9, 4, 7, 3]
1750813:[3, 3, 2, 6, 8, 4, 4, 0, 2, 2]
1756166:[7, 5, 1, 2, 0, 1, 5, 5, 4, 3]
1756997:[4, 5, 9, 5, 1, 2, 1, 0, 5, 6]
1759777:[6, 5, 0, 6, 1, 2, 2, 0, 2, 1]
1762900:[6, 9, 3, 5, 2, 7, 4, 1, 9, 3]
1770946:[7, 1, 1, 9, 8, 5, 3, 4, 9, 4]
1779358:[7, 1, 3, 4, 7, 3, 9, 6, 9, 2]
1788093:[4, 0, 7, 7, 0, 1, 0, 9, 4, 7]
1793953:[7, 1, 2, 8, 2, 6, 1, 1, 8, 1]
1796246:[6, 0, 8, 4, 3, 1, 3, 5, 9, 9]
1798009:[3, 2, 8, 0, 0, 4, 7, 1, 1, 0]
179823:[9, 7, 7, 4, 9, 2, 2, 3, 2, 7]
179945:[5, 6, 1, 9, 0, 9, 9, 5, 3, 1]
1799701:[2, 8, 9, 4, 5, 2, 2, 4, 0, 7]
1831951:[4, 5, 9, 9, 4, 2, 9, 5, 9, 8]
1838693:[7, 6, 2, 4, 3, 5, 0, 0, 4, 1]
1844452:[5, 1, 9, 6, 0, 2, 6, 8, 0, 3]
1850474:[5, 1, 0, 5, 3, 6, 2, 9, 4, 9]
1851528:[1, 8, 0, 1, 7, 9, 2, 9, 9, 2]
1861190:[6, 5, 1, 6, 7, 6, 6, 7, 6, 0]
1866289:[4, 3, 3, 1, 1, 3, 2, 0, 4, 4]
1876116:[2, 3, 5, 9, 1, 3, 6, 7, 2, 2]
1883594:[1, 8, 1, 8, 0, 2, 1, 4, 8, 2]
1886632:[3, 1, 4, 6, 1, 3, 4, 6, 2, 5]
1893777:[9, 3, 0, 3, 9, 2, 3, 8, 2, 7]
1895323:[4, 8, 1, 8, 3, 6, 4, 1, 9, 5]
1906347:[3, 3, 7, 8, 6, 6, 7, 7, 2, 2]
1909669:[0, 1, 3, 2, 4, 9, 8, 0, 3, 2]
1912669:[5, 2, 7, 1, 7, 3, 9, 0, 9, 9]
1918175:[9, 1, 7, 6, 1, 3, 3, 2, 3, 6]
1923566:[7, 2, 9, 9, 2, 2, 5, 9, 0, 0]
1926460:[9, 2, 5, 7, 2, 6, 3, 0, 2, 1]
1930004:[7, 4, 4, 8, 8, 9, 1, 0, 5, 2]
1938922:[9, 4, 4, 9, 2, 3, 9, 2, 6, 5]
1943462:[5, 6, 8, 3, 3, 4, 9, 1, 9, 6]
1955399:[3, 7, 0, 3, 5, 3, 5, 8, 0, 5]
1967136:[9, 1, 7, 3, 0, 6, 3, 3, 8, 3]
1979607:[9, 5, 5, 8, 7, 4, 1, 8, 8, 7]
1983534:[8, 9, 3, 5, 4, 5, 2, 0, 8, 5]
1986524:[8, 4, 1, 1, 8, 6, 1, 3, 6, 4]
1987014:[7, 1, 4, 5, 3, 5, 0, 9, 8, 6]
2000064:[0, 0, 4, 9, 5, 7, 9, 6, 9, 8]
2004234:[9, 2, 5, 1, 6, 5, 7, 2, 2, 6]
2012087:[8, 7, 6, 3, 5, 7, 3, 6, 0, 3]
2013421:[0, 2, 9, 9, 8, 3, 4, 1, 3, 7]
2020591:[8, 3, 0, 3, 6, 3, 5, 6, 7, 7]
2025624:[6, 0, 3, 0, 6, 4, 0, 8, 6, 3]
2034348:[4, 1, 8, 9, 6, 5, 8, 0, 8, 4]
203761:[2, 1, 1, 7, 3, 3, 0, 7, 7, 8]
2037631:[0, 7, 5, 6, 5, 7, 3, 6, 0, 9]
2050818:[2, 3, 3, 0, 9, 0, 3, 3, 8, 7]
2061634:[5, 0, 7, 2, 5, 4, 9, 0, 9, 4]
2063920:[4, 0, 0, 3, 4, 4, 4, 6, 8, 2]
2087318:[6, 5, 5, 7, 5, 5, 2, 5, 2, 5]
2092074:[0, 7, 3, 8, 3, 5, 0, 6, 5, 5]
2093949:[2, 8, 2, 2, 9, 9, 4, 5, 2, 2]
2103509:[9, 9, 5, 4, 8, 4, 9, 3, 2, 7]
2103659:[0, 8, 9, 9, 6, 7, 9, 9, 6, 7]
2104989:[5, 4, 1, 9, 0, 4, 3, 2, 2, 3]
2111102:[2, 5, 6, 7, 1, 3, 0, 3, 5, 5]
2119558:[9, 2, 7, 1, 5, 0, 0, 8, 4, 5]
2123955:[3, 5, 9, 8, 7, 6, 9, 4, 5, 6]
2126759:[0, 6, 2, 9, 6, 9, 7, 8, 7, 1]
213714:[6, 1, 2, 7, 9, 3, 6, 9, 6, 2]
2137183:[2, 5, 5, 0, 7, 7, 2, 0, 3, 1]
2152056:[9, 4, 9, 3, 9, 8, 8, 8, 4, 0]
2154808:[5, 9, 3, 4, 8, 3, 7, 4, 7, 9]
2160310:[2, 5, 6, 4, 4, 8, 2, 5, 0, 0]
216172:[7, 6, 6, 9, 3, 9, 7, 8, 9, 3]
2178529:[1, 5, 9, 2, 3, 8, 2, 7, 2, 8]
2183209:[1, 2, 4, 5, 3, 8, 4, 5, 8, 6]
2185501:[0, 8, 7, 9, 7, 3, 3, 8, 9, 0]
2192291:[1, 9, 7, 1, 1, 7, 0, 5, 6, 3]
2212106:[1, 4, 1, 2, 5, 2, 7, 4, 6, 7]
2224947:[0, 1, 2, 9, 5, 6, 3, 4, 5, 4]
2230260:[7, 3, 3, 3, 4, 3, 8, 1, 6, 8]
2235477:[8, 8, 7, 8, 9, 4, 2, 5, 3, 5]
2248364:[9, 4, 9, 2, 2, 3, 3, 0, 5, 9]
2251167:[9, 6, 5, 8, 4, 0, 2, 3, 9, 6]
2259609:[8, 4, 6, 0, 7, 3, 0, 4, 6, 2]
228485:[2, 3, 2, 6, 3, 2, 9, 1, 3, 2]
2295201:[1, 9, 1, 8, 4, 5, 3, 2, 3, 7]
2301222:[3, 1, 6, 0, 0, 4, 6, 5, 3, 4]
2307847:[5, 4, 9, 4, 6, 2, 2, 0, 9, 2]
2321385:[2, 2, 7, 0, 2, 8, 7, 9, 6, 4]
2328067:[8, 9, 8, 8, 0, 6, 4, 1, 2, 8]
2342074:[1, 9, 9, 7, 0, 6, 1, 4, 9, 4]
2344578:[9, 0, 0, 1, 0, 1, 6, 8, 9, 2]
2351463:[1, 1, 5, 6, 3, 7, 4, 4, 5, 4]
2353324:[8, 9, 2, 8, 0, 4, 3, 0, 5, 8]
2354805:[6, 9, 8, 6, 3, 1, 2, 6, 1, 6]
2362962:[1, 2, 8, 6, 7, 5, 4, 3, 5, 8]
2369257:[6, 4, 3, 4, 0, 1, 7, 3, 1, 5]
2372375:[5, 2, 8, 5, 1, 1, 0, 8, 7, 9]
2385892:[7, 2, 9, 0, 0, 0, 1, 7, 6, 1]
2386946:[9, 8, 5, 0, 7, 6, 3, 0, 3, 3]
2388737:[9, 0, 2, 4, 4, 4, 1, 8, 3, 0]
2393995:[3, 0, 3, 5, 7, 4, 8, 6, 9, 7]
2397274:[0, 8, 9, 8, 3, 3, 5, 4, 3, 8]
2397365:[5, 7, 3, 5, 0, 3, 3, 8, 9, 3]
2398727:[4, 0, 0, 8, 0, 6, 7, 0, 3, 5]
2400170:[4, 1, 0, 6, 5, 6, 5, 0, 1, 1]
240152:[8, 5, 1, 2, 5, 5, 1, 1, 6, 7]
2433713:[4, 9, 3, 8, 2, 4, 2, 6, 1, 7]
2441082:[9, 2, 4, 5, 4, 6, 3, 2, 9, 9]
2442029:[2, 1, 2, 4, 5, 7, 5, 3, 9, 7]
2447144:[2, 9, 0, 0, 5, 3, 0, 0, 7, 5]
247417:[7, 2, 6, 9, 1, 2, 5, 0, 4, 3]
2474727:[1, 0, 8, 4, 9, 8, 5, 3, 4, 8]
2478075:[6, 6, 1, 9, 2, 7, 5, 8, 9, 5]
2487690:[9, 5, 7, 0, 0, 3, 3, 4, 1, 9]
2487767:[2, 8, 8, 7, 2, 9, 8, 9, 1, 8]
2491754:[8, 8, 9, 5, 3, 4, 8, 6, 4, 1]
2500005:[7, 5, 6, 2, 4, 1, 9, 0, 4, 7]
2500623:[7, 2, 6, 7, 9, 0, 3, 2, 5, 7]
2503772:[4, 7, 5, 3, 8, 6, 0, 6, 2, 2]
2507415:[9, 4, 3, 8, 1, 6, 9, 4, 9, 2]
2520609:[5, 1, 4, 9, 6, 4, 4, 9, 1, 9]
2529091:[1, 3, 3, 0, 7, 3, 3, 2, 6, 5]
2529568:[0, 2, 4, 0, 8, 3, 8, 1, 2, 8]
2538079:[5, 7, 9, 1, 5, 7, 2, 0, 0, 7]
2551118:[5, 8, 7, 3, 3, 4, 6, 1, 9, 9]
2554831:[4, 8, 9, 5, 5, 7, 2, 9, 9, 8]
2556017:[0, 4, 8, 0, 4, 3, 5, 4, 9, 8]
2558016:[8, 9, 8, 6, 6, 0, 6, 1, 4, 5]
2563339:[3, 1, 2, 3, 2, 2, 5, 5, 1, 4]
2566442:[5, 0, 2, 8, 1, 6, 4, 9, 1, 3]
2574106:[0, 9, 3, 1, 2, 9, 3, 6, 6, 2]
2582557:[5, 5, 5, 2, 1, 5, 9, 4, 2, 8]
2583496:[3, 3, 8, 5, 7, 2, 1, 0, 0, 6]
2594087:[2, 1, 2, 3, 5, 4, 3, 8, 7, 5]
2596297:[1, 8, 8, 2, 7, 0, 6, 4, 7, 4]
2621427:[1, 9, 6, 7, 3, 1, 9, 8, 8, 6]
2637959:[5, 1, 9, 8, 8, 6, 7, 1, 7, 6]
2638139:[5, 5, 2, 2, 3, 5, 5, 3, 8, 6]
2638844:[3, 5, 5, 5, 2, 0, 6, 2, 3, 8]
2643049:[2, 9, 3, 3, 2, 2, 1, 3, 8, 5]
2644353:[2, 3, 0, 1, 8, 7, 6, 3, 4, 8]
2645707:[2, 3, 0, 1, 1, 8, 1, 0, 5, 1]
2646195:[2, 3, 9, 0, 7, 2, 2, 7, 1, 0]
2647015:[6, 3, 4, 1, 7, 1, 3, 4, 7, 6]
2647469:[8, 1, 4, 4, 4, 7, 7, 3, 6, 0]
2648193:[6, 9, 3, 9, 3, 4, 6, 6, 5, 0]
2648700:[4, 2, 9, 5, 7, 8, 3, 0, 7, 2]
2651969:[7, 2, 4, 1, 2, 6, 1, 6, 2, 0]
2656800:[3, 0, 7, 5, 0, 3, 3, 1, 7, 5]
2660930:[1, 1, 4, 5, 5, 6, 1, 7, 3, 7]
2664590:[2, 9, 8, 8, 1, 2, 0, 2, 5, 5]
2676084:[3, 6, 7, 0, 7, 0, 1, 0, 2, 9]
2692233:[2, 1, 0, 7, 9, 6, 2, 6, 9, 5]
2694388:[7, 0, 2, 5, 1, 8, 2, 2, 2, 4]
2695903:[7, 8, 3, 8, 1, 3, 5, 6, 7, 7]
2696693:[6, 0, 6, 0, 6, 5, 4, 0, 6, 1]
2698805:[0, 9, 3, 1, 0, 5, 6, 6, 8, 7]
2699727:[1, 4, 2, 6, 4, 5, 3, 7, 5, 0]
2700275:[5, 9, 7, 2, 8, 9, 9, 9, 1, 7]
2705385:[7, 5, 3, 4, 4, 8, 8, 6, 2, 8]
2707027:[0, 2, 8, 0, 4, 3, 2, 4, 1, 2]
2711963:[3, 3, 9, 4, 5, 6, 9, 5, 7, 8]
2713340:[7, 5, 5, 1, 0, 4, 9, 4, 5, 2]
2719992:[4, 7, 4, 2, 8, 9, 3, 6, 7, 0]
2721025:[5, 8, 8, 2, 6, 5, 1, 3, 8, 2]
2728302:[3, 0, 0, 0, 4, 8, 7, 3, 6, 2]
2729036:[1, 3, 7, 0, 5, 4, 4, 7, 4, 8]
2739372:[8, 5, 2, 1, 3, 2, 4, 8, 9, 2]
2746154:[9, 9, 9, 8, 4, 0, 2, 1, 8, 5]
2761134:[0, 4, 4, 8, 0, 6, 3, 1, 2, 2]
2761287:[3, 0, 9, 0, 0, 3, 1, 0, 5, 6]
2797146:[3, 5, 6, 8, 9, 4, 1, 8, 7, 7]
2804377:[4, 3, 1, 3, 4, 1, 9, 8, 5, 6]
2804889:[9, 6, 5, 5, 8, 6, 5, 6, 6, 5]
2809209:[7, 0, 7, 4, 0, 7, 8, 8, 8, 2]
2822233:[7, 4, 3, 2, 7, 2, 4, 2, 1, 4]
2825539:[9, 8, 5, 9, 2, 3, 4, 1, 4, 2]
2828275:[5, 9, 3, 6, 8, 3, 9, 8, 0, 1]
2850860:[5, 5, 9, 8, 6, 9, 7, 3, 0, 0]
2851296:[1, 9, 0, 4, 3, 1, 4, 0, 9, 7]
2858382:[1, 6, 9, 1, 0, 1, 6, 6, 9, 6]
2859787:[5, 3, 7, 3, 6, 8, 0, 2, 7, 7]
2860017:[3, 3, 3, 9, 4, 5, 9, 8, 6, 1]
2861377:[5, 3, 3, 6, 0, 6, 4, 0, 7, 8]
2868708:[2, 2, 6, 0, 9, 9, 9, 9, 0, 7]
2872446:[9, 4, 3, 7, 3, 2, 7, 2, 9, 0]
2878600:[4, 7, 3, 9, 5, 8, 4, 3, 6, 2]
2900085:[7, 6, 6, 6, 8, 3, 7, 4, 0, 1]
2905827:[6, 3, 4, 9, 7, 6, 4, 1, 6, 5]
2911213:[0, 0, 8, 5, 7, 2, 6, 1, 1, 8]
2911543:[7, 1, 3, 8, 3, 0, 9, 9, 9, 2]
2937999:[7, 4, 3, 6, 7, 5, 5, 9, 0, 0]
2945362:[9, 0, 5, 1, 9, 6, 6, 5, 1, 2]
2947209:[7, 2, 0, 3, 2, 9, 8, 6, 6, 1]
295547:[9, 4, 3, 7, 3, 4, 8, 9, 4, 5]
2960084:[0, 3, 7, 8, 4, 6, 0, 3, 3, 6]
2966023:[0, 1, 7, 3, 8, 2, 8, 3, 6, 2]
2969174:[6, 7, 2, 4, 6, 9, 0, 2, 8, 3]
2969606:[0, 0, 5, 6, 9, 3, 6, 8, 6, 4]
2973554:[7, 8, 8, 9, 1, 0, 7, 4, 2, 7]
2977672:[2, 9, 1, 0, 3, 8, 9, 6, 5, 6]
2983514:[0, 2, 9, 2, 8, 0, 0, 1, 1, 3]
2990323:[3, 9, 7, 3, 8, 6, 4, 3, 7, 2]
2992573:[8, 9, 2, 4, 6, 9, 2, 0, 0, 5]
2996420:[7, 5, 7, 2, 9, 0, 7, 0, 2, 8]
2997525:[3, 3, 6, 3, 4, 9, 6, 7, 3, 8]
3004519:[9, 5, 5, 1, 1, 3, 4, 8, 9, 1]
3006249:[4, 9, 1, 1, 9, 9, 7, 4, 7, 7]
3010897:[7, 6, 4, 6, 8, 5, 1, 1, 3, 2]
3014909:[6, 3, 4, 6, 6, 6, 7, 1, 4, 5]
3016092:[8, 1, 7, 3, 9, 3, 6, 6, 1, 2]
3017984:[3, 9, 2, 8, 0, 4, 5, 1, 2, 7]
3021838:[4, 5, 1, 6, 5, 4, 1, 0, 3, 3]
3025704:[0, 8, 1, 9, 4, 3, 2, 4, 9, 0]
3041512:[7, 2, 1, 9, 9, 6, 6, 6, 3, 6]
3045120:[7, 6, 4, 2, 4, 7, 7, 6, 7, 2]
306211:[6, 9, 2, 9, 0, 4, 8, 6, 6, 3]
3064096:[3, 3, 2, 1, 4, 0, 3, 4, 3, 0]
3065380:[1, 6, 5, 6, 4, 3, 1, 7, 1, 8]
3074213:[3, 3, 3, 5, 0, 0, 3, 4, 7, 7]
3082469:[3, 1, 7, 7, 8, 9, 9, 8, 6, 1]
3089107:[5, 9, 3, 6, 5, 6, 9, 8, 7, 7]
3090398:[5, 3, 5, 8, 9, 3, 4, 3, 3, 7]
3091259:[1, 6, 3, 3, 4, 3, 0, 2, 1, 7]
3092152:[7, 1, 0, 3, 2, 4, 7, 7, 7, 3]
3094437:[8, 2, 3, 8, 7, 1, 3, 7, 7, 7]
3099845:[6, 0, 7, 4, 8, 2, 6, 8, 9, 6]
3105038:[4, 3, 6, 5, 8, 9, 7, 4, 3, 6]
3121040:[4, 9, 3, 2, 5, 7, 8, 9, 2, 6]
3127240:[9, 5, 3, 5, 9, 6, 8, 0, 4, 2]
3127288:[0, 7, 3, 8, 7, 1, 1, 3, 9, 7]
3130052:[1, 9, 8, 5, 5, 5, 8, 7, 1, 2]
3130187:[2, 1, 2, 4, 5, 7, 5, 3, 9, 7]
3155089:[6, 1, 4, 6, 9, 3, 8, 0, 0, 2]
3158774:[7, 5, 2, 7, 1, 1, 3, 3, 5, 2]
3165915:[4, 1, 3, 7, 0, 5, 5, 6, 0, 4]
3193802:[0, 5, 6, 4, 0, 5, 5, 5, 3, 9]
3211125:[3, 4, 9, 0, 2, 3, 9, 8, 8, 7]
3241894:[4, 7, 5, 3, 2, 8, 3, 5, 5, 9]
3242882:[3, 8, 1, 3, 6, 8, 2, 7, 8, 7]
324676:[7, 8, 4, 3, 4, 2, 6, 2, 0, 5]
3256419:[7, 4, 4, 8, 4, 3, 0, 2, 3, 0]
3260903:[5, 2, 8, 4, 5, 8, 2, 5, 8, 3]
3262746:[3, 2, 5, 2, 7, 2, 2, 7, 6, 7]
326347:[3, 8, 0, 5, 0, 6, 2, 8, 2, 5]
357865:[9, 7, 6, 8, 9, 8, 2, 9, 3, 2]
361390:[7, 2, 5, 5, 8, 2, 9, 8, 6, 1]
372483:[5, 4, 8, 0, 0, 2, 9, 9, 4, 6]
383501:[1, 1, 1, 2, 9, 3, 9, 9, 4, 4]
388716:[1, 4, 9, 2, 1, 8, 3, 5, 8, 8]
402977:[9, 0, 5, 7, 5, 3, 6, 7, 9, 3]
418395:[3, 6, 3, 8, 0, 2, 5, 2, 8, 2]
446833:[9, 9, 4, 1, 5, 7, 2, 2, 5, 4]
446872:[3, 4, 1, 7, 7, 9, 0, 1, 2, 4]
447923:[8, 7, 5, 0, 1, 6, 8, 9, 4, 0]
456607:[8, 4, 2, 0, 4, 3, 5, 2, 2, 2]
459353:[4, 1, 2, 3, 7, 5, 2, 1, 3, 4]
460806:[6, 8, 4, 3, 4, 4, 7, 7, 1, 6]
470013:[8, 8, 2, 7, 9, 1, 7, 9, 4, 1]
475951:[4, 3, 3, 4, 4, 6, 0, 7, 3, 1]
476827:[1, 7, 8, 4, 0, 6, 6, 6, 3, 5]
481963:[8, 3, 4, 6, 2, 2, 2, 8, 9, 8]
484138:[3, 0, 7, 4, 0, 3, 9, 7, 7, 5]
50143:[8, 2, 0, 9, 4, 3, 3, 5, 7, 4]
52211:[9, 9, 2, 5, 9, 2, 0, 9, 6, 2]
527947:[4, 2, 0, 8, 6, 6, 1, 4, 9, 5]
531985:[0, 6, 3, 8, 0, 5, 0, 4, 5, 5]
54860:[8, 8, 6, 9, 4, 7, 2, 2, 2, 3]
553159:[7, 8, 4, 1, 2, 2, 7, 0, 4, 1]
556524:[9, 8, 1, 0, 5, 7, 6, 3, 2, 4]
564127:[9, 3, 5, 0, 8, 6, 3, 4, 8, 6]
566598:[9, 5, 1, 0, 6, 9, 8, 9, 8, 0]
573745:[2, 6, 6, 1, 1, 2, 2, 1, 9, 8]
581263:[9, 1, 4, 3, 1, 9, 4, 4, 3, 7]
594438:[1, 9, 4, 0, 2, 5, 5, 8, 4, 4]
63025:[1, 2, 8, 2, 2, 0, 6, 5, 1, 5]
630897:[5, 5, 8, 1, 0, 6, 3, 0, 8, 1]
631676:[3, 0, 0, 5, 7, 1, 0, 9, 5, 8]
634576:[1, 0, 9, 0, 9, 6, 1, 3, 3, 0]
634943:[5, 7, 2, 4, 9, 4, 6, 5, 4, 0]
641723:[9, 9, 3, 4, 4, 6, 8, 0, 1, 1]
659579:[5, 4, 2, 1, 4, 7, 2, 4, 6, 7]
665108:[5, 7, 5, 5, 4, 3, 4, 4, 1, 5]
666441:[1, 2, 4, 0, 9, 7, 3, 6, 6, 8]
668568:[1, 5, 4, 3, 2, 9, 1, 3, 0, 1]
678889:[6, 5, 2, 3, 1, 1, 1, 1, 2, 6]
681680:[2, 7, 2, 4, 1, 1, 3, 3, 9, 2]
68703:[8, 6, 2, 0, 0, 2, 8, 6, 1, 3]
688142:[7, 6, 2, 3, 1, 8, 5, 5, 9, 8]
688613:[2, 9, 0, 0, 2, 5, 9, 2, 5, 9]
692036:[5, 3, 3, 1, 3, 9, 8, 7, 0, 6]
699871:[8, 0, 9, 4, 7, 9, 4, 2, 3, 8]
700016:[3, 2, 0, 6, 6, 3, 6, 3, 9, 2]
706190:[1, 8, 0, 8, 3, 9, 4, 3, 4, 1]
70807:[6, 9, 2, 6, 8, 5, 9, 1, 2, 2]
710313:[4, 4, 1, 1, 0, 8, 2, 5, 1, 3]
724475:[0, 0, 2, 2, 1, 8, 1, 5, 2, 1]
728484:[0, 5, 9, 2, 7, 2, 3, 1, 6, 6]
758741:[9, 7, 6, 1, 0, 0, 8, 6, 0, 4]
759880:[4, 6, 5, 9, 4, 9, 6, 9, 3, 7]
769167:[7, 9, 8, 7, 7, 7, 8, 2, 7, 0]
774884:[9, 4, 2, 8, 0, 5, 0, 2, 6, 2]
77622:[9, 1, 0, 0, 8, 6, 8, 1, 4, 0]
782501:[4, 8, 9, 4, 2, 5, 0, 7, 5, 1]
783056:[5, 6, 3, 4, 5, 0, 2, 0, 0, 4]
783745:[7, 6, 9, 7, 6, 5, 3, 7, 9, 5]
789943:[8, 6, 4, 0, 1, 4, 1, 1, 4, 6]
80212:[2, 3, 2, 0, 9, 6, 4, 9, 1, 8]
810176:[1, 9, 5, 8, 3, 7, 9, 5, 2, 9]
814202:[9, 6, 8, 0, 2, 0, 3, 9, 3, 0]
824098:[7, 8, 0, 5, 1, 3, 5, 8, 9, 6]
826889:[8, 6, 4, 5, 2, 2, 7, 1, 0, 8]
828200:[7, 2, 8, 0, 3, 8, 0, 4, 5, 5]
828958:[6, 4, 6, 8, 4, 5, 9, 2, 6, 1]
833509:[4, 7, 3, 0, 6, 3, 4, 3, 9, 4]
839706:[4, 9, 0, 1, 5, 3, 3, 5, 9, 7]
842639:[0, 4, 9, 8, 1, 3, 2, 3, 5, 6]
848241:[1, 3, 3, 3, 0, 1, 0, 5, 7, 4]
859248:[2, 1, 8, 0, 5, 4, 2, 1, 5, 5]
8617:[3, 3, 5, 1, 3, 9, 0, 2, 2, 5]
861942:[2, 1, 7, 1, 6, 4, 0, 0, 0, 7]
868081:[7, 4, 2, 8, 8, 9, 6, 2, 6, 5]
868970:[1, 0, 7, 0, 2, 3, 6, 0, 3, 2]
874195:[1, 0, 6, 6, 2, 5, 4, 4, 3, 2]
876911:[4, 8, 3, 7, 8, 1, 9, 8, 6, 2]
881462:[6, 6, 8, 1, 3, 0, 6, 4, 8, 7]
893042:[4, 1, 6, 3, 9, 6, 5, 2, 5, 2]
895104:[0, 4, 4, 3, 8, 6, 2, 0, 0, 4]
897390:[7, 1, 9, 8, 7, 9, 7, 4, 0, 9]
908455:[4, 8, 1, 8, 4, 3, 3, 7, 3, 7]
918483:[9, 4, 8, 3, 9, 6, 3, 9, 1, 9]
933100:[5, 4, 1, 9, 4, 6, 1, 1, 2, 1]
941910:[3, 0, 5, 5, 1, 3, 7, 8, 9, 6]
945870:[8, 5, 3, 2, 8, 6, 1, 8, 5, 6]
947051:[7, 2, 3, 3, 1, 5, 8, 5, 8, 5]
955206:[1, 4, 7, 8, 6, 0, 4, 1, 5, 6]
955313:[7, 8, 6, 9, 5, 7, 2, 4, 5, 5]
960719:[7, 2, 3, 5, 7, 2, 3, 2, 9, 6]
962238:[0, 9, 4, 1, 1, 4, 4, 2, 6, 1]
96871:[6, 5, 6, 6, 4, 5, 9, 1, 4, 0]
9916:[8, 9, 2, 6, 7, 6, 4, 9, 2, 2]
