1288630:[6, 3, 7, 9, 4, 0, 8, 4, 5, 3]
1411160:[1, 3, 8, 4, 5, 5, 4, 2, 7, 2]
1826052:[2, 4, 4, 7, 6, 1, 8, 5, 1, 1]
249435:[7, 6, 5, 7, 6, 0, 7, 7, 3, 9]
2650144:[1, 0, 5, 1, 9, 3, 4, 6, 5, 4]
2733117:[4, 2, 1, 4, 4, 8, 0, 0, 9, 5]
2959554:[3, 1, 3, 7, 9, 5, 1, 6, 4, 7]
3018412:[4, 6, 5, 0, 8, 3, 7, 5, 5, 1]
3101982:[0, 8, 0, 2, 7, 7, 7, 3, 6, 8]
3104351:[4, 6, 5, 7, 6, 4, 8, 4, 5, 8]
364526:[4, 7, 0, 8, 9, 9, 8, 4, 9, 8]
3976:[8, 5, 1, 3, 9, 7, 7, 0, 9, 5]
434059:[3, 3, 3, 1, 9, 6, 1, 4, 5, 4]
472660:[3, 6, 9, 5, 4, 2, 0, 3, 8, 2]
588579:[5, 0, 8, 6, 4, 3, 3, 7, 4, 3]
607405:[9, 6, 0, 5, 8, 8, 6, 0, 7, 1]
993040:[6, 2, 1, 7, 6, 3, 4, 0, 7, 2]
