1001705:[6, 8, 9, 9, 4, 8, 5, 4, 0, 1]
1004870:[4, 8, 5, 5, 2, 8, 1, 1, 1, 1]
1005040:[9, 2, 3, 2, 3, 9, 4, 6, 2, 1]
1005071:[4, 5, 6, 1, 1, 2, 4, 5, 4, 0]
1005301:[0, 6, 1, 9, 1, 2, 9, 6, 8, 0]
1007317:[8, 4, 4, 5, 2, 3, 5, 2, 8, 4]
1007574:[9, 0, 2, 1, 5, 2, 1, 4, 1, 6]
1007639:[6, 0, 5, 4, 1, 2, 0, 4, 9, 3]
1008204:[2, 5, 4, 1, 0, 4, 9, 4, 7, 3]
1010114:[9, 0, 1, 7, 4, 2, 1, 2, 3, 2]
1010624:[5, 4, 9, 9, 8, 8, 2, 7, 3, 5]
1011627:[2, 5, 0, 0, 7, 2, 9, 9, 7, 6]
1012815:[0, 9, 6, 8, 4, 8, 6, 9, 1, 5]
1014448:[5, 2, 0, 0, 3, 4, 5, 1, 8, 1]
1014943:[6, 4, 3, 8, 3, 2, 4, 5, 5, 5]
101848:[3, 7, 1, 5, 5, 4, 2, 1, 0, 7]
1019951:[9, 1, 5, 1, 4, 4, 2, 0, 3, 0]
1021478:[5, 0, 6, 3, 9, 8, 3, 0, 0, 0]
1022084:[1, 4, 5, 5, 8, 1, 2, 6, 1, 2]
1023872:[5, 9, 8, 6, 8, 5, 2, 5, 6, 1]
1025046:[0, 0, 4, 3, 9, 9, 6, 7, 6, 1]
1028619:[2, 0, 8, 6, 4, 0, 2, 0, 3, 3]
1032402:[4, 6, 3, 0, 5, 4, 6, 0, 9, 0]
1033180:[0, 9, 4, 7, 6, 4, 2, 2, 9, 4]
10333:[7, 9, 7, 7, 3, 5, 3, 3, 6, 8]
1034706:[6, 5, 2, 1, 3, 0, 6, 7, 2, 9]
1035669:[7, 3, 0, 2, 4, 5, 8, 5, 4, 0]
1036901:[8, 7, 9, 4, 9, 5, 7, 9, 5, 3]
1037545:[6, 7, 0, 4, 5, 0, 4, 6, 3, 9]
1038658:[0, 6, 1, 1, 7, 4, 3, 4, 3, 0]
1048127:[4, 0, 0, 9, 7, 0, 2, 8, 1, 0]
1050576:[6, 7, 5, 4, 9, 4, 8, 4, 0, 9]
1051674:[3, 0, 9, 3, 3, 1, 2, 7, 7, 8]
1053888:[1, 0, 5, 0, 6, 3, 7, 3, 7, 0]
105421:[1, 5, 0, 4, 6, 8, 8, 2, 2, 2]
1054640:[1, 5, 2, 1, 4, 9, 2, 2, 5, 2]
1058243:[1, 2, 4, 4, 1, 6, 1, 0, 2, 8]
1059955:[4, 4, 6, 6, 2, 9, 2, 8, 9, 1]
1060653:[3, 9, 1, 1, 6, 2, 0, 2, 3, 5]
1060692:[6, 6, 1, 6, 8, 3, 0, 3, 9, 1]
1061370:[6, 7, 1, 7, 3, 0, 1, 1, 8, 3]
1071553:[2, 2, 7, 0, 9, 9, 4, 8, 5, 3]
1072833:[9, 0, 5, 6, 8, 0, 7, 4, 0, 2]
1074496:[3, 8, 3, 6, 7, 1, 1, 8, 0, 0]
1075274:[0, 3, 9, 2, 9, 5, 2, 7, 3, 4]
1076249:[7, 8, 7, 1, 0, 8, 7, 4, 9, 0]
1076744:[8, 3, 8, 0, 9, 7, 9, 0, 1, 0]
1078682:[8, 4, 1, 2, 1, 0, 0, 8, 6, 0]
1079031:[2, 7, 0, 7, 8, 1, 0, 1, 6, 2]
1084027:[8, 3, 2, 2, 1, 2, 6, 7, 6, 9]
1085643:[4, 9, 0, 0, 3, 5, 5, 3, 7, 9]
1086302:[4, 4, 0, 6, 6, 4, 9, 1, 2, 0]
1088631:[0, 3, 2, 6, 5, 8, 9, 5, 0, 7]
1090655:[5, 2, 1, 8, 3, 5, 7, 7, 6, 0]
1091494:[3, 1, 0, 8, 7, 8, 9, 1, 0, 5]
1094329:[6, 0, 9, 7, 7, 8, 0, 1, 4, 0]
1097282:[1, 1, 9, 0, 3, 8, 8, 9, 0, 8]
1099494:[5, 4, 9, 9, 9, 5, 1, 8, 4, 5]
1101319:[9, 2, 7, 9, 9, 1, 9, 1, 5, 8]
1102089:[7, 8, 7, 9, 6, 5, 8, 1, 6, 5]
1102437:[8, 7, 9, 7, 4, 8, 1, 5, 2, 0]
1102439:[6, 7, 2, 4, 1, 4, 0, 2, 4, 2]
1103702:[9, 4, 7, 1, 2, 4, 6, 2, 5, 2]
1105043:[0, 4, 4, 7, 1, 9, 3, 8, 6, 7]
1108725:[3, 4, 1, 2, 3, 4, 7, 9, 0, 5]
111086:[0, 3, 1, 2, 2, 8, 4, 8, 9, 3]
1110883:[8, 8, 2, 4, 0, 6, 8, 2, 3, 7]
1111162:[8, 4, 9, 5, 0, 4, 9, 5, 2, 4]
1114838:[4, 0, 8, 0, 7, 4, 1, 5, 4, 5]
1117225:[1, 0, 8, 5, 2, 7, 4, 5, 4, 2]
1117718:[2, 4, 3, 8, 9, 6, 8, 7, 2, 5]
1118771:[0, 8, 1, 0, 3, 7, 3, 4, 3, 4]
1119097:[8, 4, 7, 9, 8, 0, 5, 9, 3, 0]
1120526:[7, 6, 4, 0, 5, 1, 3, 5, 3, 7]
112164:[8, 8, 7, 5, 4, 9, 8, 4, 5, 6]
1125318:[5, 4, 0, 9, 8, 5, 8, 7, 0, 0]
1125347:[0, 7, 1, 8, 4, 0, 8, 1, 3, 3]
1125600:[5, 6, 4, 4, 0, 8, 2, 8, 9, 9]
1127075:[8, 9, 0, 9, 2, 5, 2, 2, 9, 1]
1127852:[4, 8, 7, 0, 9, 1, 0, 5, 0, 0]
1131113:[4, 4, 7, 9, 4, 8, 0, 0, 0, 5]
1133289:[5, 5, 3, 2, 2, 7, 1, 9, 3, 5]
1134041:[8, 0, 1, 9, 2, 8, 7, 2, 0, 0]
1135812:[0, 7, 3, 8, 2, 3, 5, 0, 1, 5]
1136433:[2, 3, 4, 7, 3, 5, 4, 9, 1, 0]
1139423:[7, 5, 0, 9, 8, 9, 3, 2, 9, 7]
1142791:[3, 7, 1, 0, 2, 7, 4, 6, 0, 7]
1147618:[5, 9, 1, 7, 0, 0, 3, 1, 5, 4]
1149635:[9, 1, 0, 1, 6, 1, 6, 3, 5, 6]
1154473:[5, 4, 1, 6, 0, 1, 8, 1, 8, 6]
1156787:[3, 8, 1, 5, 3, 0, 2, 9, 0, 0]
1159244:[6, 8, 9, 2, 4, 4, 9, 0, 1, 1]
1159737:[9, 9, 0, 5, 8, 1, 9, 4, 5, 3]
1159999:[2, 3, 9, 3, 2, 5, 1, 3, 1, 8]
1163666:[7, 6, 7, 6, 4, 9, 0, 9, 8, 7]
1164359:[1, 6, 9, 5, 8, 8, 9, 7, 4, 4]
1164976:[2, 8, 5, 9, 5, 3, 8, 4, 5, 8]
1167913:[2, 4, 9, 3, 4, 9, 1, 6, 6, 3]
1170911:[3, 2, 5, 6, 6, 2, 2, 6, 6, 6]
1176235:[0, 4, 9, 5, 5, 5, 1, 8, 2, 0]
117700:[0, 8, 6, 0, 3, 3, 2, 4, 4, 4]
1177351:[5, 0, 4, 8, 6, 1, 1, 0, 2, 9]
117740:[7, 7, 0, 6, 9, 1, 2, 2, 9, 3]
117803:[3, 4, 6, 6, 1, 2, 3, 9, 4, 1]
118002:[5, 4, 0, 3, 9, 4, 6, 6, 7, 5]
1180325:[9, 9, 6, 0, 4, 8, 4, 3, 9, 8]
118326:[9, 7, 5, 4, 2, 8, 7, 8, 5, 3]
1183991:[3, 0, 6, 4, 8, 1, 0, 6, 7, 6]
1184347:[4, 4, 1, 3, 1, 9, 7, 5, 1, 4]
118457:[0, 5, 5, 6, 6, 3, 4, 2, 3, 1]
1185017:[0, 1, 4, 0, 7, 6, 4, 6, 3, 1]
1187141:[8, 9, 1, 9, 1, 7, 5, 1, 4, 1]
1193534:[0, 2, 2, 8, 6, 7, 1, 5, 6, 1]
119395:[4, 0, 6, 1, 2, 8, 9, 6, 1, 9]
1194109:[5, 4, 7, 3, 1, 7, 9, 0, 8, 3]
1194776:[0, 8, 6, 5, 1, 8, 1, 5, 5, 0]
1197707:[6, 7, 1, 1, 6, 3, 0, 3, 2, 9]
1200941:[0, 0, 7, 5, 5, 7, 0, 5, 2, 2]
120155:[7, 0, 1, 2, 7, 3, 4, 2, 2, 8]
1207229:[1, 6, 9, 3, 3, 2, 4, 4, 9, 8]
1208711:[8, 6, 9, 8, 5, 5, 6, 5, 7, 5]
1209410:[1, 0, 3, 4, 6, 5, 2, 6, 1, 8]
1209828:[3, 0, 6, 6, 5, 8, 9, 0, 2, 6]
1213665:[3, 2, 7, 4, 0, 3, 3, 7, 5, 9]
1213698:[9, 7, 2, 1, 2, 7, 9, 7, 3, 4]
1213714:[2, 9, 8, 6, 4, 4, 1, 5, 9, 1]
1213948:[9, 8, 4, 7, 8, 2, 5, 2, 8, 5]
1215317:[8, 2, 7, 5, 6, 8, 6, 4, 5, 2]
1216045:[1, 1, 0, 2, 7, 7, 2, 9, 9, 8]
1216550:[5, 5, 4, 7, 0, 4, 2, 2, 3, 4]
1218680:[4, 5, 7, 6, 1, 0, 0, 2, 1, 4]
121995:[9, 9, 6, 2, 4, 8, 0, 0, 4, 5]
122058:[3, 3, 7, 1, 4, 4, 2, 7, 5, 8]
1222542:[1, 2, 3, 6, 9, 9, 9, 9, 8, 6]
1223012:[8, 4, 9, 7, 8, 6, 2, 9, 8, 9]
122459:[3, 7, 8, 7, 3, 1, 9, 8, 7, 4]
1225925:[8, 5, 0, 6, 3, 5, 9, 7, 8, 6]
1227090:[8, 6, 3, 5, 7, 0, 1, 9, 2, 1]
1228112:[1, 8, 8, 1, 1, 3, 3, 8, 9, 0]
1228981:[8, 4, 4, 9, 8, 1, 7, 5, 6, 0]
1229970:[0, 9, 9, 1, 3, 7, 6, 7, 5, 3]
1232891:[5, 4, 9, 9, 8, 5, 8, 7, 3, 5]
1235393:[7, 6, 9, 9, 7, 7, 2, 9, 7, 6]
1237073:[4, 2, 6, 4, 1, 4, 2, 8, 6, 4]
1237144:[2, 3, 5, 2, 6, 4, 7, 1, 9, 4]
1237315:[1, 1, 5, 3, 6, 8, 2, 2, 6, 5]
123838:[8, 4, 1, 6, 8, 7, 8, 1, 1, 2]
1240253:[1, 1, 4, 4, 7, 7, 6, 6, 1, 7]
124102:[8, 0, 1, 1, 5, 6, 5, 4, 2, 4]
1241375:[7, 6, 4, 6, 0, 7, 3, 9, 4, 7]
1244314:[9, 9, 8, 8, 0, 3, 5, 3, 1, 6]
1246687:[9, 4, 4, 1, 0, 5, 7, 4, 8, 6]
1247012:[0, 9, 8, 6, 9, 6, 7, 1, 3, 8]
1248961:[7, 6, 8, 9, 1, 0, 7, 6, 5, 7]
1251362:[2, 8, 9, 0, 9, 7, 4, 6, 6, 8]
1255310:[3, 3, 7, 8, 3, 9, 8, 0, 4, 6]
1255677:[5, 3, 2, 5, 2, 8, 4, 3, 9, 9]
1256883:[6, 4, 5, 5, 8, 9, 7, 0, 6, 9]
1258648:[6, 6, 1, 3, 5, 7, 6, 0, 6, 8]
125982:[9, 9, 9, 9, 0, 3, 0, 2, 5, 8]
1260378:[1, 6, 1, 5, 6, 3, 5, 3, 0, 5]
1264259:[0, 7, 1, 6, 2, 1, 3, 4, 9, 4]
1265059:[3, 4, 4, 7, 9, 6, 5, 9, 1, 9]
1265519:[3, 3, 6, 0, 5, 1, 0, 2, 8, 4]
126675:[7, 6, 9, 5, 5, 8, 9, 9, 4, 8]
1267536:[5, 3, 9, 1, 2, 2, 2, 5, 0, 7]
1268544:[6, 1, 1, 7, 6, 3, 3, 8, 8, 4]
1269587:[1, 6, 7, 3, 4, 2, 1, 8, 2, 3]
1270682:[5, 4, 7, 4, 1, 4, 0, 1, 4, 0]
1273789:[3, 4, 6, 9, 9, 5, 4, 6, 1, 5]
1274089:[4, 0, 8, 3, 4, 1, 9, 5, 3, 5]
1274189:[9, 6, 0, 9, 8, 9, 0, 8, 7, 8]
1274727:[2, 6, 6, 4, 4, 4, 8, 8, 0, 5]
1275100:[4, 1, 6, 1, 8, 9, 0, 5, 7, 0]
1276019:[7, 0, 8, 0, 0, 9, 8, 9, 8, 8]
1279638:[5, 0, 6, 5, 4, 8, 1, 8, 2, 3]
128432:[7, 7, 8, 0, 2, 5, 7, 0, 3, 3]
1285622:[1, 4, 0, 7, 9, 4, 2, 7, 7, 6]
1288302:[3, 3, 5, 1, 9, 9, 2, 1, 7, 9]
129046:[5, 5, 7, 9, 4, 0, 1, 2, 2, 6]
1290592:[3, 9, 1, 0, 0, 6, 3, 9, 7, 2]
1293072:[0, 6, 5, 0, 6, 1, 3, 1, 1, 7]
1294239:[5, 4, 8, 5, 8, 8, 7, 4, 2, 2]
1295946:[1, 2, 8, 5, 4, 6, 5, 8, 8, 6]
1300663:[2, 9, 9, 6, 8, 0, 9, 9, 4, 2]
1304441:[1, 8, 7, 5, 0, 4, 8, 2, 9, 8]
1306833:[2, 3, 3, 7, 5, 9, 3, 1, 3, 6]
130792:[7, 6, 9, 3, 2, 9, 9, 9, 2, 6]
1308829:[1, 0, 2, 5, 6, 8, 7, 1, 1, 9]
1310806:[3, 3, 7, 9, 6, 0, 9, 1, 6, 3]
1312009:[6, 9, 0, 6, 3, 9, 6, 6, 5, 5]
1312319:[1, 8, 6, 1, 3, 0, 1, 2, 3, 1]
1312672:[8, 7, 4, 2, 2, 5, 7, 9, 9, 0]
1318274:[6, 3, 4, 3, 1, 5, 8, 2, 4, 5]
1320730:[9, 6, 9, 2, 1, 8, 3, 8, 2, 7]
1323389:[1, 5, 7, 5, 6, 0, 9, 7, 5, 9]
1325098:[3, 7, 9, 2, 8, 5, 2, 5, 5, 2]
1325733:[5, 1, 9, 5, 2, 8, 9, 8, 1, 3]
1332924:[2, 5, 2, 7, 3, 7, 4, 2, 1, 1]
133335:[9, 9, 3, 5, 6, 6, 3, 5, 2, 9]
1334335:[6, 6, 5, 1, 4, 4, 9, 9, 3, 5]
1337997:[5, 2, 3, 9, 9, 3, 3, 9, 5, 4]
1340064:[0, 5, 0, 9, 0, 9, 4, 0, 4, 7]
1340158:[8, 8, 8, 7, 4, 0, 1, 0, 1, 4]
1344656:[5, 4, 2, 2, 7, 7, 3, 2, 4, 0]
134580:[0, 5, 4, 5, 8, 3, 4, 8, 1, 6]
1347910:[5, 4, 5, 7, 0, 1, 0, 7, 4, 8]
1348691:[3, 2, 8, 4, 8, 9, 4, 1, 4, 6]
1349501:[3, 5, 3, 7, 4, 6, 3, 8, 7, 4]
1352546:[4, 8, 3, 4, 0, 1, 6, 1, 2, 9]
1357447:[8, 8, 3, 8, 0, 5, 7, 8, 6, 7]
1358866:[0, 4, 5, 7, 5, 8, 7, 9, 3, 0]
1359506:[5, 2, 0, 2, 1, 0, 0, 4, 8, 6]
1361878:[3, 2, 7, 2, 9, 8, 2, 8, 9, 5]
1364243:[6, 9, 5, 8, 7, 6, 5, 1, 3, 0]
136468:[1, 5, 0, 5, 2, 2, 7, 8, 9, 4]
1365043:[0, 4, 2, 7, 8, 5, 4, 5, 6, 4]
1365248:[6, 1, 2, 3, 9, 2, 8, 4, 1, 0]
136530:[4, 8, 0, 3, 3, 1, 5, 5, 9, 9]
1366554:[5, 8, 4, 7, 0, 6, 8, 9, 3, 4]
1370426:[8, 5, 0, 9, 5, 3, 4, 1, 8, 5]
1370497:[5, 8, 1, 7, 2, 9, 3, 1, 5, 4]
1370543:[2, 1, 7, 9, 5, 0, 9, 4, 5, 3]
1370853:[7, 6, 1, 8, 5, 6, 4, 6, 5, 5]
1371504:[2, 1, 9, 3, 5, 8, 3, 1, 0, 5]
1371768:[3, 9, 2, 7, 1, 9, 7, 5, 2, 0]
1376051:[6, 0, 1, 9, 4, 0, 9, 4, 9, 5]
1377886:[6, 5, 7, 5, 4, 4, 7, 0, 4, 3]
1384638:[3, 7, 1, 5, 0, 1, 8, 6, 3, 3]
1385176:[0, 5, 9, 4, 8, 6, 4, 0, 8, 5]
1388423:[7, 1, 1, 4, 2, 4, 1, 8, 9, 9]
138870:[9, 9, 0, 3, 0, 1, 1, 6, 8, 5]
1389437:[9, 7, 8, 6, 4, 2, 3, 0, 2, 8]
1389601:[6, 8, 5, 3, 3, 1, 4, 0, 5, 3]
1391650:[5, 6, 6, 0, 6, 8, 8, 0, 9, 1]
1393964:[9, 7, 9, 2, 1, 2, 1, 1, 4, 7]
139445:[0, 0, 0, 7, 0, 4, 3, 4, 0, 1]
1397934:[0, 4, 5, 7, 5, 8, 7, 9, 3, 0]
1401484:[3, 9, 2, 7, 1, 9, 7, 5, 2, 0]
1406832:[6, 0, 7, 6, 4, 4, 9, 5, 3, 4]
1407319:[2, 3, 6, 1, 7, 6, 1, 4, 1, 3]
1408001:[4, 3, 0, 7, 2, 4, 4, 3, 0, 9]
140846:[6, 8, 1, 2, 8, 6, 3, 4, 1, 4]
140984:[8, 2, 9, 5, 6, 8, 1, 2, 0, 6]
1412360:[5, 7, 1, 6, 1, 9, 2, 0, 4, 4]
1412555:[1, 2, 3, 0, 1, 1, 5, 4, 6, 7]
1412802:[1, 0, 2, 8, 0, 5, 4, 2, 8, 6]
1414347:[5, 0, 7, 1, 8, 5, 4, 7, 0, 3]
1415109:[6, 4, 6, 8, 2, 5, 4, 5, 4, 6]
1417389:[9, 7, 2, 4, 1, 4, 1, 0, 3, 2]
141781:[4, 8, 1, 7, 3, 8, 1, 0, 3, 3]
1419183:[2, 5, 8, 1, 5, 1, 6, 7, 2, 6]
1419216:[9, 8, 0, 3, 0, 7, 2, 7, 9, 2]
1421170:[8, 3, 8, 2, 7, 0, 2, 3, 7, 8]
1424463:[4, 3, 8, 6, 4, 9, 0, 1, 2, 2]
1426075:[5, 4, 8, 9, 8, 8, 2, 7, 0, 3]
1426423:[9, 7, 6, 0, 2, 5, 1, 5, 0, 6]
1427305:[5, 4, 1, 9, 8, 8, 3, 7, 3, 5]
1427856:[1, 1, 3, 2, 0, 4, 5, 9, 7, 4]
1429216:[0, 3, 5, 9, 7, 5, 8, 2, 4, 3]
1430798:[6, 3, 0, 7, 0, 4, 1, 3, 4, 9]
1431138:[4, 4, 0, 6, 6, 7, 6, 4, 6, 6]
1432302:[1, 0, 5, 3, 7, 2, 3, 5, 1, 0]
1433201:[2, 2, 5, 9, 8, 4, 2, 1, 5, 9]
1433382:[0, 9, 8, 8, 4, 5, 3, 9, 3, 5]
1438776:[4, 7, 3, 9, 8, 7, 1, 9, 2, 6]
1441330:[5, 8, 6, 6, 4, 0, 9, 9, 5, 5]
144176:[6, 4, 1, 3, 0, 0, 6, 3, 9, 2]
1443729:[5, 4, 9, 9, 8, 5, 8, 7, 3, 5]
1444014:[0, 0, 2, 0, 5, 4, 1, 4, 1, 3]
1446434:[4, 9, 7, 7, 7, 7, 4, 7, 5, 5]
145465:[3, 9, 8, 0, 4, 4, 4, 1, 4, 7]
1462799:[3, 2, 9, 4, 1, 7, 6, 2, 1, 0]
1466068:[5, 6, 7, 4, 4, 5, 5, 4, 8, 0]
1467276:[2, 9, 7, 7, 0, 6, 8, 1, 1, 1]
146939:[0, 1, 4, 6, 1, 9, 4, 6, 8, 9]
1476336:[7, 8, 0, 5, 6, 3, 0, 3, 4, 8]
1477147:[7, 3, 0, 6, 2, 5, 2, 9, 2, 0]
1477287:[1, 7, 0, 3, 9, 7, 3, 3, 0, 9]
1479066:[0, 8, 5, 9, 3, 3, 0, 0, 7, 4]
1479615:[8, 9, 3, 1, 5, 0, 7, 1, 0, 0]
1483022:[1, 8, 8, 8, 8, 3, 2, 3, 8, 4]
1483521:[8, 8, 1, 2, 0, 8, 0, 2, 0, 7]
1484268:[7, 4, 9, 1, 7, 5, 2, 1, 0, 1]
1484308:[3, 3, 3, 2, 6, 0, 0, 1, 5, 1]
1485266:[9, 7, 6, 1, 0, 2, 2, 4, 0, 6]
1490856:[3, 7, 8, 0, 0, 5, 6, 5, 7, 4]
1490992:[9, 6, 5, 9, 8, 2, 4, 9, 1, 4]
1491130:[8, 6, 3, 4, 3, 2, 9, 9, 3, 7]
1491177:[8, 9, 8, 5, 5, 6, 4, 4, 7, 9]
1493967:[1, 8, 9, 9, 4, 9, 0, 8, 2, 8]
149453:[4, 6, 1, 6, 0, 5, 6, 8, 9, 9]
1496168:[3, 2, 2, 8, 0, 0, 3, 4, 0, 7]
1497548:[3, 0, 8, 7, 4, 8, 0, 5, 4, 9]
1499619:[3, 5, 9, 9, 8, 3, 5, 3, 0, 0]
1500914:[1, 6, 3, 6, 3, 1, 2, 2, 3, 2]
1501541:[8, 5, 8, 9, 3, 8, 7, 6, 0, 4]
1502022:[0, 8, 3, 2, 3, 8, 5, 3, 5, 4]
1502054:[4, 1, 8, 5, 0, 8, 1, 1, 3, 7]
1503452:[6, 2, 0, 9, 7, 7, 2, 7, 1, 1]
1504858:[2, 0, 1, 0, 8, 7, 1, 6, 2, 1]
1505189:[8, 5, 2, 6, 8, 3, 0, 4, 4, 1]
1506576:[0, 3, 0, 5, 5, 9, 3, 1, 4, 5]
1506781:[8, 6, 8, 0, 9, 7, 0, 0, 5, 8]
150692:[3, 7, 5, 8, 4, 6, 0, 2, 9, 0]
1510287:[1, 7, 7, 7, 3, 3, 1, 8, 6, 6]
1510319:[8, 2, 1, 0, 9, 2, 6, 6, 3, 1]
1510522:[7, 8, 8, 4, 4, 3, 4, 0, 9, 8]
1517111:[5, 4, 9, 5, 8, 9, 9, 8, 3, 6]
1520592:[9, 8, 1, 3, 2, 3, 0, 0, 2, 6]
1522002:[9, 5, 4, 0, 0, 3, 3, 7, 5, 7]
1522781:[6, 6, 5, 8, 4, 3, 0, 8, 8, 2]
1534202:[3, 7, 1, 7, 1, 5, 0, 6, 4, 0]
1535509:[2, 0, 6, 4, 2, 1, 8, 0, 7, 1]
1538054:[4, 8, 4, 5, 5, 0, 4, 8, 4, 0]
1539427:[1, 7, 2, 5, 7, 0, 3, 1, 7, 1]
1539918:[5, 4, 6, 4, 3, 8, 2, 7, 3, 5]
1540907:[9, 9, 0, 7, 1, 2, 0, 8, 4, 8]
1542253:[6, 1, 2, 8, 4, 5, 4, 2, 1, 6]
1544550:[8, 7, 8, 0, 3, 2, 1, 2, 8, 0]
1545387:[5, 3, 5, 5, 5, 5, 6, 8, 1, 2]
1546590:[8, 8, 4, 3, 4, 9, 5, 1, 3, 4]
1546838:[0, 9, 5, 9, 9, 8, 0, 7, 6, 3]
1547449:[9, 5, 0, 2, 7, 0, 2, 3, 6, 3]
1547792:[3, 1, 7, 3, 7, 7, 6, 6, 7, 9]
1547995:[3, 2, 6, 3, 5, 9, 7, 0, 1, 0]
154803:[2, 2, 0, 6, 4, 5, 0, 1, 3, 6]
1548755:[0, 9, 9, 3, 3, 1, 6, 9, 4, 5]
1549824:[2, 0, 6, 9, 8, 4, 1, 9, 5, 0]
1550065:[5, 5, 8, 1, 3, 0, 0, 8, 4, 9]
1556922:[2, 7, 8, 4, 6, 3, 0, 5, 9, 2]
1558591:[8, 2, 4, 8, 2, 5, 4, 6, 5, 3]
1561464:[6, 7, 5, 1, 2, 5, 6, 3, 0, 3]
1565499:[4, 4, 4, 9, 8, 8, 1, 7, 4, 7]
1567406:[2, 3, 5, 8, 5, 6, 6, 3, 8, 7]
1567410:[8, 8, 7, 2, 9, 0, 5, 1, 7, 9]
1570662:[4, 5, 0, 6, 6, 4, 1, 4, 2, 0]
157293:[8, 8, 9, 8, 9, 3, 7, 6, 4, 8]
1573308:[7, 6, 6, 0, 5, 9, 7, 6, 0, 8]
157339:[5, 2, 0, 7, 8, 7, 9, 0, 2, 9]
1574845:[2, 6, 8, 3, 4, 2, 4, 7, 2, 6]
1575139:[3, 2, 6, 6, 1, 2, 7, 5, 9, 4]
1575284:[3, 9, 4, 4, 9, 5, 1, 0, 3, 4]
1575346:[8, 8, 2, 0, 3, 3, 4, 5, 5, 9]
1579407:[3, 4, 8, 3, 6, 8, 7, 7, 1, 9]
1579818:[0, 9, 0, 2, 8, 4, 1, 5, 0, 7]
1580570:[5, 8, 6, 6, 1, 7, 6, 3, 9, 5]
1583778:[8, 7, 5, 2, 0, 4, 4, 2, 4, 9]
1584113:[7, 2, 4, 8, 4, 8, 0, 9, 1, 0]
1587153:[0, 6, 9, 2, 4, 6, 1, 4, 6, 6]
1587923:[0, 9, 1, 4, 7, 9, 3, 0, 6, 4]
1589056:[8, 1, 3, 3, 3, 0, 2, 6, 1, 2]
1589140:[8, 8, 9, 3, 7, 1, 7, 2, 6, 5]
1592996:[8, 0, 1, 6, 3, 5, 6, 3, 9, 0]
1593697:[6, 5, 4, 3, 2, 3, 3, 1, 1, 3]
1596216:[0, 3, 3, 2, 6, 9, 3, 0, 7, 4]
1597668:[4, 6, 7, 3, 0, 5, 1, 4, 5, 7]
159851:[1, 2, 8, 2, 0, 8, 1, 1, 7, 8]
1598755:[4, 4, 4, 5, 9, 2, 8, 2, 9, 4]
1601606:[6, 0, 6, 9, 6, 8, 6, 4, 4, 1]
1603302:[9, 8, 4, 1, 7, 1, 4, 2, 1, 5]
1605101:[4, 1, 1, 9, 5, 0, 2, 4, 3, 5]
160567:[9, 4, 2, 5, 8, 3, 8, 6, 3, 6]
1606809:[0, 5, 8, 9, 2, 3, 4, 6, 2, 9]
1609560:[2, 9, 4, 6, 1, 4, 1, 3, 9, 5]
1610222:[5, 8, 4, 3, 0, 9, 7, 9, 5, 5]
1612335:[9, 3, 5, 7, 4, 3, 7, 4, 1, 3]
161314:[0, 1, 8, 6, 3, 0, 4, 0, 1, 7]
1613647:[3, 1, 2, 9, 8, 3, 2, 1, 0, 7]
161397:[6, 6, 3, 5, 4, 1, 5, 4, 2, 6]
1616843:[2, 9, 3, 8, 5, 3, 6, 5, 5, 1]
1618482:[9, 8, 0, 4, 4, 8, 5, 7, 1, 0]
1620322:[1, 8, 3, 2, 3, 4, 9, 4, 4, 2]
1621186:[4, 9, 6, 5, 0, 4, 7, 3, 7, 3]
1621914:[8, 1, 6, 6, 1, 4, 2, 8, 8, 3]
1623352:[3, 4, 0, 2, 4, 0, 7, 5, 6, 5]
1624861:[6, 9, 8, 6, 3, 5, 0, 8, 8, 8]
1625692:[1, 9, 6, 9, 2, 0, 3, 4, 3, 1]
1626227:[2, 7, 3, 4, 9, 6, 1, 8, 7, 1]
1627439:[6, 8, 5, 4, 5, 8, 5, 0, 2, 1]
1630935:[0, 6, 1, 4, 1, 1, 8, 1, 0, 3]
1632458:[7, 3, 6, 0, 0, 2, 3, 7, 5, 4]
1632473:[6, 6, 2, 7, 3, 0, 7, 3, 9, 1]
1634517:[5, 6, 0, 7, 9, 8, 5, 5, 0, 0]
163482:[5, 7, 6, 9, 4, 9, 2, 2, 3, 3]
1640211:[4, 0, 7, 1, 4, 7, 3, 8, 4, 5]
1641128:[5, 1, 2, 3, 8, 2, 9, 7, 4, 6]
1641436:[0, 4, 9, 9, 0, 6, 6, 8, 5, 8]
1643512:[2, 1, 8, 3, 4, 9, 8, 8, 6, 1]
1644450:[7, 5, 5, 6, 0, 2, 7, 2, 7, 1]
1648089:[2, 8, 4, 6, 1, 0, 2, 8, 8, 0]
1648521:[4, 3, 5, 7, 0, 0, 6, 7, 0, 5]
1650247:[5, 7, 4, 6, 3, 2, 2, 9, 5, 6]
1650434:[0, 3, 1, 7, 3, 8, 2, 3, 6, 8]
1651573:[0, 6, 8, 5, 9, 3, 6, 4, 6, 8]
1652728:[6, 4, 3, 6, 8, 1, 3, 9, 7, 9]
165329:[9, 0, 4, 5, 2, 0, 5, 1, 8, 8]
1656074:[7, 7, 9, 6, 4, 3, 9, 5, 1, 7]
1657280:[2, 7, 9, 6, 7, 3, 1, 2, 3, 2]
1658737:[1, 4, 8, 9, 9, 2, 5, 2, 5, 0]
1663499:[3, 1, 1, 7, 5, 3, 8, 0, 9, 7]
1667757:[6, 5, 2, 4, 2, 0, 2, 7, 8, 2]
1668333:[4, 0, 1, 7, 8, 0, 7, 5, 0, 0]
166933:[4, 0, 5, 6, 2, 4, 7, 1, 8, 5]
167186:[2, 0, 7, 1, 2, 0, 3, 0, 6, 4]
1673986:[0, 6, 3, 3, 1, 8, 6, 6, 4, 6]
1674614:[9, 1, 5, 6, 2, 0, 9, 9, 0, 5]
1676807:[1, 6, 9, 4, 6, 1, 9, 7, 5, 3]
1680695:[1, 4, 3, 9, 1, 2, 2, 9, 5, 5]
1682861:[4, 6, 4, 2, 2, 0, 9, 0, 7, 2]
1683357:[2, 9, 5, 4, 3, 0, 9, 6, 6, 3]
168414:[2, 3, 0, 1, 1, 6, 1, 2, 4, 3]
1684170:[3, 6, 1, 4, 1, 4, 1, 4, 6, 8]
1684364:[6, 5, 6, 9, 5, 5, 7, 0, 6, 4]
168437:[2, 1, 8, 0, 2, 1, 8, 2, 9, 6]
168462:[9, 8, 9, 7, 5, 8, 4, 3, 5, 0]
168632:[9, 0, 5, 5, 3, 7, 0, 0, 5, 5]
168819:[9, 3, 7, 3, 7, 3, 0, 0, 4, 3]
1688254:[2, 8, 3, 7, 2, 5, 8, 5, 3, 8]
1689458:[2, 1, 9, 2, 2, 5, 0, 3, 1, 9]
1690433:[2, 5, 1, 4, 6, 2, 0, 4, 6, 5]
1691440:[6, 3, 2, 4, 2, 1, 2, 4, 6, 4]
1691891:[9, 4, 2, 6, 1, 3, 2, 2, 7, 9]
1695831:[4, 1, 4, 1, 6, 0, 4, 4, 6, 8]
1696212:[2, 7, 5, 8, 5, 3, 6, 9, 1, 3]
1698591:[8, 3, 3, 5, 1, 4, 8, 3, 3, 5]
1699611:[5, 4, 5, 3, 6, 2, 9, 4, 8, 5]
1702573:[4, 4, 9, 9, 8, 8, 0, 2, 1, 5]
1702649:[5, 5, 7, 1, 9, 4, 3, 3, 8, 7]
170776:[1, 2, 7, 7, 2, 0, 3, 9, 9, 2]
1708264:[8, 8, 3, 3, 3, 4, 1, 9, 0, 7]
1710320:[4, 1, 2, 5, 4, 7, 8, 1, 9, 9]
171055:[6, 5, 4, 4, 9, 8, 0, 4, 4, 8]
1711001:[1, 4, 5, 5, 7, 9, 7, 7, 8, 7]
1711839:[1, 9, 7, 5, 0, 1, 1, 7, 1, 9]
1715296:[1, 6, 3, 4, 0, 2, 2, 3, 0, 2]
1716104:[0, 9, 0, 8, 4, 5, 2, 9, 3, 5]
1716409:[0, 0, 1, 4, 9, 4, 2, 9, 3, 5]
1719247:[5, 9, 1, 6, 4, 1, 2, 5, 8, 3]
1723442:[8, 2, 7, 9, 9, 2, 9, 6, 7, 3]
1724198:[2, 0, 3, 8, 4, 2, 8, 5, 4, 6]
1727770:[9, 1, 5, 6, 4, 1, 8, 3, 6, 5]
1732022:[5, 5, 8, 5, 1, 3, 5, 8, 2, 9]
1735594:[0, 8, 1, 9, 7, 5, 4, 3, 1, 8]
1743633:[7, 6, 2, 4, 7, 8, 3, 2, 4, 0]
1743666:[1, 8, 3, 8, 7, 2, 9, 9, 2, 6]
174508:[8, 1, 7, 3, 3, 9, 1, 1, 1, 2]
1745214:[4, 2, 9, 4, 3, 8, 0, 2, 9, 4]
1747176:[0, 6, 5, 8, 0, 7, 5, 6, 2, 1]
1749101:[4, 4, 9, 4, 9, 9, 7, 0, 1, 4]
1749883:[4, 9, 5, 6, 0, 6, 8, 1, 4, 3]
1750028:[2, 5, 9, 9, 5, 1, 7, 2, 2, 8]
1750122:[7, 1, 6, 2, 9, 0, 4, 6, 1, 1]
1751286:[8, 0, 5, 1, 2, 8, 6, 4, 4, 2]
1751320:[1, 3, 1, 6, 3, 6, 2, 3, 8, 0]
1753285:[0, 8, 5, 0, 9, 9, 0, 0, 5, 4]
1754996:[8, 0, 2, 4, 6, 6, 1, 9, 9, 8]
1755329:[2, 5, 0, 9, 1, 8, 4, 4, 6, 7]
1757553:[8, 0, 6, 1, 1, 5, 4, 8, 8, 1]
1758206:[9, 0, 6, 3, 3, 6, 6, 1, 6, 7]
1759174:[5, 7, 9, 3, 9, 5, 8, 6, 6, 4]
176055:[1, 2, 3, 9, 0, 5, 0, 3, 8, 9]
1761130:[4, 2, 3, 9, 0, 2, 2, 2, 2, 8]
1763558:[0, 3, 8, 6, 9, 3, 0, 0, 5, 4]
1764185:[9, 7, 6, 4, 5, 8, 5, 3, 7, 6]
1764650:[8, 8, 6, 0, 1, 9, 1, 3, 5, 2]
1765688:[8, 7, 7, 4, 2, 2, 9, 7, 3, 7]
1766913:[1, 7, 8, 3, 4, 4, 3, 0, 6, 5]
1769726:[7, 4, 6, 5, 1, 4, 5, 4, 7, 2]
1772353:[6, 1, 7, 4, 3, 4, 8, 8, 5, 4]
1777078:[5, 8, 7, 8, 5, 6, 1, 9, 7, 2]
1777272:[4, 4, 5, 9, 2, 8, 5, 4, 5, 0]
1778639:[4, 0, 4, 5, 9, 0, 3, 7, 9, 2]
1780278:[9, 2, 7, 1, 4, 5, 0, 4, 8, 6]
1781505:[0, 5, 1, 9, 3, 0, 9, 3, 6, 5]
1783782:[5, 4, 1, 0, 6, 8, 4, 8, 3, 0]
1784657:[4, 9, 2, 2, 5, 2, 1, 5, 3, 4]
178486:[9, 7, 9, 8, 7, 5, 6, 2, 9, 4]
1786289:[7, 7, 8, 4, 8, 8, 5, 1, 1, 9]
1789466:[5, 1, 6, 8, 6, 0, 1, 2, 1, 8]
1796413:[7, 5, 5, 1, 6, 4, 8, 4, 4, 2]
1797372:[5, 3, 8, 7, 6, 2, 9, 2, 0, 3]
1797544:[6, 4, 1, 6, 5, 6, 1, 4, 7, 6]
1797613:[8, 7, 2, 5, 4, 5, 4, 5, 3, 6]
1799268:[9, 4, 4, 9, 2, 8, 4, 3, 8, 6]
1799583:[4, 5, 9, 8, 3, 3, 0, 7, 6, 6]
1802918:[4, 3, 2, 0, 8, 6, 7, 8, 2, 5]
1803279:[2, 1, 0, 1, 4, 4, 0, 9, 9, 2]
1805595:[0, 0, 8, 1, 6, 9, 8, 3, 5, 9]
1806091:[0, 7, 7, 9, 3, 5, 1, 9, 3, 7]
1807651:[1, 2, 9, 6, 3, 6, 8, 2, 9, 2]
1809701:[4, 9, 5, 3, 0, 2, 1, 7, 5, 7]
1810526:[0, 5, 3, 7, 1, 4, 0, 5, 3, 4]
1810930:[1, 9, 0, 4, 3, 0, 7, 5, 6, 8]
1811241:[1, 0, 1, 3, 6, 4, 3, 0, 5, 6]
1811665:[8, 5, 6, 6, 7, 0, 8, 0, 1, 9]
1815426:[3, 8, 4, 4, 9, 8, 1, 8, 7, 4]
1816736:[6, 9, 5, 8, 6, 0, 1, 0, 1, 0]
1819497:[7, 5, 3, 5, 7, 9, 6, 2, 9, 4]
1822172:[6, 3, 7, 3, 6, 9, 4, 4, 6, 5]
1822604:[8, 0, 6, 9, 6, 8, 1, 8, 1, 7]
1826263:[8, 1, 8, 1, 9, 6, 1, 6, 3, 3]
1828639:[1, 0, 2, 3, 4, 8, 2, 7, 8, 7]
1831476:[1, 0, 0, 9, 2, 1, 1, 2, 0, 5]
1831599:[7, 2, 2, 2, 9, 8, 4, 0, 2, 3]
1832380:[7, 0, 3, 1, 2, 8, 8, 6, 5, 5]
1836192:[6, 7, 7, 8, 4, 5, 1, 9, 4, 5]
1837601:[3, 6, 3, 9, 4, 5, 6, 7, 9, 4]
1837727:[0, 8, 1, 9, 3, 3, 0, 0, 5, 4]
1844351:[9, 0, 6, 8, 3, 6, 4, 4, 5, 0]
1844582:[2, 4, 0, 6, 6, 0, 7, 1, 6, 9]
1849048:[1, 8, 2, 3, 4, 3, 6, 2, 2, 6]
185069:[7, 6, 9, 4, 4, 3, 1, 8, 6, 2]
1851174:[8, 8, 6, 7, 8, 7, 2, 8, 5, 6]
1851179:[9, 5, 5, 9, 9, 2, 3, 9, 0, 3]
1851899:[0, 3, 7, 0, 5, 0, 2, 5, 4, 2]
1855619:[5, 4, 5, 4, 3, 7, 8, 7, 0, 3]
185714:[6, 7, 8, 1, 1, 8, 1, 3, 4, 3]
1857646:[7, 6, 1, 8, 3, 3, 1, 3, 6, 1]
1860216:[8, 6, 2, 1, 8, 8, 5, 0, 5, 9]
1860751:[1, 6, 8, 4, 4, 0, 9, 0, 3, 3]
1865528:[0, 0, 7, 0, 6, 4, 9, 7, 2, 6]
1870863:[8, 5, 5, 6, 9, 6, 6, 2, 5, 9]
1871001:[1, 5, 1, 1, 6, 1, 2, 3, 8, 7]
1874747:[8, 7, 1, 1, 0, 1, 9, 0, 2, 8]
1875430:[3, 9, 5, 9, 0, 6, 0, 6, 0, 0]
1876200:[5, 6, 6, 2, 0, 8, 9, 8, 8, 2]
1877132:[0, 2, 8, 9, 7, 8, 7, 3, 9, 0]
1877586:[5, 7, 3, 5, 3, 2, 5, 8, 3, 7]
1877927:[5, 1, 8, 7, 0, 2, 3, 7, 0, 3]
1878074:[0, 4, 5, 7, 5, 5, 7, 8, 2, 0]
1879703:[7, 2, 3, 9, 5, 4, 3, 3, 1, 8]
1881712:[3, 8, 0, 6, 3, 8, 3, 6, 2, 3]
188171:[6, 3, 5, 4, 8, 9, 6, 6, 1, 6]
1881816:[2, 4, 8, 7, 0, 3, 7, 8, 1, 4]
1884843:[9, 2, 7, 9, 5, 6, 6, 7, 6, 5]
1887363:[6, 5, 7, 8, 6, 1, 4, 1, 8, 5]
188744:[2, 8, 5, 8, 5, 0, 8, 2, 5, 4]
1888732:[4, 4, 4, 5, 7, 5, 7, 9, 8, 7]
1889391:[3, 5, 5, 6, 6, 1, 9, 8, 8, 6]
1889654:[0, 0, 9, 6, 3, 3, 1, 0, 3, 4]
1892911:[5, 5, 4, 1, 6, 8, 3, 8, 2, 9]
189412:[5, 4, 1, 3, 8, 9, 3, 5, 8, 9]
1894923:[2, 5, 0, 6, 8, 1, 5, 7, 5, 3]
189559:[9, 9, 8, 5, 2, 8, 4, 2, 9, 1]
1897644:[6, 2, 1, 6, 7, 0, 8, 6, 2, 4]
1899398:[8, 5, 3, 6, 0, 9, 0, 8, 8, 1]
1899674:[6, 3, 0, 7, 3, 9, 9, 6, 4, 0]
1903390:[0, 7, 3, 5, 6, 5, 2, 7, 7, 3]
1905173:[3, 4, 6, 1, 3, 1, 2, 6, 8, 9]
1907152:[8, 0, 4, 2, 8, 6, 3, 6, 2, 5]
1908501:[4, 3, 8, 0, 0, 6, 6, 7, 6, 1]
1908819:[4, 1, 7, 4, 8, 3, 9, 6, 2, 3]
1910733:[3, 7, 4, 4, 4, 8, 1, 2, 7, 5]
1916846:[3, 5, 2, 5, 8, 6, 8, 4, 2, 0]
191770:[3, 3, 7, 9, 0, 0, 8, 2, 0, 8]
1919756:[7, 3, 0, 9, 7, 8, 1, 6, 4, 4]
1920288:[6, 2, 7, 2, 2, 4, 6, 3, 6, 2]
1921724:[2, 9, 3, 2, 5, 3, 6, 5, 1, 6]
1927887:[0, 1, 3, 9, 1, 8, 6, 4, 5, 3]
1929903:[7, 9, 2, 8, 4, 2, 0, 5, 7, 5]
1929985:[2, 7, 0, 4, 4, 9, 3, 5, 7, 9]
193038:[3, 9, 6, 0, 1, 8, 6, 0, 7, 9]
193442:[8, 4, 8, 0, 3, 7, 0, 5, 7, 5]
1935550:[3, 4, 3, 5, 4, 2, 3, 0, 6, 5]
1936208:[7, 2, 8, 7, 8, 2, 2, 7, 8, 5]
1936261:[4, 0, 6, 3, 4, 5, 7, 9, 3, 0]
193685:[0, 3, 3, 6, 1, 9, 2, 0, 3, 8]
193686:[5, 1, 6, 4, 2, 2, 0, 0, 4, 8]
1937033:[5, 4, 2, 3, 8, 8, 2, 7, 3, 5]
1937928:[0, 5, 9, 7, 1, 8, 7, 6, 7, 5]
194055:[8, 1, 5, 6, 3, 3, 9, 1, 4, 3]
1945164:[7, 5, 9, 7, 4, 4, 9, 7, 1, 4]
1947812:[6, 2, 5, 7, 9, 8, 1, 9, 6, 1]
1947891:[5, 8, 6, 2, 4, 0, 0, 2, 6, 0]
1949310:[7, 8, 5, 4, 9, 6, 4, 8, 6, 6]
1949995:[8, 3, 4, 3, 6, 8, 9, 3, 9, 4]
1950095:[5, 1, 9, 0, 8, 9, 8, 0, 3, 9]
1950163:[6, 7, 5, 8, 9, 8, 2, 0, 7, 5]
1951114:[4, 8, 3, 1, 3, 1, 3, 9, 1, 0]
1951406:[3, 0, 2, 7, 3, 9, 9, 5, 0, 7]
1954036:[0, 4, 6, 6, 8, 2, 7, 6, 9, 4]
1954837:[4, 8, 7, 1, 6, 4, 9, 2, 7, 9]
1956546:[9, 2, 1, 3, 5, 4, 2, 4, 4, 6]
1957203:[5, 5, 0, 3, 9, 9, 1, 2, 6, 1]
196124:[5, 5, 9, 7, 0, 7, 6, 2, 2, 7]
1961551:[6, 2, 5, 1, 0, 0, 7, 7, 4, 9]
1963255:[5, 5, 7, 1, 3, 3, 2, 1, 4, 4]
1965782:[2, 8, 9, 1, 2, 0, 1, 7, 9, 8]
1976336:[5, 8, 0, 7, 1, 5, 0, 5, 2, 2]
1976621:[8, 1, 8, 1, 9, 6, 1, 6, 3, 3]
1977383:[3, 8, 6, 3, 8, 1, 9, 9, 5, 4]
198245:[2, 1, 2, 0, 0, 6, 2, 1, 6, 7]
1985171:[0, 2, 0, 1, 7, 5, 7, 6, 0, 6]
198792:[1, 8, 8, 6, 0, 8, 7, 3, 0, 3]
1988976:[6, 0, 1, 2, 3, 2, 7, 0, 7, 1]
1994348:[1, 2, 6, 8, 4, 8, 2, 2, 1, 5]
1994642:[0, 6, 9, 9, 7, 2, 8, 0, 9, 4]
1994746:[3, 8, 0, 3, 4, 5, 5, 3, 9, 0]
1996149:[4, 8, 6, 5, 7, 6, 1, 8, 5, 1]
1996496:[5, 1, 1, 2, 4, 7, 1, 8, 4, 1]
1997263:[7, 3, 9, 5, 1, 1, 2, 3, 5, 2]
1999288:[5, 0, 7, 6, 1, 8, 9, 9, 6, 1]
2003022:[2, 1, 6, 6, 1, 0, 4, 3, 5, 9]
2004014:[8, 7, 8, 7, 5, 4, 2, 6, 5, 0]
2004182:[1, 6, 8, 0, 8, 0, 6, 4, 8, 3]
200563:[1, 5, 5, 6, 9, 1, 6, 5, 4, 0]
2007204:[6, 7, 2, 6, 8, 2, 0, 6, 7, 7]
2010290:[6, 7, 1, 5, 5, 5, 5, 8, 0, 5]
2011597:[8, 2, 6, 3, 8, 9, 6, 8, 4, 0]
2014626:[3, 3, 6, 6, 8, 8, 1, 8, 1, 9]
2015807:[9, 0, 8, 4, 4, 5, 8, 5, 4, 6]
2016730:[5, 2, 6, 8, 1, 9, 0, 9, 1, 0]
2017514:[6, 8, 7, 9, 4, 3, 5, 5, 3, 3]
2017764:[4, 9, 9, 7, 3, 5, 5, 0, 0, 9]
201894:[3, 1, 5, 5, 1, 0, 9, 4, 0, 3]
2023750:[0, 0, 6, 2, 8, 9, 3, 9, 4, 0]
2024741:[7, 1, 3, 5, 3, 4, 2, 0, 3, 2]
2026035:[6, 7, 3, 9, 7, 6, 2, 1, 9, 0]
2026825:[4, 3, 2, 5, 0, 7, 5, 2, 5, 1]
2026900:[5, 9, 6, 9, 8, 0, 5, 1, 6, 6]
2029237:[2, 8, 6, 9, 7, 7, 9, 1, 1, 4]
2030430:[6, 7, 5, 0, 4, 0, 9, 2, 1, 0]
2030889:[5, 3, 8, 7, 0, 7, 6, 2, 9, 8]
2034062:[1, 7, 6, 5, 8, 0, 2, 3, 7, 3]
2035626:[5, 4, 9, 9, 8, 5, 7, 7, 3, 8]
2036526:[4, 1, 2, 8, 4, 6, 0, 0, 1, 9]
2037852:[1, 4, 3, 9, 4, 0, 6, 5, 1, 2]
2038630:[4, 2, 9, 7, 6, 4, 0, 7, 5, 0]
2040808:[7, 6, 8, 7, 1, 7, 1, 0, 3, 9]
2046523:[5, 3, 9, 2, 6, 8, 9, 3, 1, 2]
2047501:[6, 6, 9, 9, 4, 3, 6, 1, 0, 3]
2048700:[9, 7, 4, 5, 4, 4, 8, 4, 5, 3]
2051357:[6, 8, 6, 7, 1, 1, 6, 1, 9, 5]
2054058:[8, 2, 7, 5, 1, 9, 0, 1, 4, 9]
2057179:[5, 2, 7, 9, 2, 1, 2, 2, 9, 1]
2060427:[4, 2, 9, 9, 8, 7, 1, 7, 1, 4]
2063205:[0, 0, 9, 7, 8, 7, 3, 7, 3, 1]
2064036:[5, 4, 0, 8, 7, 9, 1, 6, 2, 0]
2065873:[8, 6, 6, 1, 0, 1, 9, 8, 0, 8]
2068198:[7, 0, 7, 7, 3, 2, 0, 5, 5, 1]
2069802:[4, 0, 5, 5, 6, 8, 9, 5, 3, 2]
2070123:[1, 0, 1, 5, 3, 6, 5, 6, 4, 6]
2070473:[0, 9, 3, 8, 3, 0, 7, 9, 5, 5]
2071896:[1, 2, 1, 8, 1, 3, 0, 0, 3, 0]
2075139:[9, 6, 4, 1, 1, 9, 0, 0, 6, 2]
2076977:[5, 1, 1, 9, 6, 1, 5, 6, 4, 5]
2077723:[7, 1, 3, 4, 7, 8, 4, 3, 1, 8]
2078726:[0, 6, 0, 9, 6, 5, 5, 3, 7, 1]
2078900:[5, 3, 6, 5, 0, 9, 7, 3, 6, 8]
2082280:[0, 4, 2, 5, 7, 3, 7, 7, 2, 0]
2082717:[8, 7, 8, 8, 1, 0, 2, 1, 4, 4]
2086381:[9, 5, 1, 8, 4, 9, 1, 7, 7, 6]
2087144:[0, 8, 8, 3, 3, 3, 2, 0, 3, 4]
2092077:[5, 1, 6, 7, 4, 0, 3, 7, 4, 6]
209458:[7, 7, 6, 1, 6, 1, 7, 5, 2, 5]
2095457:[2, 1, 7, 2, 2, 7, 4, 2, 8, 5]
2095813:[9, 0, 6, 5, 5, 5, 0, 2, 0, 3]
20961:[2, 0, 8, 4, 0, 4, 6, 6, 5, 5]
2096607:[9, 7, 9, 5, 8, 0, 8, 2, 5, 8]
2097131:[9, 1, 1, 0, 0, 5, 4, 5, 1, 1]
2099137:[1, 9, 6, 5, 1, 0, 4, 1, 1, 6]
2101840:[4, 8, 7, 3, 4, 4, 3, 4, 1, 8]
2104470:[6, 9, 1, 4, 6, 4, 7, 6, 3, 8]
2105139:[4, 3, 9, 6, 6, 5, 6, 8, 8, 1]
2105452:[1, 5, 1, 3, 2, 8, 3, 8, 7, 1]
2106297:[0, 8, 9, 0, 3, 4, 7, 7, 3, 6]
210776:[7, 1, 5, 0, 7, 0, 2, 2, 6, 0]
2111596:[8, 6, 4, 5, 7, 5, 1, 5, 8, 0]
2114648:[8, 7, 6, 8, 2, 6, 4, 8, 7, 0]
2120545:[1, 2, 6, 6, 2, 6, 8, 8, 0, 8]
2120754:[0, 7, 5, 2, 7, 0, 2, 5, 0, 6]
2121139:[8, 8, 6, 0, 4, 1, 6, 3, 4, 0]
2123250:[6, 8, 6, 1, 3, 9, 5, 6, 2, 1]
2123519:[9, 4, 6, 8, 2, 5, 4, 3, 1, 0]
2125739:[7, 1, 9, 5, 4, 7, 9, 4, 8, 2]
2126568:[4, 7, 7, 3, 6, 0, 8, 1, 0, 9]
2127928:[8, 9, 7, 2, 7, 0, 5, 9, 7, 3]
2132887:[5, 7, 8, 9, 4, 5, 8, 9, 1, 4]
2133762:[8, 0, 8, 9, 5, 2, 1, 0, 2, 6]
2135599:[0, 5, 9, 1, 4, 9, 2, 4, 0, 9]
2138174:[0, 3, 2, 9, 6, 9, 4, 4, 9, 2]
2140184:[6, 3, 3, 6, 9, 6, 3, 0, 5, 6]
2140379:[9, 1, 4, 3, 3, 7, 7, 8, 3, 4]
2144649:[6, 8, 7, 6, 8, 2, 3, 4, 7, 1]
2147324:[7, 4, 3, 2, 8, 1, 1, 0, 2, 1]
2147912:[5, 4, 7, 6, 8, 8, 5, 2, 3, 5]
2152014:[8, 9, 6, 5, 8, 4, 9, 8, 6, 7]
215382:[5, 6, 6, 3, 0, 8, 0, 4, 1, 2]
2154093:[4, 7, 9, 5, 1, 3, 9, 1, 2, 6]
215536:[0, 4, 8, 7, 7, 2, 2, 4, 0, 7]
2156820:[1, 2, 8, 5, 8, 6, 0, 8, 8, 9]
2158635:[0, 2, 0, 3, 1, 4, 2, 1, 1, 3]
2160298:[7, 6, 4, 2, 9, 9, 3, 4, 7, 2]
2160363:[1, 1, 4, 1, 2, 0, 2, 0, 9, 2]
2160846:[7, 3, 5, 6, 4, 9, 5, 0, 5, 4]
2164374:[8, 8, 8, 1, 9, 9, 9, 1, 3, 6]
2169830:[2, 7, 8, 8, 4, 7, 5, 3, 3, 1]
217103:[3, 7, 9, 4, 6, 5, 4, 4, 0, 3]
2174185:[2, 3, 5, 3, 3, 1, 2, 9, 0, 3]
2174857:[9, 7, 1, 5, 6, 4, 5, 9, 9, 6]
2175898:[9, 6, 5, 6, 3, 3, 2, 7, 8, 1]
2177201:[6, 4, 9, 7, 0, 3, 3, 8, 2, 1]
2177794:[6, 7, 9, 5, 3, 1, 5, 4, 3, 8]
2185827:[4, 2, 3, 0, 9, 3, 5, 9, 6, 5]
2190578:[5, 8, 8, 6, 6, 6, 7, 3, 2, 6]
2191346:[2, 8, 4, 5, 0, 9, 1, 8, 9, 1]
2191604:[8, 9, 1, 4, 6, 4, 9, 5, 1, 4]
2196958:[5, 2, 6, 2, 8, 5, 7, 9, 0, 7]
2197698:[4, 7, 9, 2, 9, 0, 5, 4, 4, 6]
2201058:[4, 0, 4, 8, 9, 5, 2, 7, 9, 8]
220167:[0, 8, 7, 5, 5, 5, 8, 8, 2, 5]
220183:[3, 5, 7, 5, 3, 4, 1, 4, 6, 3]
2202685:[5, 1, 0, 7, 7, 4, 9, 3, 3, 0]
2211018:[5, 6, 3, 8, 5, 4, 5, 2, 1, 0]
2212482:[6, 8, 0, 7, 6, 7, 9, 8, 6, 2]
2213432:[2, 8, 9, 7, 2, 1, 5, 6, 6, 3]
2213922:[6, 4, 1, 8, 4, 7, 6, 1, 9, 9]
2214359:[8, 8, 8, 6, 3, 7, 7, 2, 8, 0]
2214709:[7, 2, 7, 2, 4, 5, 0, 3, 4, 3]
2216436:[3, 7, 8, 8, 3, 1, 9, 0, 9, 5]
2216459:[0, 4, 5, 4, 8, 6, 9, 5, 6, 1]
2219365:[6, 8, 2, 4, 1, 6, 5, 3, 3, 2]
2221581:[0, 2, 1, 2, 6, 4, 6, 9, 4, 4]
2227011:[7, 5, 1, 5, 2, 5, 8, 2, 7, 8]
2229021:[5, 0, 7, 3, 9, 3, 7, 3, 0, 8]
2229789:[5, 8, 1, 9, 1, 0, 8, 0, 0, 4]
2241091:[0, 6, 4, 8, 8, 4, 4, 4, 3, 5]
2241841:[1, 6, 7, 4, 9, 0, 4, 1, 3, 8]
2245801:[5, 4, 0, 9, 8, 5, 8, 7, 0, 0]
2246581:[1, 8, 6, 9, 0, 8, 1, 0, 5, 2]
2247797:[4, 2, 4, 5, 3, 3, 8, 2, 1, 7]
225251:[4, 6, 9, 6, 6, 9, 6, 5, 3, 4]
2252689:[1, 0, 8, 4, 0, 1, 2, 0, 6, 2]
2253735:[0, 6, 2, 0, 6, 1, 2, 4, 0, 3]
2254405:[4, 0, 2, 4, 0, 6, 9, 3, 2, 1]
2256286:[4, 4, 5, 6, 8, 7, 5, 9, 8, 7]
2256552:[7, 1, 8, 8, 8, 7, 5, 2, 8, 8]
2257758:[0, 8, 1, 0, 3, 9, 3, 4, 3, 4]
2259207:[8, 6, 8, 3, 2, 3, 9, 3, 7, 4]
2263061:[2, 0, 6, 7, 9, 9, 7, 6, 0, 9]
2263164:[2, 5, 8, 5, 2, 2, 6, 7, 6, 5]
2265363:[5, 9, 2, 8, 4, 8, 4, 8, 3, 0]
2267262:[0, 4, 5, 7, 5, 3, 6, 9, 0, 0]
2270191:[2, 5, 4, 3, 8, 0, 0, 4, 5, 6]
2273499:[4, 8, 5, 1, 3, 0, 0, 5, 3, 7]
2280658:[8, 5, 9, 3, 2, 2, 1, 1, 3, 5]
2283609:[7, 7, 1, 2, 8, 8, 7, 3, 1, 9]
2284285:[1, 9, 6, 8, 2, 5, 9, 6, 4, 8]
2285195:[5, 0, 3, 8, 5, 1, 2, 3, 2, 9]
2291228:[7, 0, 2, 3, 5, 8, 0, 0, 4, 9]
2291763:[2, 9, 7, 3, 3, 4, 0, 5, 5, 8]
2296894:[6, 2, 8, 7, 5, 1, 0, 8, 0, 6]
2297412:[4, 5, 9, 3, 0, 5, 1, 7, 3, 7]
2298084:[4, 6, 5, 7, 1, 6, 1, 5, 5, 6]
230094:[7, 5, 4, 7, 3, 6, 5, 4, 1, 4]
2301728:[4, 1, 8, 4, 9, 3, 2, 7, 8, 0]
2302395:[5, 9, 0, 1, 6, 9, 0, 0, 9, 1]
2304311:[6, 2, 4, 2, 1, 0, 4, 5, 6, 2]
2304792:[0, 7, 5, 2, 7, 0, 2, 5, 0, 6]
2305593:[8, 4, 8, 3, 9, 7, 0, 6, 3, 2]
2306056:[8, 2, 7, 4, 2, 4, 8, 6, 3, 6]
2307982:[6, 4, 7, 6, 8, 0, 0, 4, 3, 0]
2308345:[6, 3, 0, 3, 7, 1, 5, 6, 5, 7]
2308485:[3, 3, 7, 4, 6, 6, 6, 3, 5, 6]
2308490:[4, 4, 1, 5, 3, 0, 7, 3, 1, 8]
2309004:[5, 2, 7, 0, 4, 1, 1, 4, 3, 3]
230904:[9, 4, 1, 7, 4, 8, 2, 1, 7, 5]
231399:[9, 7, 6, 5, 9, 9, 2, 4, 4, 8]
2315111:[0, 6, 4, 4, 0, 6, 8, 4, 1, 8]
2316567:[4, 7, 2, 5, 3, 9, 0, 5, 2, 1]
2317501:[3, 6, 2, 7, 0, 9, 7, 0, 5, 3]
2319132:[4, 5, 4, 2, 9, 6, 3, 6, 6, 1]
2319437:[9, 0, 4, 5, 1, 3, 1, 8, 3, 5]
2320177:[8, 2, 4, 8, 0, 3, 4, 1, 1, 7]
2320573:[9, 0, 8, 3, 2, 8, 3, 2, 5, 6]
2321554:[4, 2, 9, 6, 3, 4, 1, 9, 1, 5]
2324383:[7, 0, 6, 3, 4, 0, 6, 6, 5, 2]
2326628:[5, 1, 2, 7, 0, 5, 0, 6, 0, 5]
2329357:[7, 6, 4, 7, 5, 1, 4, 8, 2, 4]
2332110:[5, 1, 9, 5, 1, 6, 0, 1, 6, 2]
2332481:[5, 7, 7, 6, 5, 1, 5, 4, 3, 8]
2332602:[6, 1, 6, 3, 0, 4, 6, 4, 8, 4]
2332656:[9, 4, 8, 3, 2, 4, 4, 0, 6, 4]
2332785:[0, 1, 6, 3, 0, 0, 2, 0, 4, 0]
2335983:[1, 3, 5, 4, 6, 2, 0, 5, 3, 2]
2338204:[5, 4, 8, 9, 8, 7, 1, 7, 0, 3]
2338591:[3, 8, 6, 9, 7, 2, 1, 8, 0, 6]
2339160:[6, 1, 7, 5, 3, 9, 0, 9, 3, 3]
2341173:[1, 0, 9, 0, 8, 2, 8, 1, 4, 8]
2342303:[4, 3, 7, 5, 5, 6, 1, 0, 4, 3]
2346117:[1, 8, 6, 6, 1, 4, 6, 9, 7, 9]
2349303:[0, 0, 9, 6, 8, 3, 7, 7, 0, 3]
2350655:[8, 6, 8, 0, 9, 8, 6, 9, 3, 4]
2350694:[9, 2, 8, 6, 4, 6, 1, 1, 3, 1]
2352338:[1, 8, 5, 1, 4, 4, 5, 5, 1, 4]
2352392:[3, 9, 0, 4, 8, 5, 3, 6, 5, 4]
2353668:[0, 8, 1, 6, 3, 2, 8, 4, 8, 7]
2355588:[8, 0, 5, 7, 8, 3, 4, 9, 1, 4]
2356980:[1, 5, 9, 3, 6, 3, 9, 6, 3, 1]
2358562:[7, 2, 5, 6, 4, 4, 4, 2, 2, 2]
2360268:[3, 2, 4, 0, 2, 9, 8, 9, 8, 1]
2363338:[4, 7, 8, 5, 1, 1, 1, 7, 6, 9]
2366774:[1, 9, 5, 5, 1, 7, 7, 8, 5, 8]
2368401:[5, 2, 1, 0, 9, 2, 7, 7, 1, 3]
2368940:[3, 5, 9, 5, 3, 4, 7, 2, 3, 9]
2370477:[5, 9, 4, 0, 0, 4, 5, 3, 2, 0]
2370854:[5, 3, 0, 5, 6, 2, 9, 5, 9, 6]
2370897:[0, 9, 6, 8, 4, 5, 2, 9, 3, 5]
2372100:[5, 9, 8, 2, 1, 6, 7, 4, 4, 2]
237247:[4, 9, 5, 5, 5, 6, 3, 5, 7, 6]
2374218:[4, 8, 9, 5, 6, 4, 6, 1, 2, 2]
2374546:[3, 2, 8, 4, 4, 9, 0, 4, 8, 6]
237590:[1, 2, 6, 9, 9, 2, 7, 1, 0, 8]
2377942:[9, 0, 7, 9, 8, 0, 2, 3, 0, 9]
2379563:[0, 7, 6, 9, 0, 3, 2, 9, 9, 7]
2380752:[8, 0, 7, 2, 0, 9, 2, 9, 1, 4]
2382586:[6, 9, 6, 5, 7, 1, 2, 2, 9, 3]
2383473:[7, 6, 7, 0, 6, 1, 1, 4, 9, 6]
2390850:[1, 5, 0, 3, 1, 5, 2, 2, 4, 7]
2390966:[3, 5, 7, 1, 2, 6, 3, 3, 2, 6]
2394518:[1, 3, 8, 8, 8, 3, 9, 9, 2, 3]
2395538:[4, 4, 7, 2, 3, 6, 1, 1, 9, 9]
2396182:[9, 8, 5, 5, 5, 0, 3, 5, 7, 0]
2396939:[1, 3, 5, 8, 8, 8, 2, 0, 1, 2]
2398041:[3, 9, 1, 9, 5, 9, 5, 2, 8, 5]
2398964:[1, 5, 6, 9, 8, 3, 5, 5, 9, 0]
2399711:[0, 6, 4, 9, 5, 4, 3, 3, 7, 4]
2400905:[5, 9, 3, 1, 1, 7, 4, 4, 5, 9]
2401546:[0, 7, 2, 5, 4, 6, 3, 0, 5, 5]
2402298:[5, 2, 0, 8, 5, 8, 3, 6, 8, 3]
2402494:[9, 9, 5, 3, 5, 7, 0, 4, 6, 0]
2406669:[0, 4, 1, 9, 7, 4, 7, 4, 2, 4]
2408308:[0, 1, 8, 6, 2, 8, 7, 1, 2, 9]
2409246:[2, 7, 1, 8, 3, 4, 8, 9, 7, 9]
2409270:[9, 7, 4, 5, 5, 9, 1, 8, 3, 3]
2409715:[9, 4, 0, 8, 4, 5, 1, 7, 6, 2]
2409801:[1, 1, 0, 5, 1, 2, 8, 3, 3, 9]
2412335:[2, 6, 5, 4, 9, 0, 8, 8, 8, 9]
2414615:[5, 0, 4, 7, 8, 1, 7, 3, 4, 8]
2416142:[5, 4, 0, 5, 8, 9, 9, 8, 6, 0]
2419667:[0, 5, 7, 8, 1, 9, 2, 0, 5, 7]
2421094:[6, 8, 6, 9, 0, 4, 2, 8, 5, 6]
24215:[5, 3, 8, 3, 5, 9, 5, 4, 4, 3]
2422807:[7, 9, 5, 6, 9, 5, 8, 3, 5, 7]
2423005:[1, 7, 2, 6, 2, 9, 2, 2, 3, 8]
242385:[5, 6, 5, 8, 4, 2, 9, 8, 3, 8]
2424604:[4, 0, 6, 3, 1, 7, 9, 7, 7, 9]
2425376:[7, 7, 8, 1, 7, 0, 2, 6, 5, 1]
2425841:[7, 2, 2, 6, 6, 0, 5, 3, 4, 1]
2426516:[7, 6, 5, 5, 1, 2, 5, 6, 5, 6]
2430067:[4, 9, 3, 2, 3, 6, 0, 7, 1, 5]
2440754:[8, 1, 9, 6, 9, 8, 2, 9, 3, 5]
2440906:[2, 1, 3, 2, 1, 2, 4, 6, 9, 0]
2441262:[6, 8, 6, 2, 5, 8, 1, 1, 9, 5]
2441845:[1, 9, 0, 1, 7, 9, 5, 5, 6, 5]
2443798:[2, 3, 4, 3, 0, 4, 0, 4, 2, 4]
2445571:[1, 5, 3, 1, 9, 2, 7, 4, 5, 6]
2445968:[3, 7, 5, 8, 2, 4, 2, 2, 4, 6]
2446695:[1, 1, 6, 9, 4, 7, 6, 0, 9, 6]
2447072:[8, 4, 6, 1, 0, 3, 6, 4, 0, 3]
2452040:[4, 4, 2, 7, 4, 6, 2, 1, 4, 9]
2454109:[1, 5, 1, 0, 7, 0, 2, 2, 2, 1]
2454926:[9, 4, 2, 9, 2, 8, 6, 1, 1, 8]
2456436:[2, 0, 9, 7, 2, 3, 2, 3, 1, 4]
2457759:[3, 9, 4, 2, 2, 8, 4, 9, 8, 8]
2458473:[0, 4, 2, 1, 9, 1, 6, 7, 4, 7]
2459165:[6, 7, 6, 2, 1, 5, 0, 7, 3, 3]
2459839:[1, 0, 2, 8, 0, 5, 4, 2, 8, 6]
2460675:[2, 2, 3, 5, 2, 4, 7, 1, 5, 6]
246109:[0, 3, 0, 0, 0, 1, 2, 5, 9, 3]
2461373:[4, 8, 3, 9, 7, 8, 1, 8, 3, 2]
2463842:[7, 3, 5, 7, 6, 0, 9, 0, 9, 0]
2465221:[5, 3, 0, 0, 4, 7, 2, 1, 5, 3]
2467465:[9, 1, 7, 3, 6, 4, 2, 3, 3, 9]
2467552:[8, 1, 7, 7, 3, 5, 9, 5, 3, 8]
2468220:[9, 0, 5, 9, 6, 2, 8, 2, 0, 6]
2468910:[0, 8, 0, 6, 4, 5, 2, 7, 7, 6]
2470472:[0, 8, 7, 9, 4, 6, 7, 7, 6, 9]
2470687:[0, 5, 3, 3, 2, 5, 3, 9, 4, 6]
2470988:[0, 2, 4, 3, 9, 0, 4, 2, 5, 3]
2471069:[6, 0, 6, 8, 0, 2, 6, 1, 7, 5]
2471302:[9, 6, 8, 8, 3, 5, 0, 8, 5, 6]
2473836:[7, 5, 4, 4, 0, 4, 8, 1, 7, 5]
2476258:[6, 1, 5, 3, 0, 0, 3, 3, 4, 4]
2477031:[3, 7, 5, 1, 6, 1, 3, 5, 1, 1]
2477096:[9, 0, 3, 3, 0, 1, 7, 6, 3, 5]
2477986:[5, 0, 3, 4, 0, 8, 9, 4, 6, 0]
247896:[9, 2, 7, 2, 4, 2, 9, 7, 9, 9]
2479217:[8, 0, 0, 1, 0, 0, 5, 8, 8, 1]
2480968:[8, 4, 8, 3, 2, 4, 6, 7, 0, 6]
2484969:[0, 9, 6, 8, 4, 8, 2, 9, 3, 5]
24885:[0, 9, 0, 6, 3, 8, 0, 1, 2, 6]
2489831:[4, 8, 8, 3, 2, 9, 8, 7, 1, 0]
249383:[2, 1, 3, 2, 8, 4, 1, 3, 9, 9]
2498389:[6, 0, 8, 2, 6, 2, 6, 2, 2, 0]
2499667:[7, 7, 7, 2, 4, 5, 2, 4, 4, 9]
2499918:[0, 4, 5, 7, 5, 8, 7, 9, 3, 0]
2502013:[6, 5, 2, 7, 3, 4, 3, 7, 1, 7]
2504484:[0, 6, 3, 5, 2, 6, 2, 4, 4, 3]
2505091:[1, 2, 8, 5, 4, 6, 5, 8, 8, 6]
2505237:[3, 2, 2, 7, 8, 0, 2, 3, 1, 9]
2507701:[9, 5, 0, 6, 4, 6, 1, 0, 1, 7]
2507934:[8, 1, 4, 8, 7, 2, 9, 6, 2, 0]
2508828:[7, 5, 2, 6, 0, 9, 1, 1, 3, 9]
2509791:[2, 6, 6, 6, 6, 8, 7, 1, 3, 8]
2512274:[5, 5, 9, 9, 8, 0, 7, 2, 9, 1]
2514624:[5, 9, 6, 6, 9, 8, 5, 1, 4, 1]
2516888:[8, 8, 6, 4, 7, 0, 4, 5, 5, 0]
2517790:[5, 5, 4, 7, 0, 0, 0, 1, 5, 4]
2519597:[9, 4, 2, 4, 1, 0, 9, 2, 0, 7]
2520023:[0, 2, 4, 5, 0, 8, 7, 4, 5, 2]
2521597:[3, 6, 9, 0, 1, 1, 9, 0, 7, 3]
2521602:[3, 2, 6, 5, 9, 7, 2, 7, 1, 7]
2522139:[4, 8, 8, 4, 0, 8, 1, 8, 7, 2]
2522949:[0, 1, 9, 0, 9, 1, 9, 4, 8, 4]
2524142:[5, 0, 3, 6, 2, 2, 3, 4, 8, 2]
2527684:[6, 2, 8, 9, 9, 6, 6, 3, 8, 6]
25290:[5, 0, 8, 3, 1, 9, 5, 0, 9, 6]
253169:[8, 6, 4, 6, 1, 4, 3, 5, 7, 8]
2532587:[3, 6, 9, 1, 8, 3, 6, 0, 5, 2]
2532718:[5, 0, 0, 0, 0, 4, 3, 7, 5, 1]
2534544:[5, 4, 6, 3, 7, 5, 8, 7, 3, 5]
2535264:[1, 9, 1, 3, 4, 2, 8, 0, 8, 6]
2538271:[0, 9, 1, 1, 0, 6, 6, 4, 1, 1]
2538500:[0, 4, 4, 1, 0, 0, 9, 0, 2, 4]
253979:[1, 5, 4, 1, 6, 0, 2, 3, 4, 8]
2540725:[8, 4, 6, 6, 1, 4, 5, 3, 0, 0]
2541853:[7, 7, 9, 9, 0, 9, 5, 1, 3, 0]
2542608:[1, 9, 1, 1, 0, 7, 5, 4, 7, 2]
2543993:[0, 9, 9, 8, 3, 2, 1, 9, 3, 5]
2545231:[4, 7, 0, 9, 2, 0, 9, 0, 6, 9]
2548486:[8, 2, 4, 5, 4, 8, 0, 7, 2, 5]
254924:[5, 4, 6, 4, 3, 8, 3, 9, 3, 5]
2550424:[2, 6, 1, 0, 1, 4, 4, 4, 5, 6]
2552156:[3, 5, 8, 6, 8, 5, 4, 8, 9, 7]
255399:[6, 9, 2, 5, 4, 9, 8, 7, 1, 9]
2558801:[1, 9, 9, 5, 3, 3, 6, 7, 8, 0]
255990:[7, 8, 9, 6, 7, 5, 7, 3, 8, 0]
256022:[5, 8, 5, 7, 1, 4, 5, 0, 3, 5]
2560791:[8, 6, 8, 9, 9, 7, 2, 3, 0, 8]
2560837:[0, 7, 0, 1, 4, 6, 7, 7, 6, 9]
2561195:[5, 4, 0, 3, 3, 6, 4, 8, 1, 0]
2561242:[1, 0, 1, 4, 6, 3, 5, 2, 5, 5]
2564555:[0, 5, 6, 7, 4, 6, 2, 1, 6, 7]
2564882:[5, 4, 9, 5, 8, 8, 7, 4, 5, 6]
2564986:[3, 9, 6, 3, 8, 4, 9, 5, 9, 4]
2566163:[0, 2, 3, 4, 0, 1, 2, 6, 5, 1]
2566554:[6, 8, 3, 8, 7, 1, 0, 5, 4, 9]
256871:[8, 1, 2, 3, 3, 3, 2, 4, 9, 1]
2574683:[6, 7, 7, 9, 5, 8, 0, 7, 6, 1]
257603:[9, 4, 9, 2, 8, 0, 0, 1, 5, 5]
2578711:[4, 3, 7, 2, 5, 4, 4, 3, 0, 5]
2579434:[6, 2, 4, 4, 8, 2, 4, 1, 5, 4]
2579889:[6, 1, 4, 8, 6, 7, 7, 6, 7, 0]
2583035:[8, 5, 8, 6, 0, 7, 4, 6, 2, 9]
2584671:[4, 6, 9, 2, 1, 7, 9, 3, 2, 0]
2586058:[0, 8, 0, 5, 2, 7, 7, 4, 0, 4]
2586097:[4, 6, 9, 7, 5, 5, 1, 8, 5, 4]
2590686:[2, 0, 8, 1, 7, 5, 7, 1, 4, 8]
259113:[5, 6, 3, 0, 6, 8, 9, 7, 1, 1]
2592086:[6, 6, 1, 0, 3, 9, 1, 0, 6, 4]
2595084:[2, 0, 8, 8, 1, 4, 3, 6, 7, 1]
2596671:[9, 4, 8, 4, 9, 2, 2, 6, 1, 2]
2604603:[3, 3, 6, 2, 7, 7, 3, 5, 1, 2]
2606918:[1, 2, 5, 4, 8, 5, 8, 2, 1, 7]
2608092:[2, 9, 7, 9, 4, 0, 0, 9, 1, 8]
2609968:[4, 6, 0, 1, 7, 3, 0, 8, 4, 0]
2610743:[9, 1, 1, 3, 2, 1, 7, 8, 2, 6]
2611992:[6, 8, 2, 5, 4, 8, 5, 4, 0, 9]
2614159:[4, 0, 5, 0, 4, 4, 5, 0, 0, 7]
2614604:[0, 8, 7, 9, 8, 0, 3, 5, 8, 9]
261760:[7, 6, 9, 6, 3, 1, 3, 1, 6, 7]
2619720:[9, 2, 9, 3, 6, 9, 4, 8, 2, 5]
2620816:[2, 4, 3, 8, 3, 8, 5, 3, 9, 9]
2621376:[9, 0, 6, 9, 7, 3, 4, 6, 8, 3]
2622658:[1, 4, 0, 3, 0, 5, 9, 6, 6, 6]
2623797:[0, 2, 6, 4, 6, 0, 0, 9, 5, 1]
262532:[7, 4, 2, 4, 9, 6, 5, 8, 7, 9]
2628923:[1, 1, 0, 3, 2, 5, 1, 1, 1, 6]
2629354:[3, 4, 4, 2, 2, 5, 2, 6, 8, 0]
2631392:[5, 8, 2, 2, 9, 7, 8, 7, 1, 3]
2635729:[9, 4, 8, 0, 2, 6, 4, 8, 9, 7]
2635899:[0, 9, 8, 0, 4, 4, 5, 3, 9, 8]
2636087:[8, 3, 8, 6, 2, 2, 5, 8, 8, 4]
2636431:[5, 0, 0, 2, 7, 4, 2, 9, 2, 1]
2636952:[5, 4, 4, 9, 4, 0, 9, 0, 0, 9]
2637213:[6, 0, 9, 7, 3, 1, 5, 4, 5, 2]
2638834:[2, 8, 1, 5, 0, 7, 9, 2, 1, 5]
264021:[9, 6, 1, 7, 3, 7, 2, 9, 3, 5]
2640432:[5, 9, 5, 2, 6, 3, 1, 5, 3, 8]
2640713:[6, 1, 0, 0, 1, 5, 5, 5, 8, 2]
2640858:[5, 8, 8, 9, 9, 2, 7, 6, 5, 5]
2641365:[8, 6, 7, 4, 6, 4, 8, 5, 5, 5]
2641443:[4, 8, 4, 2, 2, 4, 6, 7, 0, 5]
2645174:[7, 4, 7, 5, 3, 4, 6, 3, 6, 8]
2650535:[8, 5, 8, 9, 1, 1, 2, 0, 1, 4]
2650546:[8, 8, 2, 5, 0, 8, 9, 2, 0, 4]
2651659:[6, 7, 9, 1, 0, 8, 5, 1, 1, 5]
2653478:[0, 3, 3, 4, 3, 9, 2, 4, 3, 4]
2654233:[9, 9, 6, 5, 6, 5, 2, 3, 4, 3]
2658105:[4, 2, 7, 2, 5, 0, 2, 6, 1, 3]
2658676:[8, 2, 7, 2, 3, 0, 6, 5, 9, 2]
2663633:[1, 0, 7, 7, 2, 4, 0, 1, 7, 6]
2668754:[6, 0, 9, 1, 3, 1, 3, 7, 1, 9]
266898:[9, 0, 9, 1, 4, 2, 7, 7, 2, 6]
2670785:[7, 6, 9, 8, 7, 6, 4, 0, 3, 5]
2670833:[2, 5, 8, 8, 2, 1, 2, 4, 1, 0]
2671771:[5, 2, 0, 3, 0, 2, 7, 9, 2, 9]
2673002:[6, 0, 2, 0, 9, 8, 3, 9, 7, 6]
2673983:[4, 3, 6, 8, 4, 4, 2, 7, 4, 9]
2678133:[5, 8, 1, 8, 3, 8, 7, 5, 5, 4]
2678526:[0, 9, 8, 8, 5, 5, 5, 9, 3, 8]
2679845:[6, 9, 6, 6, 7, 6, 4, 3, 3, 3]
2682785:[9, 4, 5, 0, 0, 5, 2, 4, 2, 2]
2683693:[4, 2, 2, 0, 6, 5, 0, 7, 8, 1]
2684029:[0, 6, 3, 8, 3, 7, 7, 1, 3, 7]
2684544:[8, 6, 7, 5, 9, 9, 7, 2, 6, 0]
2684595:[4, 9, 1, 7, 1, 4, 2, 5, 1, 1]
2685242:[0, 8, 0, 8, 8, 0, 0, 4, 1, 6]
2687065:[4, 8, 5, 7, 0, 9, 0, 2, 3, 8]
2687425:[4, 2, 9, 4, 5, 1, 2, 9, 0, 8]
2690927:[0, 6, 2, 8, 1, 5, 2, 8, 9, 5]
2691099:[5, 8, 4, 7, 8, 1, 7, 3, 6, 7]
2692050:[0, 0, 1, 7, 1, 9, 7, 7, 3, 9]
2695198:[5, 1, 2, 1, 7, 5, 0, 8, 0, 5]
2698912:[6, 2, 6, 0, 5, 8, 4, 0, 3, 7]
2699415:[7, 4, 0, 9, 5, 5, 8, 6, 8, 4]
2702421:[8, 8, 3, 0, 2, 0, 0, 3, 5, 0]
2704583:[9, 3, 0, 0, 1, 7, 7, 4, 9, 7]
2704673:[8, 6, 7, 5, 1, 4, 8, 5, 1, 4]
2705294:[0, 5, 8, 1, 2, 0, 7, 6, 3, 2]
2706434:[6, 7, 8, 2, 8, 2, 0, 8, 2, 7]
2707036:[2, 1, 6, 6, 8, 8, 6, 2, 5, 6]
270871:[0, 3, 2, 5, 8, 2, 2, 4, 9, 9]
2710687:[5, 5, 6, 1, 8, 3, 6, 3, 2, 0]
2713361:[8, 7, 1, 2, 9, 0, 9, 8, 0, 9]
271780:[5, 0, 9, 8, 2, 7, 8, 1, 5, 6]
2718843:[5, 6, 6, 8, 9, 2, 3, 5, 9, 7]
271918:[6, 9, 1, 9, 6, 1, 9, 9, 0, 1]
2721968:[3, 4, 2, 5, 3, 2, 2, 3, 5, 9]
2723619:[7, 0, 8, 9, 0, 3, 1, 9, 3, 9]
2725686:[3, 3, 0, 0, 9, 4, 2, 8, 3, 6]
2727405:[5, 8, 8, 7, 7, 9, 6, 6, 8, 1]
2727865:[4, 2, 5, 4, 4, 4, 5, 3, 0, 3]
2728864:[5, 9, 6, 2, 8, 4, 1, 9, 5, 1]
2729773:[5, 6, 6, 7, 3, 2, 4, 3, 6, 6]
2730396:[6, 3, 1, 8, 2, 3, 3, 0, 4, 2]
2732461:[3, 2, 7, 6, 7, 0, 4, 6, 8, 5]
2733772:[3, 5, 4, 9, 0, 5, 8, 0, 0, 7]
2735333:[1, 9, 6, 8, 9, 2, 0, 0, 6, 5]
2745813:[5, 4, 0, 9, 1, 3, 7, 0, 1, 5]
2746484:[2, 1, 9, 8, 3, 8, 5, 8, 3, 0]
274672:[0, 2, 4, 2, 2, 7, 6, 5, 3, 7]
2748560:[0, 4, 0, 6, 1, 0, 9, 0, 5, 5]
2749151:[2, 3, 2, 4, 9, 3, 4, 6, 3, 4]
2749801:[8, 7, 5, 4, 2, 6, 3, 4, 3, 6]
2750963:[4, 8, 1, 6, 9, 7, 8, 9, 6, 9]
2751312:[2, 2, 1, 2, 9, 2, 1, 4, 6, 5]
2752740:[8, 6, 3, 8, 9, 1, 0, 5, 1, 9]
2753030:[9, 3, 3, 1, 8, 5, 1, 3, 6, 0]
2753536:[4, 9, 0, 0, 0, 3, 0, 6, 2, 3]
2758483:[5, 0, 2, 3, 0, 2, 7, 9, 6, 8]
2764306:[9, 9, 6, 2, 4, 7, 2, 9, 3, 5]
2765765:[4, 0, 5, 5, 2, 0, 2, 5, 3, 0]
2770610:[5, 8, 9, 0, 3, 0, 7, 0, 3, 5]
2773101:[2, 4, 6, 1, 2, 8, 5, 9, 1, 3]
2777524:[1, 6, 5, 4, 9, 1, 5, 8, 2, 4]
2777784:[8, 8, 3, 3, 2, 3, 5, 9, 0, 8]
2778151:[9, 3, 0, 8, 1, 2, 2, 0, 1, 3]
2778299:[6, 2, 1, 4, 5, 7, 1, 9, 9, 5]
2778456:[4, 8, 6, 8, 9, 9, 7, 7, 5, 5]
277889:[1, 4, 3, 4, 8, 7, 2, 1, 7, 3]
2782637:[2, 3, 3, 6, 9, 8, 2, 1, 0, 6]
2784211:[3, 0, 4, 3, 1, 5, 0, 9, 1, 9]
2785377:[1, 5, 4, 7, 3, 6, 5, 7, 7, 2]
2789985:[8, 4, 9, 8, 1, 3, 6, 5, 0, 6]
2790129:[3, 9, 7, 5, 6, 8, 2, 6, 9, 0]
2790512:[1, 2, 3, 1, 0, 0, 1, 9, 0, 7]
279063:[0, 1, 6, 2, 1, 4, 8, 1, 0, 4]
2791624:[1, 0, 2, 6, 4, 2, 5, 8, 2, 0]
2791716:[5, 9, 1, 6, 8, 9, 9, 6, 0, 3]
2792235:[8, 1, 6, 0, 7, 2, 7, 8, 4, 5]
2792321:[5, 3, 8, 2, 7, 6, 4, 6, 9, 5]
2792355:[6, 9, 8, 3, 1, 4, 0, 4, 2, 2]
2796973:[0, 6, 4, 6, 2, 6, 2, 8, 3, 2]
2799030:[8, 3, 6, 4, 0, 8, 8, 8, 0, 4]
2799144:[3, 3, 3, 2, 7, 7, 8, 1, 6, 6]
2799227:[9, 6, 1, 1, 9, 8, 3, 4, 4, 0]
2799369:[6, 6, 3, 2, 6, 6, 7, 0, 9, 6]
2800058:[5, 4, 5, 6, 1, 4, 3, 8, 1, 6]
2802105:[2, 5, 6, 5, 8, 5, 2, 0, 5, 2]
2807619:[2, 5, 3, 3, 3, 8, 7, 8, 6, 5]
2808838:[4, 0, 7, 5, 1, 1, 1, 6, 8, 7]
2812384:[3, 8, 4, 4, 9, 8, 1, 8, 7, 4]
2813580:[5, 6, 4, 6, 5, 6, 7, 9, 6, 6]
281464:[4, 4, 7, 0, 5, 6, 6, 0, 9, 5]
2815600:[0, 7, 5, 3, 5, 0, 6, 2, 2, 9]
2817198:[4, 3, 8, 4, 9, 7, 9, 6, 6, 8]
2818257:[9, 3, 0, 9, 4, 6, 4, 8, 0, 2]
2822339:[9, 1, 5, 9, 1, 7, 2, 1, 3, 5]
2824087:[7, 9, 1, 8, 8, 3, 5, 3, 6, 7]
2827518:[8, 3, 6, 5, 3, 5, 9, 2, 2, 5]
2827812:[8, 7, 7, 4, 2, 2, 9, 7, 3, 7]
2835641:[6, 7, 5, 4, 0, 1, 7, 0, 5, 1]
2836258:[1, 2, 9, 2, 1, 9, 5, 9, 6, 8]
2836554:[7, 6, 9, 5, 2, 4, 3, 8, 2, 1]
2836570:[3, 6, 7, 6, 9, 6, 5, 5, 2, 1]
2846675:[6, 7, 0, 1, 3, 1, 5, 5, 4, 4]
2846820:[3, 4, 0, 9, 0, 8, 4, 1, 5, 0]
2850581:[8, 2, 8, 2, 4, 7, 3, 8, 1, 2]
2851511:[1, 5, 2, 6, 3, 9, 3, 4, 6, 0]
2852653:[5, 5, 1, 3, 6, 2, 2, 6, 2, 0]
285356:[8, 0, 0, 3, 0, 9, 9, 4, 3, 2]
2854111:[4, 4, 2, 5, 8, 2, 7, 6, 6, 4]
2855418:[9, 0, 3, 3, 2, 6, 7, 1, 5, 4]
2855658:[1, 0, 7, 2, 5, 9, 4, 4, 5, 0]
2855848:[9, 9, 6, 4, 4, 6, 0, 7, 5, 1]
2857542:[5, 7, 6, 6, 9, 1, 9, 6, 1, 9]
2859325:[0, 8, 1, 9, 3, 3, 0, 0, 5, 4]
2860182:[7, 1, 5, 8, 1, 4, 1, 0, 7, 0]
2860467:[1, 0, 8, 2, 4, 1, 9, 5, 4, 4]
2861986:[4, 2, 2, 7, 7, 1, 7, 4, 5, 0]
2862392:[1, 6, 3, 1, 2, 0, 4, 2, 4, 5]
2863735:[8, 2, 8, 8, 1, 9, 3, 9, 0, 9]
2864961:[8, 5, 6, 0, 3, 5, 2, 9, 3, 0]
2865374:[3, 3, 7, 3, 9, 7, 9, 8, 6, 1]
2868611:[1, 3, 2, 4, 1, 7, 9, 9, 5, 3]
2870075:[5, 1, 0, 3, 2, 0, 5, 2, 4, 4]
2870541:[5, 2, 0, 8, 6, 8, 0, 1, 8, 7]
2871013:[0, 3, 8, 5, 7, 5, 6, 4, 2, 5]
2871343:[3, 9, 2, 5, 2, 3, 7, 5, 8, 5]
2871371:[9, 8, 0, 1, 6, 0, 9, 1, 8, 4]
2874339:[3, 5, 0, 1, 7, 6, 3, 9, 5, 4]
2875312:[6, 0, 3, 1, 3, 6, 2, 8, 0, 9]
2877991:[5, 9, 4, 8, 5, 3, 9, 6, 1, 5]
2880798:[4, 2, 8, 0, 8, 7, 6, 0, 1, 5]
2881062:[1, 9, 4, 7, 7, 7, 2, 8, 4, 4]
2882356:[2, 2, 3, 0, 8, 8, 3, 8, 5, 5]
2883186:[1, 0, 8, 7, 4, 3, 3, 5, 3, 9]
288594:[3, 4, 0, 8, 7, 8, 7, 2, 8, 5]
2887083:[8, 7, 7, 6, 2, 3, 6, 4, 8, 2]
2889570:[6, 5, 4, 5, 1, 3, 8, 1, 8, 0]
2894008:[1, 4, 1, 0, 6, 0, 9, 1, 6, 8]
2894861:[8, 5, 7, 2, 0, 5, 5, 8, 9, 4]
2897085:[8, 2, 7, 2, 2, 1, 9, 5, 0, 8]
2899319:[0, 1, 9, 3, 4, 3, 2, 6, 2, 4]
289959:[8, 1, 7, 6, 6, 2, 8, 5, 1, 8]
290288:[3, 2, 7, 7, 7, 4, 0, 3, 8, 1]
2903105:[6, 7, 2, 9, 4, 3, 6, 4, 6, 0]
2904979:[9, 4, 0, 1, 1, 4, 3, 0, 0, 0]
2905299:[2, 8, 4, 6, 1, 0, 2, 8, 8, 0]
2908256:[6, 5, 7, 4, 5, 7, 6, 5, 3, 4]
290869:[4, 9, 5, 9, 2, 9, 9, 5, 5, 2]
2911163:[0, 6, 4, 8, 2, 7, 7, 1, 5, 5]
2912970:[0, 5, 6, 2, 4, 0, 1, 1, 4, 8]
2916805:[9, 0, 8, 9, 6, 7, 6, 2, 7, 3]
2917538:[9, 2, 0, 5, 3, 9, 2, 6, 9, 1]
2917597:[9, 6, 1, 4, 2, 5, 2, 6, 4, 2]
2917784:[0, 0, 6, 2, 0, 1, 2, 0, 0, 4]
2918797:[1, 7, 0, 5, 3, 9, 7, 0, 6, 2]
292005:[3, 7, 6, 6, 5, 5, 3, 9, 3, 8]
2923854:[8, 8, 2, 0, 1, 0, 4, 7, 4, 6]
292417:[9, 5, 6, 1, 4, 6, 7, 6, 5, 2]
2924506:[4, 4, 0, 7, 1, 1, 6, 7, 7, 0]
2932794:[1, 3, 2, 6, 0, 6, 4, 2, 3, 7]
2936488:[6, 3, 5, 9, 2, 3, 5, 8, 4, 0]
2937419:[3, 7, 6, 9, 4, 4, 2, 2, 2, 8]
2939775:[6, 9, 7, 2, 8, 9, 4, 4, 0, 9]
2944668:[2, 5, 4, 2, 2, 9, 4, 3, 3, 0]
2946777:[4, 5, 8, 5, 5, 6, 8, 8, 2, 0]
2947995:[1, 7, 5, 5, 2, 6, 2, 7, 3, 0]
2949921:[1, 7, 9, 5, 2, 3, 9, 0, 1, 3]
2950017:[9, 2, 0, 2, 0, 8, 1, 0, 6, 9]
2950285:[8, 1, 4, 4, 7, 3, 3, 2, 9, 1]
2951501:[9, 4, 9, 8, 6, 7, 1, 6, 1, 7]
2956351:[1, 4, 1, 1, 7, 4, 2, 5, 5, 3]
2956696:[6, 3, 3, 0, 2, 7, 1, 9, 5, 7]
2956953:[2, 9, 3, 3, 7, 8, 0, 5, 6, 4]
2958586:[5, 7, 8, 1, 8, 0, 2, 9, 2, 1]
2959649:[2, 7, 6, 5, 7, 4, 7, 5, 4, 2]
2959717:[5, 6, 8, 7, 8, 6, 8, 8, 2, 8]
2960474:[5, 4, 8, 5, 8, 8, 2, 5, 4, 0]
2963111:[2, 5, 7, 5, 0, 4, 8, 3, 7, 3]
2963505:[8, 0, 1, 0, 3, 5, 6, 9, 9, 4]
296414:[7, 8, 4, 1, 0, 7, 8, 8, 1, 1]
2964732:[7, 7, 6, 3, 5, 7, 2, 2, 2, 0]
296754:[7, 5, 7, 2, 0, 7, 6, 0, 5, 6]
2968529:[5, 5, 7, 5, 2, 9, 9, 2, 9, 9]
296870:[1, 5, 9, 9, 7, 5, 9, 1, 1, 9]
2971789:[1, 4, 3, 8, 6, 5, 7, 9, 4, 5]
2972285:[0, 6, 6, 8, 6, 3, 7, 9, 8, 5]
2973532:[2, 3, 8, 1, 3, 1, 8, 3, 2, 8]
2977210:[3, 5, 7, 5, 3, 4, 1, 4, 6, 3]
298221:[1, 5, 6, 9, 6, 1, 2, 2, 6, 9]
2982490:[0, 1, 6, 3, 9, 2, 4, 1, 9, 5]
2985157:[4, 6, 1, 8, 2, 7, 2, 3, 4, 4]
2991455:[9, 9, 1, 4, 8, 3, 3, 7, 7, 1]
2994050:[7, 1, 0, 0, 1, 3, 4, 0, 1, 3]
299509:[9, 2, 6, 7, 4, 4, 1, 3, 0, 7]
2996515:[1, 8, 0, 8, 7, 8, 8, 7, 1, 6]
2996541:[0, 6, 7, 4, 8, 6, 0, 8, 9, 5]
2998817:[9, 5, 9, 5, 5, 3, 5, 7, 2, 8]
3002606:[1, 1, 6, 4, 5, 8, 0, 8, 9, 6]
3007915:[5, 3, 6, 3, 4, 2, 1, 7, 4, 0]
3011302:[3, 9, 1, 8, 3, 6, 5, 6, 9, 9]
3017323:[5, 7, 7, 3, 4, 5, 5, 4, 4, 1]
301763:[8, 2, 8, 9, 2, 4, 4, 3, 4, 9]
3018548:[0, 4, 1, 9, 5, 9, 7, 5, 0, 5]
3018790:[6, 2, 6, 2, 5, 3, 3, 5, 8, 7]
3018870:[4, 5, 7, 9, 3, 8, 3, 7, 1, 9]
3020:[5, 7, 7, 6, 6, 3, 2, 6, 9, 7]
3022181:[3, 7, 3, 9, 6, 7, 1, 4, 6, 3]
3022298:[7, 5, 7, 9, 2, 8, 2, 3, 1, 0]
3022600:[6, 5, 8, 3, 4, 0, 1, 6, 6, 8]
3022781:[1, 7, 4, 5, 1, 9, 2, 5, 7, 4]
3028638:[8, 8, 0, 8, 9, 0, 8, 0, 7, 4]
3030756:[6, 3, 6, 0, 9, 9, 0, 0, 8, 8]
303272:[1, 6, 5, 6, 5, 5, 5, 7, 0, 1]
3032800:[4, 3, 3, 7, 0, 3, 7, 6, 3, 9]
3035697:[6, 9, 1, 6, 0, 0, 7, 0, 9, 6]
3036152:[5, 4, 1, 9, 3, 9, 8, 1, 5, 5]
3036630:[0, 7, 5, 0, 3, 6, 2, 5, 1, 4]
3037255:[7, 3, 3, 3, 7, 2, 9, 1, 3, 7]
3039428:[7, 2, 5, 0, 9, 8, 5, 5, 3, 5]
3039683:[6, 4, 6, 6, 8, 9, 2, 6, 5, 5]
3040730:[9, 4, 9, 7, 8, 4, 1, 7, 0, 3]
3042557:[1, 8, 0, 9, 7, 2, 8, 4, 6, 8]
3045113:[6, 6, 9, 0, 3, 7, 0, 9, 0, 3]
3045451:[2, 7, 5, 5, 5, 7, 6, 3, 5, 7]
3049901:[8, 3, 7, 7, 0, 2, 3, 2, 0, 3]
3055576:[3, 1, 6, 7, 3, 6, 3, 8, 8, 2]
30573:[9, 4, 6, 8, 7, 4, 9, 2, 2, 0]
3063411:[4, 4, 6, 5, 8, 1, 9, 0, 1, 7]
3067344:[1, 3, 5, 1, 9, 7, 2, 0, 3, 9]
3069341:[6, 7, 9, 5, 3, 1, 5, 4, 3, 8]
3070893:[4, 8, 0, 8, 5, 0, 6, 1, 0, 7]
3076363:[7, 5, 7, 9, 4, 5, 2, 2, 7, 9]
3077969:[0, 0, 0, 5, 3, 9, 6, 0, 8, 5]
3079794:[9, 7, 1, 6, 1, 2, 1, 0, 8, 2]
3080646:[4, 4, 5, 5, 8, 9, 1, 6, 5, 9]
3081581:[5, 1, 1, 2, 6, 6, 1, 2, 7, 3]
3081788:[5, 8, 5, 6, 1, 5, 3, 9, 1, 2]
3081814:[3, 3, 7, 4, 4, 2, 8, 4, 1, 3]
3088561:[8, 8, 2, 1, 0, 8, 7, 0, 0, 7]
3089118:[9, 1, 5, 6, 3, 4, 2, 7, 3, 4]
30898:[0, 9, 9, 3, 7, 3, 0, 3, 8, 8]
3093903:[2, 9, 0, 4, 1, 8, 3, 8, 6, 6]
3095526:[8, 6, 0, 3, 6, 2, 1, 8, 9, 2]
3096243:[6, 6, 3, 1, 5, 4, 3, 5, 9, 2]
3097567:[6, 9, 1, 2, 8, 9, 1, 3, 2, 1]
309769:[6, 6, 3, 1, 7, 1, 2, 9, 7, 3]
3100234:[1, 7, 2, 5, 6, 1, 1, 5, 3, 9]
310096:[3, 6, 9, 4, 6, 6, 7, 9, 1, 3]
3104902:[5, 0, 2, 3, 3, 2, 4, 4, 9, 4]
3106440:[8, 0, 1, 9, 2, 8, 1, 7, 4, 5]
3108305:[0, 1, 2, 4, 5, 3, 0, 8, 5, 3]
3112504:[5, 9, 0, 5, 1, 9, 4, 0, 7, 3]
3116487:[9, 8, 7, 3, 0, 8, 4, 1, 4, 9]
3118125:[5, 4, 9, 5, 8, 8, 6, 1, 1, 6]
3118731:[3, 6, 4, 3, 2, 3, 1, 3, 0, 6]
3121470:[4, 1, 0, 7, 6, 1, 6, 4, 2, 6]
3123304:[5, 4, 0, 0, 5, 4, 0, 0, 5, 3]
3123472:[8, 4, 9, 9, 9, 2, 8, 6, 5, 3]
312475:[6, 3, 5, 7, 4, 5, 5, 1, 6, 1]
3128370:[6, 3, 6, 0, 2, 8, 8, 2, 8, 7]
3129257:[4, 3, 2, 5, 9, 9, 1, 6, 7, 9]
3133096:[0, 8, 1, 4, 3, 3, 1, 5, 3, 8]
3136479:[2, 5, 4, 3, 2, 0, 4, 0, 7, 4]
3141421:[0, 3, 3, 0, 1, 6, 0, 5, 1, 6]
314334:[2, 7, 1, 3, 0, 8, 7, 5, 0, 2]
3146095:[8, 7, 6, 2, 1, 5, 2, 0, 0, 7]
3147475:[0, 6, 5, 5, 2, 7, 1, 2, 6, 6]
3148210:[7, 6, 5, 5, 7, 2, 9, 0, 3, 3]
3148557:[2, 4, 0, 6, 8, 8, 7, 6, 1, 5]
3149097:[6, 8, 6, 9, 9, 5, 2, 6, 7, 5]
314981:[1, 6, 3, 0, 0, 4, 9, 6, 3, 7]
3151693:[5, 3, 5, 4, 2, 6, 8, 0, 7, 4]
315376:[5, 7, 6, 6, 0, 0, 9, 7, 0, 1]
3156625:[5, 5, 0, 4, 4, 1, 9, 7, 9, 2]
3159652:[8, 4, 1, 9, 2, 4, 4, 5, 9, 9]
3160784:[0, 9, 6, 8, 4, 5, 2, 9, 3, 5]
3162641:[5, 5, 6, 3, 1, 3, 3, 1, 9, 6]
3163029:[5, 4, 8, 0, 3, 9, 4, 8, 3, 0]
3163088:[6, 5, 9, 5, 0, 6, 0, 6, 1, 7]
3168325:[0, 8, 1, 1, 8, 9, 0, 4, 0, 4]
3169327:[4, 3, 9, 9, 4, 4, 6, 6, 1, 4]
3169489:[9, 3, 4, 3, 1, 9, 7, 8, 4, 0]
3171947:[4, 7, 9, 1, 3, 7, 5, 5, 3, 4]
3173218:[0, 2, 4, 1, 3, 1, 2, 0, 1, 1]
3175721:[4, 3, 9, 5, 2, 7, 6, 5, 5, 1]
3176113:[5, 4, 0, 5, 8, 5, 0, 6, 3, 9]
3179766:[3, 2, 5, 9, 1, 4, 3, 8, 2, 8]
3180303:[5, 0, 3, 2, 2, 5, 4, 0, 0, 7]
3181254:[9, 9, 8, 3, 1, 9, 5, 9, 3, 6]
3183894:[9, 2, 7, 3, 7, 3, 0, 0, 4, 3]
3184804:[5, 5, 7, 7, 7, 3, 1, 4, 9, 1]
3185790:[3, 7, 3, 2, 6, 2, 5, 6, 6, 6]
318701:[8, 7, 7, 4, 2, 2, 9, 7, 3, 7]
3192635:[1, 8, 6, 7, 1, 4, 5, 3, 1, 7]
319411:[5, 3, 2, 0, 4, 0, 3, 3, 4, 9]
3194315:[5, 2, 1, 8, 8, 3, 7, 7, 7, 9]
3194891:[5, 0, 1, 7, 4, 2, 0, 0, 6, 2]
3195785:[5, 5, 6, 4, 2, 1, 1, 8, 9, 2]
3196191:[3, 2, 9, 4, 0, 9, 1, 8, 8, 1]
3197660:[2, 7, 6, 7, 6, 7, 5, 3, 6, 5]
3202317:[0, 9, 8, 8, 2, 8, 3, 0, 5, 5]
3204728:[0, 0, 7, 4, 9, 4, 3, 5, 4, 6]
3205015:[4, 8, 3, 4, 4, 5, 2, 6, 1, 6]
320514:[6, 0, 6, 3, 5, 7, 1, 9, 0, 2]
3206332:[3, 3, 9, 7, 6, 9, 5, 3, 6, 8]
320729:[1, 6, 8, 3, 3, 6, 0, 5, 4, 8]
3207558:[4, 2, 6, 1, 8, 6, 2, 5, 0, 2]
3208039:[0, 5, 6, 5, 4, 8, 9, 7, 4, 6]
3210792:[4, 3, 2, 0, 5, 8, 1, 5, 4, 7]
3212708:[2, 6, 7, 4, 9, 5, 3, 7, 7, 4]
3217914:[3, 2, 4, 8, 9, 5, 2, 9, 8, 3]
3220690:[5, 7, 8, 4, 3, 5, 9, 1, 8, 9]
3225762:[1, 6, 7, 2, 1, 4, 5, 4, 2, 7]
3228449:[9, 2, 1, 5, 8, 8, 1, 7, 3, 9]
3228934:[3, 8, 0, 1, 5, 6, 1, 2, 3, 8]
3233096:[0, 7, 5, 2, 1, 9, 9, 9, 2, 3]
3233255:[4, 5, 0, 8, 6, 7, 0, 7, 9, 0]
323596:[1, 7, 6, 5, 9, 0, 0, 1, 1, 8]
323727:[8, 4, 7, 2, 4, 7, 4, 1, 2, 4]
3238396:[9, 9, 6, 5, 7, 6, 0, 3, 1, 4]
3238554:[8, 1, 6, 4, 2, 8, 9, 9, 9, 3]
323884:[0, 3, 3, 8, 4, 3, 6, 6, 0, 2]
3239695:[3, 8, 0, 5, 3, 0, 8, 7, 3, 8]
3240070:[2, 9, 5, 4, 5, 3, 9, 2, 9, 4]
3240194:[5, 1, 2, 7, 0, 5, 0, 6, 0, 5]
3240605:[7, 9, 9, 9, 7, 3, 3, 9, 2, 7]
3241399:[3, 3, 1, 7, 0, 7, 3, 1, 8, 6]
324170:[1, 0, 1, 3, 7, 2, 2, 0, 4, 1]
3242173:[4, 0, 1, 6, 9, 3, 2, 8, 5, 4]
3242587:[0, 9, 6, 8, 4, 6, 0, 4, 5, 5]
3245232:[6, 0, 8, 4, 2, 2, 0, 7, 5, 5]
3246150:[4, 4, 1, 1, 2, 2, 7, 8, 3, 1]
3247292:[7, 2, 9, 3, 9, 8, 3, 7, 1, 6]
3248048:[4, 7, 2, 2, 2, 4, 1, 1, 0, 2]
3248:[7, 4, 6, 7, 6, 2, 9, 7, 3, 3]
3249990:[8, 5, 1, 1, 2, 8, 9, 4, 0, 3]
3250089:[6, 7, 6, 9, 0, 0, 2, 0, 5, 0]
3250833:[0, 6, 5, 8, 6, 9, 0, 0, 2, 3]
3257169:[7, 0, 2, 4, 8, 5, 5, 5, 5, 6]
3258630:[3, 2, 4, 6, 3, 6, 7, 3, 6, 9]
3260173:[4, 5, 3, 5, 2, 7, 8, 8, 3, 2]
32609:[8, 8, 5, 2, 5, 2, 8, 4, 5, 2]
3263051:[9, 8, 1, 1, 1, 7, 2, 4, 5, 5]
3263962:[2, 2, 7, 2, 0, 9, 7, 6, 5, 1]
3267325:[1, 1, 4, 8, 1, 9, 2, 2, 2, 5]
326908:[6, 3, 6, 3, 1, 9, 3, 7, 4, 3]
330191:[4, 8, 6, 6, 9, 0, 2, 4, 2, 2]
333496:[5, 4, 9, 9, 8, 5, 8, 7, 3, 5]
334853:[5, 5, 6, 5, 2, 2, 9, 2, 3, 4]
335272:[9, 5, 7, 7, 9, 3, 7, 6, 8, 5]
336111:[3, 8, 8, 9, 3, 8, 4, 0, 1, 0]
338571:[0, 0, 6, 7, 0, 9, 8, 8, 0, 2]
341274:[3, 7, 7, 7, 1, 7, 7, 2, 1, 2]
346142:[1, 6, 5, 1, 5, 7, 1, 6, 6, 6]
346510:[8, 6, 3, 4, 3, 2, 9, 9, 3, 7]
346622:[0, 1, 3, 0, 2, 6, 0, 5, 1, 0]
34768:[1, 6, 5, 8, 9, 9, 2, 9, 4, 4]
348292:[9, 9, 0, 1, 0, 1, 7, 7, 6, 7]
34991:[8, 5, 2, 2, 6, 6, 9, 3, 7, 0]
353831:[9, 6, 5, 3, 3, 9, 1, 5, 3, 6]
354750:[9, 9, 4, 7, 5, 9, 9, 4, 9, 3]
354764:[5, 7, 0, 8, 8, 2, 7, 0, 2, 8]
355461:[1, 3, 6, 5, 2, 6, 1, 0, 8, 4]
355540:[8, 8, 1, 7, 5, 6, 5, 3, 0, 3]
361150:[1, 5, 2, 3, 5, 8, 4, 0, 1, 5]
361602:[7, 5, 2, 5, 8, 3, 2, 0, 6, 9]
36550:[7, 9, 1, 5, 2, 7, 5, 9, 1, 4]
369226:[6, 2, 1, 4, 0, 0, 6, 6, 9, 6]
370635:[5, 4, 6, 2, 5, 8, 9, 9, 9, 9]
370953:[9, 4, 3, 3, 9, 1, 7, 9, 1, 2]
371142:[8, 2, 0, 7, 3, 2, 1, 0, 5, 7]
372454:[3, 0, 3, 2, 5, 2, 7, 4, 5, 3]
376148:[5, 4, 1, 9, 8, 8, 3, 7, 3, 5]
379338:[7, 0, 8, 6, 1, 2, 6, 7, 1, 7]
381628:[2, 1, 0, 0, 3, 4, 8, 6, 9, 9]
386236:[6, 8, 5, 8, 6, 9, 6, 0, 5, 5]
387480:[0, 4, 6, 9, 0, 0, 2, 7, 9, 5]
387786:[4, 0, 3, 0, 8, 4, 0, 4, 8, 0]
388501:[5, 4, 8, 9, 8, 8, 2, 7, 0, 5]
39378:[8, 1, 6, 6, 0, 5, 2, 7, 5, 5]
39436:[7, 7, 6, 5, 8, 4, 0, 3, 9, 6]
396046:[8, 8, 0, 3, 6, 5, 5, 7, 3, 4]
398209:[9, 9, 7, 8, 5, 4, 1, 9, 1, 1]
399439:[0, 0, 5, 5, 8, 0, 5, 4, 5, 5]
402813:[7, 4, 3, 6, 3, 7, 7, 3, 8, 2]
405394:[2, 9, 0, 6, 3, 8, 4, 9, 7, 6]
406555:[5, 0, 7, 7, 0, 5, 5, 4, 8, 2]
409076:[3, 9, 5, 2, 9, 8, 6, 2, 6, 3]
410611:[5, 4, 1, 5, 8, 8, 8, 4, 1, 6]
412856:[9, 5, 6, 3, 8, 7, 3, 8, 3, 7]
419751:[1, 7, 3, 6, 7, 0, 0, 9, 2, 4]
421603:[8, 6, 7, 4, 5, 8, 1, 8, 5, 1]
422998:[8, 2, 4, 3, 6, 5, 0, 7, 1, 2]
423251:[4, 7, 9, 5, 7, 6, 4, 6, 4, 1]
429133:[3, 8, 5, 0, 9, 2, 5, 8, 7, 1]
431095:[8, 9, 0, 5, 6, 0, 4, 6, 8, 5]
431117:[8, 3, 2, 2, 6, 3, 9, 1, 5, 4]
431424:[9, 4, 5, 0, 4, 2, 7, 8, 6, 8]
433148:[7, 9, 2, 9, 1, 2, 3, 6, 1, 4]
437172:[7, 9, 3, 9, 9, 7, 9, 8, 0, 6]
439190:[6, 1, 5, 4, 0, 4, 9, 0, 5, 5]
440944:[6, 0, 3, 9, 8, 9, 3, 5, 9, 0]
441258:[9, 1, 2, 8, 3, 2, 1, 7, 4, 4]
443492:[1, 8, 6, 0, 3, 9, 2, 6, 3, 4]
444387:[1, 5, 3, 4, 1, 7, 3, 1, 3, 0]
446496:[2, 4, 0, 9, 5, 4, 1, 4, 3, 7]
447061:[5, 0, 0, 0, 5, 4, 0, 1, 5, 2]
448808:[2, 8, 9, 0, 2, 5, 7, 9, 2, 2]
44893:[8, 2, 4, 3, 7, 9, 3, 6, 5, 8]
451508:[5, 4, 5, 8, 3, 5, 1, 2, 3, 5]
451839:[1, 1, 1, 2, 1, 5, 5, 3, 3, 5]
454370:[3, 4, 3, 7, 4, 9, 1, 0, 1, 1]
461443:[2, 2, 2, 8, 4, 9, 7, 5, 7, 3]
462560:[2, 6, 0, 5, 8, 4, 3, 5, 9, 6]
46420:[0, 1, 5, 1, 4, 5, 7, 4, 7, 5]
464265:[8, 8, 1, 2, 8, 0, 6, 7, 5, 7]
464334:[6, 6, 1, 7, 5, 3, 6, 6, 9, 4]
464740:[8, 6, 1, 9, 8, 2, 2, 9, 1, 4]
468295:[8, 5, 8, 4, 7, 1, 7, 4, 1, 6]
469318:[7, 5, 4, 0, 4, 9, 9, 9, 3, 5]
471919:[4, 0, 6, 6, 9, 2, 7, 5, 2, 0]
473515:[4, 0, 7, 0, 6, 7, 7, 6, 5, 9]
474330:[3, 8, 8, 7, 6, 0, 5, 3, 9, 6]
475003:[4, 8, 9, 0, 3, 7, 1, 4, 3, 8]
475838:[1, 7, 3, 5, 1, 3, 8, 4, 1, 5]
476002:[2, 5, 7, 2, 5, 2, 2, 0, 4, 7]
476136:[8, 6, 3, 4, 3, 2, 9, 9, 3, 7]
47955:[6, 6, 6, 5, 8, 6, 0, 3, 3, 3]
481362:[5, 0, 8, 8, 1, 7, 0, 0, 8, 2]
482984:[3, 7, 5, 4, 9, 1, 6, 6, 5, 6]
483409:[0, 5, 0, 6, 8, 4, 2, 8, 3, 7]
48509:[6, 2, 6, 0, 8, 0, 3, 8, 9, 7]
487673:[2, 0, 6, 5, 8, 7, 9, 8, 9, 7]
488208:[3, 4, 1, 7, 0, 8, 3, 8, 7, 3]
490054:[0, 9, 6, 8, 4, 5, 3, 9, 9, 5]
490214:[3, 3, 8, 7, 5, 2, 5, 5, 2, 6]
490822:[9, 9, 5, 4, 7, 4, 8, 8, 2, 9]
491145:[4, 7, 0, 1, 4, 8, 8, 2, 9, 2]
491953:[3, 7, 8, 0, 2, 5, 9, 3, 5, 0]
492929:[9, 6, 0, 5, 4, 9, 0, 7, 8, 5]
494026:[7, 4, 5, 7, 2, 2, 7, 0, 5, 4]
495230:[7, 5, 1, 8, 9, 1, 3, 1, 9, 6]
496923:[8, 0, 4, 7, 1, 4, 8, 7, 9, 8]
497415:[6, 2, 7, 8, 6, 4, 0, 7, 9, 0]
498122:[3, 4, 4, 5, 8, 2, 4, 8, 1, 7]
498632:[8, 5, 9, 9, 8, 1, 0, 8, 1, 5]
50255:[3, 8, 3, 8, 9, 6, 2, 5, 6, 1]
504432:[7, 3, 2, 6, 4, 6, 4, 6, 4, 8]
50618:[1, 2, 2, 1, 6, 5, 4, 5, 2, 2]
50842:[5, 1, 5, 3, 9, 9, 6, 8, 2, 0]
511435:[1, 4, 1, 0, 6, 0, 9, 1, 6, 8]
51212:[5, 3, 4, 3, 0, 0, 7, 0, 5, 0]
512642:[8, 3, 4, 7, 0, 4, 0, 0, 9, 1]
512727:[8, 9, 7, 8, 5, 5, 6, 5, 3, 5]
515403:[0, 8, 8, 9, 1, 0, 4, 6, 2, 7]
521898:[1, 8, 3, 9, 9, 2, 2, 0, 2, 5]
523610:[7, 9, 5, 4, 2, 6, 1, 1, 8, 5]
528844:[0, 9, 4, 4, 1, 5, 6, 9, 3, 5]
529741:[1, 9, 2, 6, 0, 4, 7, 2, 1, 8]
530887:[8, 4, 3, 6, 0, 4, 4, 5, 7, 3]
531577:[8, 2, 4, 3, 2, 4, 4, 8, 6, 0]
533127:[5, 5, 3, 0, 0, 6, 9, 8, 1, 1]
533275:[1, 4, 9, 2, 3, 0, 1, 7, 0, 4]
534623:[0, 8, 1, 0, 3, 7, 3, 4, 3, 4]
535516:[7, 8, 7, 4, 4, 4, 4, 4, 4, 5]
535730:[5, 3, 5, 5, 3, 2, 2, 8, 0, 3]
537900:[8, 0, 4, 3, 5, 5, 9, 8, 5, 4]
538940:[7, 2, 2, 9, 3, 1, 9, 0, 2, 4]
540013:[2, 0, 2, 1, 7, 9, 3, 1, 4, 2]
540695:[6, 4, 8, 1, 2, 4, 8, 1, 1, 9]
54190:[6, 4, 0, 1, 7, 0, 1, 8, 9, 0]
545830:[3, 3, 7, 7, 7, 6, 5, 3, 2, 2]
547258:[3, 5, 5, 2, 0, 5, 4, 1, 2, 7]
549290:[7, 6, 6, 7, 5, 9, 1, 6, 6, 1]
549691:[6, 7, 7, 7, 4, 5, 6, 0, 5, 5]
551130:[4, 4, 3, 2, 8, 8, 2, 7, 4, 2]
554903:[6, 0, 5, 4, 6, 3, 0, 0, 2, 0]
557079:[9, 7, 9, 9, 8, 8, 2, 5, 3, 6]
557141:[7, 3, 5, 0, 9, 6, 8, 0, 7, 3]
558747:[4, 7, 4, 5, 4, 3, 7, 8, 4, 3]
560936:[6, 3, 5, 8, 1, 3, 1, 8, 6, 6]
563469:[7, 8, 8, 6, 6, 1, 2, 1, 5, 4]
564627:[1, 6, 8, 7, 6, 0, 2, 8, 9, 3]
565699:[9, 3, 3, 2, 1, 1, 6, 8, 0, 9]
568064:[1, 1, 6, 0, 7, 3, 4, 3, 4, 3]
568921:[6, 7, 0, 7, 5, 0, 7, 1, 4, 7]
56934:[6, 3, 0, 8, 5, 6, 7, 1, 8, 3]
571937:[7, 6, 9, 4, 9, 0, 0, 2, 0, 0]
573063:[8, 0, 8, 3, 6, 5, 0, 7, 5, 9]
575953:[0, 8, 7, 9, 3, 7, 3, 8, 4, 6]
576087:[0, 3, 7, 2, 8, 6, 7, 2, 0, 3]
576664:[4, 0, 6, 1, 0, 2, 0, 5, 6, 8]
577314:[6, 5, 6, 2, 9, 5, 1, 4, 1, 0]
579169:[2, 5, 8, 8, 1, 5, 7, 0, 1, 4]
580010:[1, 8, 8, 1, 8, 0, 6, 4, 9, 1]
580151:[4, 2, 2, 2, 4, 0, 1, 2, 1, 4]
581803:[3, 4, 0, 3, 5, 6, 1, 2, 7, 3]
584959:[3, 3, 6, 9, 7, 5, 5, 0, 2, 4]
585852:[6, 3, 3, 2, 1, 9, 1, 0, 6, 5]
587218:[2, 5, 3, 4, 3, 2, 8, 0, 1, 4]
587539:[9, 6, 0, 5, 6, 0, 4, 3, 5, 0]
589736:[0, 9, 1, 4, 5, 9, 2, 4, 9, 4]
590235:[1, 5, 2, 1, 3, 3, 4, 7, 7, 0]
59032:[8, 6, 4, 6, 9, 3, 5, 0, 5, 1]
59049:[6, 0, 8, 3, 0, 5, 8, 6, 9, 3]
590855:[2, 7, 9, 9, 0, 1, 2, 6, 2, 4]
594052:[9, 3, 2, 3, 4, 2, 0, 6, 7, 2]
59562:[6, 8, 4, 4, 7, 6, 6, 1, 3, 8]
597378:[8, 9, 3, 2, 0, 3, 7, 0, 2, 0]
598086:[0, 8, 9, 6, 2, 6, 7, 2, 9, 4]
60031:[6, 4, 2, 0, 5, 1, 2, 7, 8, 4]
602073:[7, 2, 5, 5, 6, 9, 8, 0, 9, 5]
60253:[9, 5, 4, 9, 9, 8, 3, 4, 1, 5]
607291:[5, 3, 1, 3, 3, 3, 8, 4, 7, 0]
608058:[2, 9, 0, 7, 4, 6, 2, 6, 7, 3]
609571:[3, 1, 0, 6, 6, 3, 1, 7, 3, 7]
617364:[1, 5, 9, 5, 7, 3, 2, 9, 5, 0]
624010:[3, 8, 4, 5, 7, 6, 5, 0, 9, 5]
624409:[0, 9, 3, 4, 9, 5, 6, 9, 8, 5]
625670:[2, 6, 8, 0, 4, 5, 7, 0, 0, 7]
626944:[3, 7, 2, 3, 0, 0, 1, 3, 5, 9]
628673:[8, 8, 1, 3, 6, 1, 8, 0, 2, 7]
628756:[5, 2, 8, 8, 4, 2, 4, 8, 4, 8]
629547:[3, 9, 8, 5, 2, 8, 7, 7, 2, 7]
630700:[9, 6, 5, 5, 8, 8, 7, 7, 3, 9]
632639:[2, 9, 9, 8, 1, 0, 9, 3, 8, 8]
633133:[8, 6, 6, 5, 4, 9, 4, 9, 1, 9]
63351:[2, 7, 2, 4, 1, 0, 3, 6, 9, 8]
636535:[1, 9, 6, 5, 7, 5, 8, 9, 9, 7]
636866:[1, 4, 5, 7, 7, 6, 6, 7, 4, 4]
637586:[0, 5, 3, 2, 2, 5, 2, 5, 2, 4]
642023:[3, 4, 1, 2, 1, 1, 3, 5, 1, 2]
642807:[1, 6, 6, 0, 7, 7, 1, 6, 4, 5]
643281:[6, 2, 0, 4, 7, 0, 2, 4, 0, 1]
644935:[5, 8, 0, 1, 3, 5, 9, 6, 8, 1]
646439:[5, 2, 5, 0, 0, 4, 5, 5, 3, 6]
646812:[1, 7, 2, 6, 5, 3, 5, 4, 2, 0]
647142:[4, 5, 6, 4, 4, 9, 0, 2, 5, 4]
649105:[2, 6, 0, 2, 5, 2, 5, 6, 3, 5]
65143:[8, 6, 7, 2, 0, 1, 3, 0, 8, 1]
65791:[0, 9, 6, 8, 5, 5, 2, 9, 4, 5]
65900:[6, 2, 6, 8, 1, 7, 3, 1, 5, 9]
659660:[6, 7, 7, 8, 2, 2, 7, 9, 1, 8]
660143:[2, 7, 0, 0, 0, 4, 2, 0, 5, 4]
663590:[6, 6, 0, 2, 4, 4, 1, 4, 3, 8]
664491:[2, 1, 4, 2, 1, 2, 5, 6, 9, 2]
668784:[2, 9, 2, 7, 2, 5, 6, 5, 1, 5]
668867:[8, 7, 3, 4, 4, 2, 9, 5, 1, 7]
671724:[1, 3, 9, 8, 5, 2, 6, 4, 9, 9]
673064:[0, 6, 7, 3, 8, 6, 1, 4, 3, 8]
673303:[9, 2, 3, 6, 2, 4, 1, 2, 8, 6]
675074:[0, 9, 3, 4, 9, 6, 0, 0, 5, 5]
684927:[4, 6, 0, 1, 6, 7, 1, 8, 6, 9]
685160:[0, 7, 4, 1, 1, 5, 9, 0, 0, 9]
687503:[6, 4, 5, 2, 3, 6, 1, 3, 6, 6]
690477:[7, 7, 2, 8, 8, 9, 6, 7, 7, 1]
691144:[6, 4, 4, 3, 6, 4, 7, 2, 5, 6]
692014:[1, 5, 4, 0, 8, 4, 2, 3, 5, 6]
692708:[5, 5, 5, 4, 7, 9, 1, 9, 0, 8]
693369:[8, 5, 6, 6, 5, 2, 5, 3, 8, 7]
693611:[5, 3, 1, 6, 1, 4, 8, 6, 7, 6]
694666:[8, 5, 3, 2, 5, 3, 6, 1, 0, 0]
697298:[5, 6, 3, 5, 3, 8, 3, 5, 0, 0]
697569:[3, 3, 7, 5, 7, 4, 1, 9, 4, 7]
69798:[2, 6, 8, 2, 7, 6, 0, 6, 9, 0]
699772:[7, 1, 0, 3, 3, 2, 4, 6, 8, 8]
70236:[3, 5, 1, 7, 2, 9, 3, 9, 9, 7]
703247:[3, 6, 6, 1, 9, 9, 3, 2, 0, 1]
704639:[0, 0, 3, 4, 9, 5, 5, 9, 3, 5]
706169:[0, 5, 7, 0, 9, 8, 4, 3, 3, 0]
707162:[4, 5, 2, 5, 2, 4, 6, 5, 4, 1]
70862:[8, 6, 2, 5, 3, 0, 8, 9, 8, 9]
709059:[0, 1, 3, 7, 2, 9, 4, 6, 3, 5]
709800:[9, 7, 3, 1, 1, 2, 5, 6, 8, 2]
711278:[2, 2, 4, 2, 8, 5, 1, 0, 8, 6]
71334:[2, 9, 2, 0, 3, 3, 5, 8, 7, 8]
717575:[5, 5, 5, 7, 5, 9, 2, 2, 0, 9]
718296:[2, 5, 8, 7, 9, 3, 9, 7, 2, 3]
719879:[9, 5, 9, 6, 4, 2, 7, 8, 2, 6]
720649:[6, 5, 5, 4, 2, 4, 4, 6, 2, 8]
721359:[9, 3, 4, 4, 2, 3, 7, 2, 1, 5]
721749:[5, 0, 9, 8, 0, 9, 0, 4, 6, 4]
724081:[2, 1, 7, 4, 7, 8, 9, 9, 5, 4]
729059:[6, 8, 9, 2, 0, 5, 4, 0, 2, 6]
729615:[1, 0, 1, 9, 9, 5, 3, 5, 9, 6]
733383:[5, 4, 3, 2, 4, 0, 8, 8, 9, 3]
73339:[0, 4, 0, 4, 0, 5, 2, 9, 4, 8]
73345:[0, 7, 0, 2, 2, 1, 7, 7, 9, 5]
735391:[7, 4, 9, 3, 2, 7, 2, 5, 6, 8]
738559:[6, 1, 2, 4, 5, 5, 6, 0, 3, 6]
738827:[0, 6, 3, 4, 2, 2, 6, 9, 3, 7]
739335:[5, 8, 3, 7, 3, 9, 2, 4, 9, 8]
739886:[8, 5, 5, 9, 2, 7, 7, 8, 2, 0]
745594:[9, 9, 4, 1, 2, 4, 4, 5, 3, 6]
746629:[4, 9, 7, 7, 0, 9, 1, 2, 1, 8]
746787:[1, 8, 7, 0, 1, 0, 6, 1, 1, 3]
747374:[1, 4, 5, 8, 0, 4, 1, 9, 6, 0]
7500:[9, 1, 0, 1, 7, 3, 5, 9, 3, 2]
750429:[8, 1, 9, 2, 5, 6, 0, 0, 8, 5]
750747:[8, 1, 5, 3, 9, 0, 9, 2, 5, 4]
755319:[1, 5, 8, 6, 4, 0, 8, 6, 7, 7]
755685:[1, 7, 0, 8, 9, 4, 1, 8, 7, 8]
757701:[2, 5, 9, 3, 0, 7, 7, 8, 0, 7]
758536:[3, 0, 4, 3, 0, 4, 2, 5, 7, 9]
760625:[1, 7, 7, 4, 1, 8, 4, 0, 7, 3]
760817:[8, 2, 7, 1, 6, 8, 7, 4, 7, 3]
762823:[4, 9, 7, 0, 6, 1, 7, 1, 5, 5]
764846:[9, 8, 7, 8, 7, 2, 7, 2, 4, 6]
766945:[0, 7, 0, 1, 4, 2, 8, 0, 1, 6]
768073:[5, 6, 7, 1, 2, 2, 4, 7, 1, 6]
76871:[9, 2, 9, 5, 1, 1, 4, 4, 5, 7]
771144:[0, 4, 3, 7, 5, 5, 2, 9, 4, 8]
771580:[6, 8, 3, 9, 9, 5, 8, 4, 9, 8]
77389:[0, 0, 6, 2, 7, 3, 0, 1, 9, 1]
77436:[1, 1, 5, 5, 3, 4, 0, 9, 6, 9]
774508:[9, 4, 9, 5, 8, 0, 7, 4, 5, 9]
775364:[4, 2, 8, 6, 6, 9, 3, 7, 4, 2]
779327:[9, 2, 7, 1, 4, 5, 0, 4, 8, 6]
78147:[0, 1, 3, 7, 8, 0, 8, 9, 4, 3]
78318:[4, 2, 9, 8, 6, 6, 5, 9, 4, 2]
787381:[1, 5, 1, 0, 5, 5, 2, 5, 3, 0]
788626:[5, 5, 5, 8, 9, 4, 9, 7, 3, 9]
788709:[9, 2, 4, 3, 2, 4, 7, 0, 8, 7]
788834:[4, 1, 8, 2, 0, 8, 5, 2, 5, 0]
793796:[0, 6, 7, 4, 1, 9, 7, 8, 0, 3]
79408:[1, 2, 1, 4, 9, 1, 5, 0, 8, 1]
798242:[8, 3, 5, 9, 9, 3, 0, 9, 9, 7]
798328:[1, 2, 7, 1, 8, 6, 0, 5, 2, 1]
802535:[3, 2, 8, 1, 3, 4, 4, 9, 9, 9]
803557:[2, 4, 5, 4, 8, 7, 8, 2, 7, 0]
807697:[2, 7, 7, 2, 6, 8, 2, 8, 5, 4]
807815:[0, 0, 3, 9, 1, 6, 2, 1, 1, 1]
809412:[3, 1, 9, 1, 7, 3, 6, 7, 8, 4]
814752:[8, 5, 5, 2, 1, 4, 2, 5, 4, 8]
817839:[9, 2, 8, 8, 6, 9, 3, 7, 1, 2]
82038:[9, 8, 3, 7, 1, 1, 8, 6, 8, 8]
820958:[8, 9, 5, 3, 1, 0, 0, 6, 8, 7]
822605:[4, 4, 8, 8, 6, 5, 1, 2, 6, 1]
825601:[1, 8, 6, 1, 8, 1, 2, 1, 6, 4]
827962:[3, 3, 7, 5, 7, 4, 1, 9, 4, 7]
83094:[7, 3, 0, 8, 7, 0, 8, 3, 4, 8]
831788:[8, 6, 3, 4, 3, 2, 9, 9, 3, 7]
832769:[4, 7, 4, 0, 3, 2, 2, 3, 5, 7]
833157:[6, 5, 5, 1, 3, 1, 5, 8, 2, 8]
833281:[3, 0, 9, 5, 5, 0, 5, 8, 6, 7]
834665:[9, 6, 3, 4, 1, 5, 2, 9, 7, 8]
837838:[3, 5, 2, 9, 9, 8, 9, 4, 4, 6]
838430:[2, 1, 6, 0, 4, 6, 3, 6, 7, 7]
839864:[1, 2, 1, 9, 5, 5, 1, 6, 2, 5]
840102:[3, 7, 3, 9, 1, 9, 1, 9, 5, 4]
851592:[2, 8, 2, 4, 3, 6, 2, 6, 9, 8]
851904:[2, 6, 6, 4, 2, 6, 4, 6, 3, 8]
855854:[8, 5, 7, 2, 1, 7, 0, 5, 6, 3]
858797:[1, 5, 0, 6, 3, 6, 7, 1, 0, 7]
859299:[9, 6, 5, 2, 7, 8, 0, 4, 1, 5]
861203:[9, 5, 2, 5, 0, 9, 9, 5, 1, 8]
864614:[6, 1, 3, 0, 1, 0, 0, 4, 1, 9]
866308:[0, 1, 0, 4, 1, 4, 3, 5, 7, 6]
869482:[1, 7, 1, 7, 2, 4, 8, 5, 5, 5]
874050:[1, 6, 1, 0, 7, 9, 3, 8, 9, 2]
874745:[2, 3, 6, 0, 4, 2, 8, 5, 4, 4]
875465:[0, 9, 8, 8, 2, 2, 6, 3, 1, 5]
875808:[8, 7, 7, 5, 4, 5, 2, 6, 0, 3]
876846:[6, 2, 5, 3, 1, 5, 1, 9, 1, 3]
877189:[5, 7, 5, 3, 9, 3, 0, 1, 6, 3]
879047:[3, 1, 9, 4, 7, 6, 8, 5, 2, 0]
880937:[6, 4, 7, 5, 0, 0, 1, 8, 4, 0]
881373:[7, 7, 6, 8, 1, 7, 1, 5, 0, 6]
881623:[8, 3, 2, 0, 0, 8, 0, 6, 7, 9]
886170:[0, 2, 1, 8, 8, 0, 5, 6, 1, 0]
88823:[5, 9, 5, 4, 0, 5, 7, 8, 1, 9]
889715:[2, 3, 2, 6, 5, 9, 5, 0, 7, 0]
891741:[8, 2, 9, 1, 8, 8, 5, 2, 1, 1]
892565:[9, 9, 7, 8, 9, 7, 2, 8, 2, 9]
894879:[9, 7, 4, 4, 0, 5, 5, 0, 3, 5]
895072:[6, 3, 4, 6, 2, 4, 4, 8, 1, 2]
895369:[0, 9, 6, 1, 6, 1, 0, 1, 2, 2]
897312:[8, 7, 6, 4, 5, 6, 1, 9, 0, 5]
899760:[3, 5, 3, 9, 3, 6, 0, 8, 1, 7]
901576:[1, 0, 2, 7, 3, 0, 8, 4, 6, 7]
901732:[1, 5, 0, 7, 3, 0, 3, 9, 9, 5]
902498:[5, 5, 9, 1, 2, 0, 0, 7, 5, 7]
905576:[6, 6, 5, 5, 2, 4, 0, 2, 3, 8]
90688:[1, 6, 6, 5, 7, 4, 7, 2, 9, 1]
907386:[8, 5, 7, 9, 0, 4, 8, 3, 1, 8]
907999:[3, 1, 9, 2, 6, 3, 0, 5, 2, 8]
909314:[7, 3, 3, 1, 9, 0, 4, 8, 7, 3]
910129:[3, 1, 6, 0, 2, 2, 9, 1, 2, 3]
910663:[3, 4, 9, 1, 1, 2, 3, 0, 9, 1]
915177:[5, 5, 8, 6, 0, 2, 2, 2, 9, 5]
915396:[0, 0, 9, 6, 4, 4, 9, 3, 4, 7]
916477:[7, 0, 1, 0, 9, 8, 1, 2, 4, 2]
91726:[7, 8, 3, 6, 8, 6, 9, 2, 2, 6]
92005:[5, 3, 1, 5, 0, 4, 3, 7, 1, 2]
92048:[8, 8, 1, 9, 7, 2, 2, 4, 8, 2]
921047:[4, 6, 9, 5, 9, 9, 1, 5, 1, 1]
922159:[8, 8, 1, 6, 8, 7, 2, 4, 5, 7]
923453:[0, 6, 7, 5, 0, 2, 2, 1, 6, 4]
923519:[4, 9, 8, 0, 6, 4, 9, 9, 3, 3]
923935:[1, 4, 9, 0, 3, 9, 3, 8, 5, 1]
926288:[3, 6, 0, 5, 4, 8, 3, 1, 3, 2]
929948:[1, 4, 9, 2, 1, 2, 0, 3, 7, 9]
931327:[8, 7, 1, 5, 9, 9, 3, 8, 3, 3]
934666:[5, 8, 6, 2, 3, 8, 7, 9, 9, 9]
937420:[0, 8, 4, 2, 4, 5, 5, 7, 7, 1]
938906:[8, 2, 8, 8, 9, 0, 5, 6, 3, 0]
939067:[0, 0, 6, 5, 2, 6, 9, 9, 4, 9]
94020:[0, 7, 0, 5, 3, 5, 1, 3, 7, 3]
9410:[7, 3, 1, 4, 7, 8, 1, 7, 3, 5]
943827:[9, 0, 3, 5, 9, 2, 0, 9, 8, 4]
946313:[0, 2, 5, 7, 1, 8, 0, 7, 7, 1]
951560:[0, 1, 4, 1, 6, 7, 3, 8, 1, 0]
958068:[8, 2, 2, 9, 1, 0, 2, 6, 3, 8]
958946:[1, 4, 3, 8, 6, 4, 0, 8, 7, 1]
960684:[1, 1, 2, 8, 2, 7, 8, 0, 3, 2]
96127:[5, 8, 0, 0, 4, 0, 7, 5, 3, 3]
961562:[1, 5, 3, 1, 2, 1, 3, 2, 6, 1]
964553:[0, 9, 8, 4, 3, 7, 3, 4, 6, 0]
96906:[9, 8, 9, 3, 0, 9, 7, 9, 5, 9]
969758:[8, 3, 4, 4, 9, 2, 7, 5, 7, 8]
970873:[2, 7, 6, 5, 0, 5, 9, 5, 3, 3]
972174:[7, 4, 1, 7, 0, 5, 5, 0, 5, 1]
972614:[0, 8, 1, 0, 3, 7, 3, 4, 3, 4]
974918:[0, 8, 0, 0, 6, 9, 5, 3, 3, 4]
975473:[2, 3, 6, 8, 7, 8, 0, 9, 9, 2]
97552:[1, 7, 7, 8, 3, 5, 6, 0, 9, 7]
976309:[9, 2, 3, 7, 7, 9, 9, 2, 2, 5]
980552:[9, 5, 0, 5, 2, 9, 8, 5, 2, 0]
982598:[1, 8, 7, 7, 5, 8, 9, 0, 5, 8]
984264:[9, 4, 3, 5, 0, 1, 0, 0, 5, 1]
984806:[9, 0, 9, 3, 3, 7, 8, 6, 7, 4]
985472:[6, 8, 9, 0, 4, 4, 1, 4, 2, 6]
985479:[5, 1, 5, 0, 9, 5, 4, 7, 7, 9]
985800:[1, 8, 9, 4, 5, 3, 8, 2, 2, 3]
986646:[9, 1, 7, 9, 9, 2, 8, 7, 0, 2]
987151:[1, 7, 5, 5, 4, 9, 3, 0, 4, 1]
991338:[7, 9, 7, 9, 3, 7, 1, 0, 3, 6]
995265:[8, 1, 7, 8, 5, 3, 0, 4, 4, 9]
996724:[8, 7, 6, 6, 7, 1, 8, 8, 8, 6]
997973:[7, 7, 2, 0, 8, 8, 8, 6, 9, 1]
998331:[8, 0, 1, 2, 9, 0, 1, 6, 8, 9]
