1392956:[9, 7, 8, 6, 6, 6, 1, 6, 9, 7]
1450015:[5, 5, 2, 5, 8, 2, 8, 9, 8, 5]
1454672:[0, 4, 1, 9, 4, 6, 6, 1, 9, 4]
1624821:[4, 3, 1, 8, 1, 6, 6, 2, 0, 3]
1768432:[5, 5, 8, 8, 8, 5, 2, 0, 5, 5]
1990750:[8, 2, 5, 9, 5, 5, 0, 7, 6, 7]
2043351:[2, 4, 0, 3, 0, 4, 0, 4, 4, 7]
2077765:[7, 1, 6, 4, 2, 2, 4, 8, 7, 6]
20867:[9, 0, 0, 1, 6, 0, 2, 5, 6, 7]
2100211:[2, 3, 1, 3, 2, 3, 8, 4, 7, 1]
2321012:[0, 2, 5, 3, 5, 4, 2, 8, 3, 4]
2328244:[7, 0, 5, 0, 2, 1, 7, 5, 8, 5]
2381921:[5, 8, 8, 9, 3, 1, 3, 2, 7, 0]
2403497:[0, 0, 5, 3, 9, 8, 6, 4, 8, 8]
2529229:[2, 5, 4, 8, 2, 0, 3, 3, 0, 0]
2546565:[8, 3, 0, 4, 3, 8, 4, 8, 7, 0]
2628042:[4, 8, 2, 7, 7, 5, 6, 9, 1, 0]
2844917:[0, 8, 6, 5, 8, 5, 5, 9, 8, 9]
2907472:[3, 9, 9, 5, 1, 0, 0, 6, 9, 4]
3160662:[8, 7, 1, 4, 4, 8, 1, 0, 6, 4]
350412:[2, 6, 9, 3, 3, 5, 7, 7, 1, 5]
355400:[4, 1, 5, 9, 3, 7, 8, 5, 8, 5]
664398:[6, 8, 7, 2, 5, 8, 8, 8, 9, 8]
936453:[6, 6, 6, 9, 9, 1, 9, 9, 0, 2]
