1202183:[3, 3, 5, 1, 6, 0, 5, 7, 6, 2]
1300281:[1, 1, 2, 1, 4, 3, 8, 1, 4, 4]
1373702:[7, 7, 7, 5, 3, 2, 1, 5, 0, 7]
1490569:[2, 5, 8, 9, 4, 7, 8, 1, 5, 7]
160895:[9, 8, 2, 7, 7, 2, 6, 8, 4, 4]
1751490:[7, 0, 9, 6, 7, 4, 5, 2, 8, 4]
2003276:[8, 3, 3, 7, 0, 0, 2, 6, 9, 2]
2193036:[0, 6, 8, 7, 1, 4, 8, 9, 2, 4]
2365494:[5, 9, 2, 0, 8, 4, 5, 5, 9, 3]
2407236:[1, 5, 8, 6, 2, 8, 0, 6, 6, 5]
2552728:[3, 1, 2, 2, 9, 7, 3, 1, 9, 9]
285852:[4, 8, 9, 2, 3, 4, 7, 6, 3, 1]
2961294:[8, 4, 5, 8, 3, 4, 0, 4, 2, 2]
406440:[6, 3, 1, 4, 3, 3, 1, 3, 8, 9]
670441:[1, 2, 1, 1, 2, 9, 1, 7, 4, 3]
812667:[8, 7, 6, 7, 6, 6, 2, 2, 3, 9]
860327:[5, 7, 3, 9, 2, 8, 8, 7, 1, 4]
885872:[6, 6, 8, 8, 5, 2, 9, 7, 3, 1]
944046:[8, 2, 5, 7, 6, 0, 4, 5, 8, 2]
