1100423:[5, 5, 0, 7, 9, 6, 3, 8, 2, 2]
1131678:[9, 1, 8, 7, 5, 7, 4, 8, 9, 2]
1226776:[2, 1, 5, 8, 3, 6, 9, 2, 1, 5]
1243463:[1, 9, 8, 8, 0, 9, 9, 5, 9, 8]
1266301:[9, 4, 9, 7, 4, 8, 4, 5, 6, 9]
1303822:[0, 8, 1, 2, 1, 1, 4, 1, 7, 5]
1421656:[5, 2, 3, 9, 8, 4, 6, 2, 8, 3]
1539447:[3, 1, 9, 7, 3, 8, 6, 5, 6, 3]
1562095:[2, 4, 4, 5, 0, 5, 9, 5, 2, 7]
1627216:[5, 5, 5, 7, 9, 3, 6, 3, 4, 8]
1632404:[2, 7, 7, 7, 1, 5, 5, 0, 0, 3]
1695674:[0, 4, 9, 5, 1, 6, 4, 9, 2, 4]
1812723:[4, 5, 1, 6, 6, 0, 4, 1, 9, 6]
1817832:[1, 4, 4, 1, 8, 3, 8, 1, 1, 4]
190374:[7, 3, 1, 2, 9, 0, 0, 2, 7, 6]
2144227:[2, 7, 9, 5, 7, 2, 0, 3, 7, 9]
2301330:[8, 6, 9, 6, 1, 7, 7, 7, 8, 3]
2377083:[0, 9, 6, 0, 1, 9, 7, 4, 0, 9]
2636217:[3, 2, 8, 1, 4, 2, 0, 6, 0, 2]
2676951:[4, 5, 9, 7, 7, 2, 3, 0, 7, 3]
2705338:[3, 1, 3, 9, 9, 2, 1, 2, 7, 5]
27210:[1, 9, 1, 8, 3, 2, 2, 0, 7, 1]
2731624:[8, 3, 2, 9, 8, 1, 0, 0, 7, 3]
2850068:[2, 2, 8, 4, 7, 1, 4, 0, 3, 5]
2855023:[9, 4, 5, 5, 1, 0, 3, 6, 0, 9]
2911873:[0, 8, 4, 8, 8, 3, 3, 0, 8, 2]
2954527:[3, 9, 8, 6, 0, 5, 5, 5, 9, 6]
2970297:[9, 8, 2, 4, 9, 7, 6, 5, 5, 1]
2974667:[8, 6, 9, 6, 1, 7, 7, 7, 5, 3]
3005689:[1, 1, 8, 2, 4, 3, 8, 2, 4, 9]
305867:[3, 4, 2, 2, 4, 2, 8, 5, 9, 9]
3081828:[6, 9, 2, 2, 0, 1, 3, 7, 5, 9]
3114427:[1, 8, 7, 9, 1, 1, 4, 9, 2, 3]
3169864:[0, 2, 6, 7, 7, 8, 1, 7, 3, 3]
3171472:[0, 0, 7, 2, 7, 6, 5, 1, 8, 8]
317367:[2, 2, 2, 2, 7, 7, 0, 8, 1, 4]
337512:[1, 7, 7, 5, 7, 1, 2, 0, 4, 4]
360867:[4, 5, 9, 6, 0, 4, 8, 3, 5, 9]
397203:[0, 6, 2, 7, 4, 1, 8, 3, 6, 5]
414557:[0, 0, 4, 4, 1, 7, 7, 2, 8, 3]
603010:[3, 1, 6, 4, 6, 6, 8, 4, 8, 7]
604760:[5, 8, 0, 7, 8, 5, 3, 0, 8, 4]
630025:[7, 5, 3, 4, 7, 2, 7, 8, 2, 1]
652243:[3, 8, 9, 7, 6, 2, 6, 8, 1, 0]
663807:[8, 8, 0, 6, 4, 9, 2, 4, 5, 7]
68758:[6, 9, 3, 2, 8, 8, 1, 2, 5, 3]
769833:[4, 2, 9, 2, 2, 3, 9, 9, 3, 7]
783692:[2, 5, 9, 2, 1, 8, 7, 0, 2, 5]
848453:[3, 5, 7, 0, 7, 7, 9, 4, 6, 1]
86095:[3, 5, 1, 1, 9, 5, 5, 2, 4, 5]
8729:[4, 4, 9, 1, 3, 7, 4, 7, 0, 6]
877714:[3, 4, 8, 1, 2, 0, 7, 5, 5, 2]
924434:[4, 7, 3, 8, 2, 5, 9, 7, 6, 0]
96183:[3, 0, 0, 1, 4, 4, 0, 5, 2, 0]
