1003494:[3, 0, 2, 7, 9, 8, 0, 2, 8, 9]
1019940:[4, 0, 6, 5, 9, 7, 4, 9, 9, 3]
102654:[0, 1, 8, 4, 4, 7, 3, 2, 9, 0]
1040402:[1, 1, 3, 6, 9, 9, 2, 5, 4, 0]
1041912:[9, 9, 1, 5, 5, 2, 0, 4, 4, 9]
1047659:[8, 2, 2, 3, 3, 3, 5, 7, 5, 6]
1050774:[1, 9, 9, 1, 5, 8, 4, 6, 7, 0]
1074154:[5, 0, 5, 3, 1, 4, 3, 0, 5, 0]
1089718:[7, 5, 1, 1, 1, 4, 6, 2, 4, 8]
1094737:[9, 9, 4, 9, 6, 5, 2, 0, 6, 8]
1150601:[2, 2, 3, 8, 4, 4, 2, 5, 3, 8]
1165404:[5, 6, 4, 8, 7, 0, 7, 7, 4, 1]
1166389:[0, 2, 9, 3, 4, 8, 3, 3, 2, 5]
1171381:[7, 1, 6, 8, 2, 0, 2, 8, 0, 1]
1191116:[5, 3, 5, 7, 7, 0, 0, 0, 9, 5]
1220966:[4, 3, 6, 5, 7, 5, 7, 3, 0, 3]
1240856:[5, 8, 2, 6, 7, 5, 5, 3, 0, 5]
1254352:[1, 1, 2, 5, 3, 0, 5, 3, 2, 2]
1260152:[0, 0, 3, 0, 7, 4, 0, 3, 0, 1]
1262978:[8, 9, 6, 7, 4, 1, 4, 2, 9, 9]
1276544:[1, 2, 6, 2, 7, 3, 9, 7, 6, 0]
1277354:[4, 6, 8, 0, 6, 7, 0, 1, 8, 0]
1284047:[5, 3, 5, 6, 8, 1, 2, 9, 0, 3]
1309767:[3, 1, 7, 5, 8, 9, 9, 1, 2, 7]
1312843:[6, 5, 5, 6, 6, 4, 2, 9, 8, 1]
1312889:[0, 3, 3, 7, 0, 5, 1, 9, 0, 7]
1334351:[1, 4, 2, 6, 0, 6, 8, 8, 6, 6]
1336986:[5, 2, 5, 3, 6, 6, 2, 3, 5, 6]
1365618:[6, 0, 4, 6, 3, 6, 7, 6, 9, 0]
1390558:[4, 1, 7, 6, 0, 6, 6, 5, 7, 4]
1391029:[1, 2, 2, 5, 0, 4, 3, 6, 5, 9]
1400472:[7, 2, 5, 5, 9, 3, 0, 6, 4, 4]
1409516:[2, 7, 5, 8, 6, 0, 1, 3, 2, 5]
1462648:[9, 4, 6, 8, 7, 5, 3, 4, 1, 9]
1495577:[5, 4, 8, 3, 5, 2, 7, 3, 8, 8]
1511001:[1, 7, 7, 0, 9, 6, 2, 6, 0, 3]
1521038:[0, 0, 6, 8, 6, 5, 4, 9, 7, 1]
1523527:[7, 6, 8, 6, 9, 7, 2, 6, 4, 4]
1529684:[5, 0, 3, 8, 6, 4, 2, 8, 5, 2]
1531599:[9, 1, 3, 3, 2, 2, 4, 2, 8, 1]
1533696:[4, 7, 5, 9, 1, 5, 3, 7, 4, 4]
1538372:[5, 0, 1, 7, 4, 9, 7, 8, 8, 5]
1557784:[3, 1, 5, 9, 9, 0, 0, 2, 1, 9]
1558757:[5, 1, 5, 7, 1, 8, 0, 6, 5, 0]
1558893:[0, 4, 9, 1, 0, 7, 4, 7, 0, 2]
1568014:[4, 4, 0, 5, 9, 8, 7, 4, 8, 9]
1598531:[5, 3, 0, 1, 5, 2, 9, 6, 0, 1]
1609714:[6, 0, 9, 5, 0, 0, 9, 3, 8, 4]
1623528:[0, 0, 5, 6, 4, 6, 9, 1, 4, 5]
165605:[2, 9, 7, 5, 0, 9, 1, 4, 9, 6]
1656808:[1, 1, 9, 1, 6, 2, 9, 3, 7, 0]
1683495:[6, 1, 0, 5, 0, 8, 7, 6, 6, 9]
1696261:[9, 8, 6, 9, 9, 5, 7, 3, 4, 0]
1705552:[5, 1, 1, 1, 6, 5, 4, 3, 7, 1]
1707428:[5, 4, 3, 3, 6, 7, 4, 2, 2, 7]
1712078:[8, 7, 0, 8, 7, 7, 9, 4, 8, 9]
1720473:[8, 2, 6, 0, 1, 1, 5, 5, 9, 8]
1736155:[1, 9, 1, 1, 2, 2, 5, 4, 0, 7]
1736211:[6, 6, 6, 8, 9, 3, 9, 5, 3, 1]
1737647:[6, 3, 1, 1, 8, 8, 6, 8, 5, 5]
1743402:[9, 3, 6, 4, 8, 5, 5, 8, 4, 3]
1749979:[4, 8, 1, 8, 5, 4, 0, 7, 5, 0]
1768646:[0, 3, 4, 7, 1, 5, 4, 0, 6, 3]
1772687:[4, 4, 7, 2, 1, 9, 3, 5, 0, 5]
177588:[4, 9, 2, 1, 9, 5, 3, 8, 2, 7]
1775971:[8, 0, 1, 5, 6, 9, 4, 1, 5, 8]
1776922:[1, 4, 0, 3, 3, 0, 7, 0, 2, 8]
1796409:[1, 0, 9, 3, 1, 9, 8, 9, 0, 3]
1796649:[3, 5, 0, 2, 7, 8, 2, 4, 0, 2]
1798623:[1, 3, 5, 3, 3, 8, 9, 4, 9, 9]
1815221:[9, 9, 4, 8, 8, 1, 1, 4, 8, 2]
1825442:[1, 4, 2, 1, 3, 5, 4, 7, 4, 9]
183497:[2, 9, 9, 8, 6, 4, 3, 9, 6, 3]
1853856:[1, 1, 5, 3, 9, 0, 7, 3, 5, 8]
1870776:[4, 4, 8, 7, 2, 6, 1, 1, 3, 0]
1913943:[2, 2, 9, 2, 1, 0, 3, 1, 0, 9]
1929928:[9, 6, 1, 2, 9, 3, 7, 0, 4, 7]
1967573:[9, 8, 4, 7, 5, 9, 8, 8, 5, 5]
1971175:[5, 6, 7, 0, 2, 8, 9, 5, 3, 6]
1981116:[5, 9, 2, 8, 9, 9, 5, 2, 7, 6]
1981186:[6, 9, 4, 3, 1, 0, 9, 1, 2, 7]
1994492:[3, 0, 7, 1, 4, 4, 0, 5, 8, 2]
2007998:[4, 7, 2, 3, 0, 0, 2, 2, 7, 5]
2017422:[0, 2, 8, 0, 7, 0, 5, 1, 1, 5]
2019958:[3, 3, 0, 1, 4, 5, 8, 9, 4, 0]
203192:[7, 2, 8, 0, 0, 4, 5, 3, 0, 1]
2038603:[9, 8, 6, 1, 4, 2, 5, 4, 8, 4]
2047589:[3, 5, 2, 8, 6, 9, 5, 6, 2, 9]
2048244:[6, 7, 7, 5, 9, 1, 7, 0, 2, 7]
2055563:[0, 8, 2, 5, 3, 7, 3, 2, 4, 0]
2062700:[6, 9, 2, 3, 1, 2, 5, 9, 1, 2]
2079135:[8, 7, 0, 9, 4, 7, 6, 1, 7, 4]
2088198:[7, 7, 3, 0, 4, 4, 8, 3, 9, 2]
2089977:[5, 4, 7, 9, 6, 6, 4, 6, 4, 8]
2101919:[6, 7, 1, 1, 9, 2, 9, 6, 1, 6]
2102056:[9, 2, 5, 7, 3, 2, 2, 4, 5, 0]
210208:[5, 0, 6, 8, 2, 8, 4, 1, 7, 1]
2104248:[9, 6, 7, 8, 1, 0, 6, 6, 6, 1]
2128003:[6, 3, 3, 8, 7, 5, 2, 3, 0, 3]
2131908:[4, 5, 1, 1, 4, 2, 8, 1, 0, 6]
2135970:[4, 1, 7, 9, 9, 2, 0, 2, 9, 0]
2138795:[6, 4, 4, 3, 2, 9, 3, 9, 3, 6]
2145455:[2, 5, 8, 2, 0, 2, 3, 9, 4, 9]
2188362:[8, 7, 8, 9, 7, 7, 2, 8, 7, 8]
2194574:[9, 9, 1, 5, 4, 5, 9, 9, 7, 6]
2207169:[5, 6, 5, 7, 7, 8, 0, 9, 6, 5]
2210887:[9, 4, 8, 3, 0, 3, 2, 7, 9, 4]
2249364:[1, 0, 6, 2, 8, 9, 5, 6, 6, 7]
2253275:[5, 6, 0, 5, 1, 5, 4, 8, 0, 4]
2266530:[3, 3, 0, 6, 6, 5, 1, 4, 9, 2]
2280292:[0, 3, 9, 6, 8, 3, 4, 3, 0, 4]
2294485:[5, 6, 6, 5, 3, 9, 1, 5, 5, 7]
2299689:[9, 7, 9, 0, 5, 3, 5, 9, 3, 4]
2300256:[5, 4, 5, 5, 6, 5, 9, 3, 6, 5]
2307745:[7, 4, 6, 9, 1, 5, 3, 4, 3, 0]
2324215:[0, 2, 9, 3, 1, 1, 3, 1, 4, 3]
2331012:[7, 6, 4, 8, 7, 4, 0, 4, 1, 7]
2337957:[3, 0, 7, 8, 2, 2, 6, 9, 0, 3]
2350005:[2, 1, 7, 2, 5, 3, 7, 5, 4, 9]
2364157:[1, 7, 8, 1, 0, 3, 3, 0, 4, 5]
2373903:[8, 8, 8, 0, 8, 2, 1, 2, 8, 1]
2383143:[4, 1, 7, 5, 6, 2, 2, 0, 8, 3]
2385991:[8, 4, 8, 2, 5, 7, 1, 0, 2, 0]
2400493:[6, 8, 3, 3, 4, 9, 0, 2, 4, 8]
2426373:[9, 4, 6, 1, 3, 4, 4, 9, 2, 4]
2451974:[4, 6, 9, 8, 8, 5, 7, 0, 6, 5]
2461116:[0, 2, 3, 7, 2, 0, 2, 3, 1, 2]
2461489:[9, 1, 8, 1, 5, 0, 5, 6, 0, 9]
2472815:[9, 3, 0, 2, 4, 0, 4, 6, 4, 8]
2476043:[2, 5, 2, 5, 7, 9, 9, 3, 1, 2]
2507628:[5, 6, 9, 8, 0, 8, 5, 9, 5, 9]
2540094:[7, 3, 4, 3, 8, 0, 1, 4, 6, 0]
2558871:[5, 0, 1, 3, 9, 2, 1, 1, 9, 9]
2559545:[5, 1, 2, 3, 0, 6, 8, 4, 0, 6]
256224:[4, 3, 6, 4, 4, 1, 3, 1, 8, 6]
2594081:[4, 2, 9, 5, 8, 7, 1, 9, 5, 5]
2614542:[7, 3, 7, 0, 0, 3, 4, 8, 2, 6]
2614894:[9, 1, 8, 1, 5, 0, 5, 6, 0, 9]
2620666:[5, 5, 8, 1, 6, 2, 9, 0, 0, 4]
2625158:[3, 5, 6, 4, 5, 8, 3, 8, 0, 1]
262577:[0, 2, 3, 7, 8, 5, 0, 3, 2, 1]
2629274:[7, 9, 2, 3, 6, 7, 6, 5, 3, 9]
2639754:[0, 7, 8, 6, 9, 3, 2, 8, 5, 1]
2640644:[3, 3, 0, 1, 8, 5, 2, 9, 5, 1]
2640782:[0, 2, 7, 9, 0, 4, 5, 4, 2, 5]
2643497:[6, 9, 6, 2, 4, 5, 4, 3, 3, 1]
2655851:[9, 8, 2, 1, 8, 6, 5, 3, 6, 2]
2680642:[7, 5, 2, 0, 8, 1, 5, 9, 4, 5]
2680951:[1, 6, 1, 9, 4, 0, 8, 5, 7, 0]
2683902:[8, 6, 2, 5, 2, 4, 9, 9, 5, 0]
2685367:[2, 1, 4, 2, 5, 2, 7, 8, 8, 9]
2687854:[8, 5, 8, 3, 5, 9, 2, 5, 5, 6]
2702762:[5, 8, 2, 7, 4, 6, 4, 1, 2, 8]
2729223:[0, 0, 0, 2, 1, 8, 2, 9, 4, 4]
2738124:[1, 6, 9, 1, 0, 0, 9, 6, 8, 4]
2754800:[4, 1, 7, 4, 0, 7, 6, 7, 9, 5]
2756390:[4, 2, 4, 6, 1, 0, 3, 5, 2, 6]
2772310:[4, 0, 5, 3, 6, 3, 8, 6, 2, 4]
2775297:[2, 5, 8, 3, 0, 2, 0, 6, 6, 7]
2788920:[9, 5, 8, 0, 9, 9, 8, 3, 7, 8]
2802375:[4, 9, 2, 2, 1, 1, 6, 7, 0, 8]
2837503:[9, 9, 1, 8, 3, 7, 5, 9, 6, 0]
2842681:[3, 7, 9, 4, 5, 6, 7, 2, 3, 1]
2864943:[0, 2, 3, 6, 8, 2, 8, 3, 4, 6]
2869121:[3, 8, 5, 8, 7, 2, 8, 4, 1, 4]
2888143:[1, 9, 2, 8, 0, 3, 3, 0, 8, 9]
290174:[5, 0, 3, 0, 6, 8, 5, 4, 9, 0]
2932950:[5, 0, 6, 4, 5, 7, 3, 5, 0, 6]
2950703:[5, 7, 8, 3, 0, 8, 3, 8, 1, 3]
2957995:[7, 5, 8, 6, 2, 8, 0, 0, 7, 4]
2976663:[6, 5, 7, 5, 6, 3, 9, 7, 7, 7]
299847:[4, 7, 3, 0, 4, 5, 0, 1, 2, 4]
3017559:[0, 9, 0, 7, 5, 9, 2, 7, 1, 0]
3033374:[6, 1, 6, 4, 7, 5, 2, 5, 0, 8]
3040766:[4, 8, 6, 0, 0, 7, 6, 8, 8, 5]
304792:[9, 5, 1, 3, 9, 0, 9, 4, 7, 5]
3067180:[2, 3, 0, 7, 2, 9, 8, 1, 4, 0]
3071796:[3, 1, 2, 9, 1, 6, 4, 6, 0, 1]
3072543:[9, 4, 0, 1, 2, 4, 3, 9, 0, 3]
3094883:[9, 7, 5, 2, 8, 9, 9, 3, 1, 6]
3100940:[0, 5, 7, 1, 1, 6, 4, 7, 5, 2]
3108897:[6, 2, 9, 4, 7, 3, 3, 5, 6, 5]
3111608:[8, 6, 8, 9, 7, 7, 2, 3, 4, 1]
3134279:[2, 9, 4, 7, 1, 6, 9, 4, 1, 3]
3136125:[0, 2, 7, 7, 3, 2, 7, 0, 6, 3]
313984:[7, 3, 7, 5, 8, 4, 9, 5, 8, 6]
3162557:[5, 0, 5, 6, 8, 3, 9, 8, 1, 8]
31950:[4, 2, 0, 5, 0, 9, 0, 3, 1, 9]
319749:[3, 4, 9, 6, 8, 7, 2, 0, 2, 8]
3215293:[8, 8, 3, 1, 1, 0, 3, 1, 1, 0]
3215997:[1, 4, 6, 8, 9, 9, 0, 6, 3, 6]
321889:[7, 1, 9, 6, 0, 4, 8, 0, 8, 3]
3224009:[5, 2, 2, 4, 1, 3, 2, 8, 0, 3]
3248843:[2, 9, 4, 3, 5, 7, 5, 2, 9, 6]
330870:[2, 1, 3, 3, 7, 2, 1, 9, 0, 1]
34656:[5, 6, 5, 1, 0, 0, 1, 3, 4, 1]
360185:[7, 4, 3, 8, 1, 4, 4, 3, 3, 5]
362900:[3, 2, 6, 1, 0, 5, 6, 2, 8, 8]
365512:[4, 6, 7, 2, 4, 8, 7, 8, 4, 2]
367047:[0, 2, 3, 9, 2, 7, 3, 3, 9, 3]
382397:[3, 4, 0, 7, 4, 8, 7, 9, 9, 4]
403104:[0, 3, 2, 2, 5, 0, 7, 8, 3, 3]
413066:[1, 8, 0, 8, 5, 9, 1, 3, 0, 2]
444595:[3, 9, 6, 9, 5, 2, 6, 5, 6, 4]
457038:[3, 5, 6, 8, 6, 1, 9, 9, 8, 7]
464807:[7, 7, 2, 5, 1, 4, 0, 9, 7, 5]
508532:[8, 3, 5, 4, 9, 4, 0, 9, 4, 3]
534583:[6, 6, 9, 2, 0, 2, 1, 4, 9, 2]
545565:[8, 6, 1, 1, 2, 5, 2, 5, 3, 8]
551028:[1, 2, 9, 6, 6, 7, 0, 5, 3, 2]
579633:[6, 8, 0, 4, 1, 7, 2, 5, 0, 3]
606318:[4, 1, 1, 5, 3, 8, 1, 7, 1, 7]
615015:[4, 2, 0, 8, 0, 9, 6, 1, 3, 9]
618056:[2, 7, 1, 9, 6, 1, 2, 7, 8, 1]
66576:[5, 0, 5, 6, 9, 6, 1, 3, 2, 4]
682277:[1, 3, 4, 6, 6, 4, 7, 7, 5, 2]
683887:[0, 9, 2, 5, 4, 0, 4, 3, 7, 9]
689008:[3, 8, 2, 3, 5, 2, 8, 7, 0, 8]
703340:[0, 7, 6, 8, 5, 4, 9, 7, 2, 2]
703457:[8, 3, 2, 5, 3, 0, 0, 0, 5, 8]
707797:[8, 9, 4, 5, 1, 3, 9, 7, 8, 4]
720152:[3, 0, 3, 6, 0, 6, 3, 1, 7, 9]
727140:[1, 2, 2, 6, 5, 6, 8, 0, 7, 0]
728781:[3, 5, 2, 8, 6, 9, 5, 6, 2, 9]
73020:[1, 6, 7, 0, 8, 2, 9, 9, 4, 7]
743882:[5, 5, 4, 0, 7, 2, 3, 1, 4, 2]
765503:[3, 8, 7, 2, 1, 0, 4, 3, 0, 5]
782800:[3, 6, 3, 6, 8, 4, 8, 4, 5, 5]
784017:[1, 0, 1, 2, 2, 1, 5, 3, 6, 3]
785693:[7, 3, 4, 7, 8, 6, 7, 3, 0, 6]
798652:[4, 6, 4, 0, 6, 8, 0, 3, 2, 2]
803158:[5, 0, 7, 4, 0, 7, 5, 8, 4, 5]
809081:[7, 3, 7, 4, 8, 7, 8, 2, 0, 4]
814791:[3, 4, 6, 1, 5, 1, 2, 4, 5, 9]
818600:[8, 0, 5, 2, 0, 4, 5, 6, 6, 6]
823199:[2, 6, 8, 2, 5, 2, 9, 0, 1, 2]
842681:[8, 6, 0, 0, 5, 6, 7, 3, 0, 4]
847098:[0, 3, 7, 4, 0, 2, 6, 3, 1, 1]
860715:[7, 5, 9, 8, 3, 5, 8, 8, 7, 7]
864353:[3, 7, 3, 5, 0, 0, 1, 3, 5, 3]
868724:[7, 6, 5, 3, 0, 1, 7, 3, 5, 4]
887287:[6, 0, 2, 9, 1, 0, 7, 0, 5, 3]
887915:[4, 1, 2, 1, 9, 3, 3, 1, 9, 8]
922363:[8, 7, 5, 1, 6, 2, 8, 9, 8, 7]
933270:[0, 8, 8, 0, 6, 0, 9, 1, 0, 9]
940878:[8, 7, 9, 4, 6, 7, 8, 0, 1, 7]
96343:[5, 7, 7, 9, 4, 2, 3, 3, 0, 2]
986712:[4, 4, 7, 7, 9, 5, 7, 2, 6, 4]
990092:[6, 7, 1, 1, 5, 3, 2, 0, 1, 0]
