1001513:[5, 8, 3, 3, 6, 0, 5, 1, 8, 5]
1002247:[8, 5, 3, 9, 8, 7, 3, 0, 8, 7]
1002945:[7, 8, 0, 9, 1, 6, 4, 1, 6, 5]
1007668:[4, 7, 2, 7, 4, 0, 6, 3, 4, 7]
1007972:[2, 8, 5, 9, 3, 9, 5, 9, 8, 5]
1008168:[3, 4, 8, 4, 0, 5, 2, 3, 8, 9]
1009886:[0, 3, 0, 0, 1, 4, 6, 1, 8, 1]
1010155:[3, 9, 9, 9, 5, 3, 1, 5, 8, 4]
1010:[1, 6, 9, 8, 0, 6, 0, 7, 7, 1]
1012833:[9, 7, 1, 0, 0, 2, 3, 0, 6, 4]
1012836:[6, 3, 9, 5, 0, 4, 9, 2, 3, 5]
1014445:[1, 8, 9, 5, 1, 8, 1, 0, 9, 2]
1015154:[0, 9, 5, 7, 0, 0, 1, 7, 9, 0]
1016385:[5, 1, 0, 1, 1, 6, 6, 6, 2, 7]
1017296:[8, 6, 8, 5, 1, 1, 7, 8, 9, 3]
1024915:[0, 7, 2, 3, 1, 3, 5, 6, 6, 9]
1026960:[5, 3, 4, 9, 6, 8, 9, 3, 5, 6]
1030960:[9, 8, 8, 0, 0, 8, 2, 4, 0, 5]
1036081:[6, 7, 8, 8, 7, 6, 4, 7, 5, 2]
1036210:[5, 9, 5, 0, 7, 7, 6, 2, 1, 5]
1036298:[3, 5, 0, 7, 5, 3, 2, 3, 8, 1]
1037139:[5, 8, 5, 9, 9, 0, 9, 4, 0, 6]
1038560:[8, 4, 3, 6, 3, 4, 5, 7, 2, 0]
1042878:[0, 2, 1, 6, 1, 1, 7, 1, 0, 3]
1046659:[2, 8, 1, 2, 8, 4, 7, 8, 2, 8]
104993:[4, 5, 2, 4, 5, 5, 2, 6, 7, 1]
1049943:[5, 3, 3, 1, 5, 9, 7, 8, 0, 7]
1051976:[6, 2, 3, 5, 6, 4, 6, 2, 3, 3]
105478:[4, 7, 3, 8, 8, 4, 8, 9, 6, 4]
1059746:[0, 3, 1, 9, 4, 9, 7, 1, 6, 6]
1059781:[2, 2, 7, 8, 5, 0, 6, 8, 2, 0]
1060530:[4, 3, 5, 1, 1, 0, 2, 4, 3, 3]
1065357:[3, 6, 2, 1, 0, 8, 5, 1, 5, 1]
107453:[2, 2, 4, 2, 6, 9, 5, 8, 4, 8]
1077273:[0, 6, 6, 0, 3, 1, 7, 7, 2, 0]
1080090:[1, 1, 3, 4, 8, 5, 7, 9, 8, 5]
1081794:[0, 5, 1, 2, 1, 9, 3, 2, 0, 6]
1086136:[0, 0, 7, 2, 6, 3, 9, 9, 7, 1]
1090524:[0, 2, 4, 3, 5, 6, 5, 6, 5, 4]
1091656:[5, 1, 3, 7, 0, 5, 5, 8, 4, 0]
1094941:[4, 3, 5, 0, 3, 5, 8, 7, 4, 4]
1101629:[7, 5, 1, 2, 0, 1, 1, 6, 6, 7]
110228:[1, 5, 2, 1, 7, 6, 3, 9, 0, 0]
110624:[9, 8, 8, 0, 4, 2, 3, 1, 4, 2]
1106345:[9, 6, 0, 1, 7, 2, 5, 8, 0, 2]
1115418:[9, 6, 6, 6, 0, 7, 4, 6, 5, 5]
1120203:[4, 1, 9, 2, 9, 6, 1, 6, 4, 1]
1121035:[2, 6, 7, 0, 8, 1, 9, 4, 9, 7]
113063:[6, 9, 2, 8, 1, 5, 7, 1, 2, 8]
1132837:[5, 5, 2, 0, 7, 2, 1, 4, 8, 5]
1134312:[4, 5, 1, 4, 8, 2, 9, 9, 4, 9]
1136105:[6, 9, 1, 3, 3, 1, 7, 3, 3, 6]
1137160:[5, 0, 5, 3, 5, 1, 8, 5, 0, 5]
1143275:[3, 9, 1, 8, 1, 8, 8, 7, 5, 4]
1145651:[2, 6, 4, 7, 3, 1, 4, 5, 3, 9]
1148675:[4, 2, 0, 6, 8, 2, 1, 0, 3, 5]
1148795:[7, 1, 6, 7, 7, 7, 7, 7, 0, 8]
1149469:[0, 4, 1, 7, 4, 2, 4, 6, 7, 4]
1150309:[4, 5, 6, 1, 3, 7, 5, 7, 8, 6]
1156942:[8, 2, 1, 4, 6, 4, 7, 7, 1, 7]
1158705:[3, 9, 9, 8, 6, 2, 7, 6, 7, 7]
1159425:[8, 9, 9, 0, 2, 8, 3, 4, 4, 6]
1159550:[0, 8, 0, 0, 1, 0, 0, 4, 5, 6]
1167844:[9, 6, 1, 0, 8, 3, 5, 7, 5, 8]
1172270:[1, 6, 7, 7, 4, 4, 2, 3, 9, 7]
1174888:[1, 8, 9, 1, 8, 0, 3, 8, 1, 3]
1178015:[1, 6, 8, 2, 9, 9, 6, 7, 3, 5]
1179298:[9, 6, 1, 1, 0, 0, 4, 9, 3, 6]
1182274:[4, 2, 5, 7, 4, 8, 6, 5, 3, 8]
1182993:[3, 6, 4, 4, 2, 6, 0, 5, 0, 6]
11829:[1, 7, 2, 7, 4, 7, 9, 0, 0, 4]
1190361:[7, 3, 6, 9, 4, 2, 7, 0, 9, 7]
1190778:[5, 1, 0, 2, 9, 7, 6, 2, 1, 4]
1205348:[6, 5, 0, 2, 5, 7, 4, 5, 6, 0]
1208250:[2, 0, 4, 9, 1, 6, 6, 8, 3, 5]
121229:[4, 0, 8, 2, 9, 5, 8, 7, 7, 9]
1218824:[7, 3, 9, 9, 5, 6, 2, 1, 5, 1]
1220036:[0, 0, 7, 2, 9, 9, 8, 9, 3, 1]
1221451:[5, 1, 4, 5, 9, 4, 1, 8, 8, 8]
1222053:[8, 1, 2, 3, 8, 2, 9, 2, 1, 4]
1229363:[6, 6, 6, 5, 1, 0, 9, 6, 1, 8]
1232494:[7, 4, 0, 4, 6, 4, 0, 5, 8, 9]
1234615:[1, 8, 2, 9, 2, 3, 4, 6, 7, 2]
1239261:[4, 2, 1, 2, 7, 5, 6, 1, 3, 2]
1239442:[9, 9, 3, 3, 0, 7, 0, 6, 3, 0]
1241108:[5, 6, 8, 9, 5, 8, 4, 0, 4, 1]
1242504:[3, 9, 1, 2, 7, 0, 4, 9, 2, 3]
1247540:[6, 8, 2, 6, 6, 6, 5, 6, 2, 4]
1249542:[4, 9, 7, 2, 1, 4, 4, 2, 5, 6]
1257703:[1, 5, 6, 9, 7, 0, 5, 3, 5, 4]
1259584:[6, 0, 1, 9, 8, 7, 2, 2, 2, 9]
126287:[5, 1, 2, 5, 5, 1, 3, 2, 9, 6]
1271422:[8, 6, 6, 3, 0, 8, 3, 9, 4, 5]
127335:[5, 2, 9, 9, 4, 6, 7, 8, 2, 8]
1274468:[3, 5, 6, 5, 0, 6, 7, 5, 7, 6]
1276087:[6, 0, 7, 0, 5, 1, 3, 1, 8, 5]
1279421:[5, 5, 4, 4, 6, 5, 0, 9, 6, 7]
1281296:[9, 0, 1, 4, 5, 1, 6, 9, 8, 2]
1281490:[9, 0, 8, 2, 2, 9, 9, 0, 2, 4]
1281897:[4, 3, 1, 3, 7, 1, 4, 9, 5, 8]
1289444:[1, 5, 1, 3, 4, 5, 0, 2, 8, 3]
1294557:[5, 1, 8, 9, 2, 9, 0, 6, 5, 1]
1295893:[3, 8, 8, 4, 4, 3, 1, 7, 7, 2]
1296421:[7, 2, 1, 3, 3, 4, 8, 5, 8, 5]
129882:[1, 6, 6, 1, 4, 6, 5, 6, 6, 5]
1306946:[8, 9, 8, 5, 6, 9, 7, 3, 6, 1]
1309429:[0, 7, 5, 2, 2, 5, 4, 2, 6, 2]
1310359:[7, 0, 4, 1, 8, 7, 8, 5, 2, 1]
1311378:[2, 3, 0, 7, 8, 5, 0, 2, 3, 2]
1313560:[5, 9, 2, 3, 4, 1, 6, 9, 1, 3]
131708:[4, 2, 5, 6, 7, 0, 4, 6, 0, 0]
1323539:[6, 2, 5, 4, 1, 9, 7, 0, 5, 5]
1323631:[3, 0, 0, 7, 8, 1, 5, 3, 3, 8]
1324528:[3, 4, 0, 4, 6, 5, 5, 4, 3, 9]
1327812:[2, 6, 3, 0, 0, 9, 4, 2, 2, 0]
1331163:[0, 5, 5, 2, 8, 4, 3, 0, 6, 7]
133222:[0, 2, 2, 6, 8, 9, 5, 4, 5, 3]
1335061:[2, 3, 2, 6, 8, 1, 8, 5, 5, 1]
1339410:[4, 5, 7, 0, 0, 4, 8, 0, 9, 2]
1341542:[7, 7, 9, 7, 9, 8, 9, 4, 1, 2]
1347201:[6, 2, 9, 4, 1, 3, 9, 3, 4, 7]
1347385:[7, 6, 4, 9, 6, 5, 7, 0, 2, 4]
1347520:[2, 3, 4, 9, 5, 9, 7, 5, 1, 9]
1351480:[7, 4, 1, 0, 4, 7, 5, 7, 8, 7]
1356132:[6, 7, 9, 4, 4, 4, 5, 0, 6, 4]
1363505:[4, 3, 5, 2, 0, 8, 4, 5, 5, 2]
1365047:[4, 2, 8, 1, 9, 3, 7, 0, 8, 4]
136538:[9, 5, 9, 4, 6, 3, 6, 2, 0, 4]
1373495:[9, 4, 9, 3, 9, 6, 2, 9, 6, 8]
1374317:[5, 9, 0, 2, 1, 8, 1, 6, 0, 9]
1375145:[2, 9, 8, 8, 3, 6, 5, 0, 1, 1]
1378709:[5, 4, 5, 9, 7, 1, 1, 8, 8, 1]
1383868:[9, 2, 7, 7, 7, 8, 1, 5, 2, 4]
1384687:[5, 4, 6, 3, 9, 6, 8, 2, 2, 3]
1387919:[6, 7, 3, 8, 3, 2, 6, 9, 0, 3]
1391107:[0, 1, 1, 3, 6, 3, 6, 8, 7, 4]
1393264:[8, 2, 2, 4, 1, 4, 3, 8, 6, 5]
139927:[6, 9, 2, 4, 6, 9, 7, 9, 4, 9]
1399616:[5, 3, 1, 3, 4, 6, 8, 9, 0, 9]
1400445:[6, 7, 7, 5, 3, 8, 9, 3, 2, 3]
1401267:[2, 3, 5, 4, 5, 7, 0, 8, 2, 1]
1401785:[4, 9, 2, 6, 1, 1, 9, 6, 2, 0]
140234:[7, 8, 6, 5, 8, 9, 4, 9, 0, 3]
1403261:[0, 3, 5, 9, 3, 6, 2, 0, 8, 8]
1408950:[7, 6, 1, 2, 8, 9, 6, 5, 9, 6]
1409729:[6, 5, 1, 3, 3, 5, 0, 5, 3, 6]
1412238:[2, 0, 3, 8, 4, 3, 7, 2, 5, 6]
14142:[4, 5, 3, 0, 3, 0, 3, 5, 0, 4]
1414703:[3, 5, 7, 2, 3, 5, 1, 8, 1, 9]
1431428:[6, 4, 9, 1, 1, 5, 0, 7, 7, 0]
1436397:[7, 9, 5, 3, 0, 1, 2, 0, 2, 9]
1441105:[1, 0, 1, 1, 5, 6, 0, 3, 3, 8]
1442518:[7, 7, 8, 5, 2, 8, 8, 6, 3, 9]
1445439:[9, 4, 7, 5, 7, 9, 3, 7, 8, 2]
1448221:[5, 7, 5, 1, 4, 9, 0, 7, 8, 5]
1449718:[5, 2, 0, 6, 3, 7, 3, 7, 0, 1]
1451696:[6, 6, 3, 8, 5, 5, 3, 9, 4, 9]
1452691:[6, 4, 5, 8, 8, 3, 4, 8, 6, 5]
1455827:[4, 3, 7, 6, 3, 3, 1, 1, 6, 0]
1457944:[8, 9, 7, 5, 5, 5, 0, 8, 7, 8]
1464117:[5, 3, 3, 1, 5, 9, 7, 8, 0, 7]
1464284:[3, 2, 4, 5, 8, 0, 9, 8, 6, 2]
1466659:[5, 1, 6, 4, 4, 7, 9, 6, 3, 4]
1466883:[1, 8, 6, 8, 0, 9, 7, 4, 4, 5]
1467646:[7, 7, 5, 4, 8, 9, 6, 2, 1, 4]
1467733:[8, 1, 9, 6, 5, 6, 0, 7, 3, 2]
1471244:[5, 6, 5, 8, 8, 1, 0, 7, 5, 7]
1472539:[4, 4, 9, 5, 4, 0, 9, 3, 7, 3]
1476345:[2, 5, 6, 2, 2, 6, 6, 7, 6, 5]
1477346:[7, 4, 6, 6, 1, 2, 9, 0, 4, 8]
1480315:[8, 4, 3, 7, 4, 5, 1, 1, 7, 3]
148372:[2, 4, 2, 7, 0, 9, 2, 3, 7, 8]
148695:[1, 2, 9, 3, 6, 4, 9, 8, 0, 1]
1487621:[9, 1, 3, 6, 7, 2, 5, 2, 5, 5]
1488061:[5, 9, 2, 3, 4, 1, 6, 9, 1, 3]
1492048:[1, 1, 0, 6, 8, 6, 2, 9, 7, 0]
1495652:[1, 0, 5, 0, 0, 5, 0, 4, 8, 5]
1499025:[4, 4, 6, 3, 8, 1, 2, 8, 2, 5]
150203:[8, 5, 5, 8, 7, 7, 9, 3, 5, 6]
1503895:[2, 6, 6, 4, 5, 8, 4, 5, 8, 5]
1506038:[6, 9, 4, 9, 0, 4, 0, 6, 4, 9]
1511436:[9, 6, 3, 1, 1, 0, 6, 2, 0, 3]
1515985:[9, 9, 3, 9, 0, 0, 8, 9, 4, 7]
1525417:[3, 6, 8, 4, 1, 9, 9, 2, 2, 7]
1526838:[5, 4, 0, 3, 0, 1, 9, 1, 5, 4]
1526990:[5, 4, 2, 9, 1, 0, 8, 3, 2, 2]
1527120:[5, 2, 0, 6, 6, 2, 9, 0, 2, 1]
1528158:[5, 0, 1, 3, 3, 8, 9, 6, 4, 4]
1530126:[3, 2, 5, 5, 0, 8, 5, 1, 8, 1]
153344:[9, 8, 2, 7, 4, 2, 1, 0, 1, 7]
1534863:[7, 6, 8, 7, 0, 4, 5, 2, 6, 2]
1535210:[9, 7, 9, 5, 6, 5, 1, 1, 3, 8]
1538687:[0, 2, 0, 6, 2, 0, 8, 5, 7, 3]
1539221:[1, 0, 4, 6, 2, 3, 4, 3, 9, 9]
1539412:[7, 2, 4, 7, 9, 6, 3, 4, 5, 4]
1549630:[1, 5, 2, 0, 1, 7, 7, 0, 4, 7]
1552389:[5, 9, 2, 3, 4, 1, 6, 9, 1, 3]
155331:[6, 0, 7, 9, 7, 3, 1, 3, 0, 8]
1553357:[5, 9, 3, 1, 7, 1, 2, 6, 6, 6]
1567207:[7, 1, 0, 1, 3, 8, 0, 8, 9, 2]
1570870:[4, 2, 5, 3, 1, 0, 4, 0, 1, 8]
1572347:[0, 1, 6, 2, 4, 0, 6, 7, 8, 3]
1574150:[0, 9, 1, 3, 2, 1, 7, 3, 2, 8]
1580536:[6, 9, 8, 0, 9, 9, 6, 4, 8, 6]
1580562:[2, 5, 7, 9, 7, 1, 4, 6, 2, 1]
1583295:[0, 9, 4, 7, 7, 3, 3, 9, 4, 7]
1586054:[3, 9, 1, 2, 7, 0, 4, 9, 2, 3]
1587138:[2, 5, 7, 7, 5, 1, 8, 0, 8, 4]
1588617:[8, 3, 1, 9, 1, 1, 8, 7, 3, 8]
1592492:[0, 0, 2, 8, 7, 7, 6, 3, 2, 4]
159347:[8, 9, 0, 4, 9, 0, 4, 1, 2, 2]
1594690:[7, 8, 5, 8, 8, 3, 0, 2, 0, 8]
1598688:[1, 9, 0, 6, 8, 2, 8, 7, 4, 1]
1599631:[4, 7, 1, 8, 5, 1, 7, 0, 4, 3]
1602037:[8, 6, 0, 7, 8, 5, 0, 3, 3, 8]
1602097:[5, 4, 1, 0, 4, 6, 3, 6, 7, 6]
160416:[7, 2, 8, 8, 9, 8, 7, 6, 3, 6]
160745:[5, 1, 4, 9, 6, 8, 4, 6, 7, 3]
1608770:[2, 2, 0, 3, 0, 5, 9, 0, 3, 2]
1612110:[0, 7, 9, 7, 3, 9, 2, 1, 1, 6]
1612488:[4, 7, 6, 7, 5, 1, 1, 9, 4, 2]
1613323:[8, 0, 1, 8, 0, 1, 9, 6, 0, 3]
1614066:[9, 3, 5, 7, 6, 7, 5, 4, 9, 5]
1617762:[0, 7, 2, 3, 1, 3, 5, 6, 6, 9]
1626833:[4, 4, 7, 1, 9, 0, 7, 6, 6, 3]
1633007:[6, 9, 9, 1, 8, 3, 6, 2, 6, 1]
1635381:[9, 2, 2, 1, 4, 6, 0, 9, 8, 3]
1636852:[4, 1, 7, 3, 4, 3, 5, 5, 0, 4]
1637022:[8, 8, 8, 3, 3, 6, 6, 5, 1, 6]
1639140:[2, 5, 3, 3, 4, 4, 0, 9, 3, 1]
1651607:[2, 5, 6, 4, 7, 9, 4, 1, 2, 8]
1656766:[6, 4, 1, 4, 2, 7, 4, 5, 4, 4]
1657685:[8, 4, 5, 9, 2, 9, 0, 1, 1, 0]
1663179:[4, 8, 6, 1, 2, 8, 1, 5, 4, 4]
1669193:[2, 7, 9, 6, 5, 4, 0, 8, 9, 2]
1672710:[3, 6, 4, 0, 2, 1, 3, 8, 9, 4]
1672890:[5, 7, 5, 4, 5, 9, 2, 5, 7, 2]
1675194:[5, 9, 2, 3, 4, 1, 6, 9, 1, 3]
1676066:[1, 0, 2, 0, 9, 7, 1, 5, 1, 3]
1682169:[1, 7, 8, 4, 6, 2, 1, 7, 1, 3]
1683177:[8, 2, 9, 6, 8, 6, 6, 9, 7, 7]
1687511:[4, 3, 8, 4, 7, 5, 3, 1, 4, 8]
1690412:[7, 4, 0, 9, 2, 6, 5, 1, 7, 1]
1693011:[9, 7, 1, 8, 3, 3, 1, 4, 0, 5]
169469:[2, 5, 7, 7, 5, 1, 8, 0, 8, 4]
1695455:[9, 7, 8, 3, 8, 0, 8, 0, 6, 8]
1695958:[2, 5, 4, 3, 5, 1, 8, 4, 8, 7]
1697081:[9, 0, 3, 1, 6, 2, 7, 4, 3, 7]
1701530:[0, 1, 0, 2, 3, 5, 5, 1, 6, 2]
1712067:[8, 0, 7, 3, 6, 7, 0, 1, 2, 0]
1715189:[7, 0, 3, 7, 4, 6, 4, 7, 1, 1]
171734:[7, 2, 5, 4, 9, 9, 7, 1, 8, 5]
1719083:[7, 7, 9, 2, 8, 1, 9, 7, 8, 2]
1721255:[8, 2, 6, 3, 1, 3, 5, 6, 1, 7]
1721929:[3, 2, 7, 5, 2, 9, 6, 3, 5, 3]
1722620:[0, 2, 1, 0, 5, 0, 0, 9, 6, 3]
1726426:[7, 7, 7, 0, 9, 7, 9, 9, 0, 5]
1734600:[9, 8, 5, 2, 3, 0, 4, 4, 9, 3]
1740120:[0, 3, 5, 8, 7, 3, 6, 2, 4, 7]
1741399:[2, 5, 7, 7, 5, 1, 8, 0, 8, 4]
1742066:[9, 2, 5, 6, 3, 7, 5, 5, 5, 3]
174372:[9, 4, 9, 2, 2, 2, 8, 0, 1, 9]
1745204:[1, 3, 3, 4, 9, 9, 7, 2, 0, 5]
1746499:[4, 1, 3, 5, 0, 2, 8, 6, 8, 1]
1747854:[7, 9, 1, 5, 4, 7, 3, 9, 2, 5]
1748166:[5, 3, 3, 1, 5, 9, 7, 8, 0, 7]
1750580:[7, 9, 6, 8, 8, 9, 3, 5, 4, 9]
1753725:[3, 4, 1, 4, 5, 5, 0, 3, 9, 0]
1753979:[9, 5, 3, 4, 7, 2, 4, 8, 5, 4]
1754962:[0, 3, 5, 8, 7, 4, 3, 7, 8, 2]
1758874:[8, 1, 0, 8, 6, 0, 7, 5, 5, 5]
1760393:[1, 7, 1, 4, 3, 9, 8, 3, 2, 8]
176113:[9, 4, 4, 1, 6, 0, 3, 0, 8, 5]
1762988:[7, 7, 2, 1, 0, 1, 6, 1, 9, 9]
1768871:[9, 0, 8, 2, 2, 9, 9, 0, 2, 4]
1770175:[2, 3, 8, 5, 6, 9, 1, 0, 1, 5]
1772774:[3, 9, 5, 0, 3, 9, 0, 4, 6, 2]
1774119:[1, 1, 6, 9, 3, 0, 8, 0, 0, 3]
1777144:[5, 8, 1, 5, 0, 2, 0, 0, 6, 3]
1777722:[7, 0, 0, 3, 8, 0, 0, 2, 2, 1]
1778264:[5, 3, 3, 1, 5, 9, 7, 8, 0, 7]
1779186:[8, 9, 4, 0, 3, 3, 4, 7, 9, 2]
1780225:[2, 2, 6, 0, 9, 2, 9, 2, 8, 0]
1780950:[5, 3, 6, 0, 0, 4, 7, 2, 0, 9]
1792160:[6, 5, 8, 7, 8, 2, 4, 8, 8, 2]
1795062:[0, 1, 6, 1, 3, 3, 8, 5, 3, 0]
1796540:[5, 5, 8, 1, 7, 2, 5, 6, 0, 3]
1797453:[5, 6, 8, 1, 8, 2, 1, 2, 5, 4]
1797496:[4, 5, 9, 4, 6, 8, 8, 8, 0, 9]
1799641:[6, 0, 6, 4, 6, 7, 0, 2, 2, 5]
1803864:[8, 4, 0, 4, 7, 6, 6, 8, 6, 3]
1804947:[0, 6, 0, 2, 6, 9, 2, 3, 5, 9]
1806521:[1, 8, 1, 2, 2, 4, 7, 3, 6, 5]
1806725:[2, 5, 7, 7, 5, 1, 8, 0, 8, 4]
1806824:[3, 5, 9, 7, 4, 0, 4, 7, 6, 8]
1822790:[6, 9, 1, 5, 8, 2, 5, 2, 1, 7]
1828:[8, 7, 2, 5, 4, 6, 9, 6, 9, 8]
1829652:[5, 1, 8, 8, 2, 3, 2, 4, 2, 9]
1831254:[9, 8, 5, 5, 0, 8, 7, 1, 4, 6]
1832850:[3, 2, 7, 5, 3, 3, 8, 5, 3, 0]
1833559:[7, 7, 5, 5, 1, 0, 3, 9, 0, 4]
1835916:[3, 9, 1, 6, 0, 1, 8, 9, 0, 2]
1842259:[2, 3, 8, 0, 4, 9, 6, 3, 3, 5]
1843278:[8, 2, 1, 4, 5, 6, 1, 1, 5, 7]
1844837:[6, 4, 1, 8, 7, 6, 2, 8, 5, 7]
1847263:[0, 9, 2, 1, 0, 7, 7, 2, 7, 1]
1854014:[9, 9, 9, 4, 2, 0, 0, 3, 6, 8]
1863446:[1, 1, 6, 9, 6, 5, 9, 5, 4, 7]
1867031:[3, 5, 6, 0, 0, 3, 0, 7, 2, 7]
1867568:[0, 6, 1, 4, 0, 8, 9, 9, 6, 5]
1868228:[5, 9, 9, 6, 0, 9, 6, 1, 7, 3]
1873115:[9, 5, 5, 2, 6, 6, 2, 2, 7, 8]
1873862:[3, 4, 5, 4, 9, 6, 7, 2, 2, 2]
1874433:[2, 0, 2, 3, 8, 1, 4, 3, 2, 0]
1875507:[0, 4, 4, 9, 4, 4, 6, 4, 3, 0]
188331:[5, 9, 2, 3, 4, 1, 6, 9, 1, 3]
1883782:[1, 5, 2, 2, 0, 0, 2, 2, 1, 6]
1884659:[4, 1, 4, 4, 5, 2, 1, 1, 2, 1]
188593:[3, 4, 8, 4, 0, 5, 2, 3, 8, 9]
1885948:[8, 8, 7, 8, 2, 9, 2, 5, 1, 0]
1887014:[7, 1, 7, 2, 3, 7, 6, 4, 3, 4]
1893094:[4, 5, 6, 0, 4, 4, 5, 0, 5, 9]
1895593:[4, 8, 6, 4, 1, 3, 4, 6, 7, 6]
1897059:[7, 8, 2, 8, 5, 4, 5, 5, 2, 6]
1904738:[1, 4, 0, 6, 0, 5, 9, 2, 9, 2]
1905642:[9, 1, 9, 7, 6, 4, 2, 7, 3, 7]
1907254:[5, 2, 8, 0, 4, 4, 5, 4, 4, 8]
1911659:[1, 0, 8, 8, 8, 1, 9, 7, 7, 6]
1913991:[8, 3, 0, 5, 9, 0, 5, 6, 2, 2]
1914323:[0, 8, 0, 5, 9, 7, 0, 5, 5, 2]
1924218:[6, 4, 8, 7, 3, 6, 9, 8, 6, 4]
1927315:[6, 9, 5, 6, 5, 4, 9, 0, 6, 0]
1929379:[4, 5, 5, 4, 5, 8, 5, 9, 6, 6]
1931001:[4, 7, 3, 1, 6, 4, 0, 7, 6, 2]
1932703:[8, 5, 1, 4, 4, 6, 6, 8, 9, 0]
1934963:[3, 5, 6, 5, 0, 3, 2, 8, 0, 7]
1938642:[6, 9, 1, 9, 0, 8, 2, 5, 1, 8]
1941191:[8, 5, 0, 8, 4, 8, 7, 5, 5, 8]
1942093:[6, 4, 2, 1, 9, 6, 9, 4, 9, 3]
1942133:[4, 1, 8, 7, 9, 3, 9, 4, 7, 7]
1947825:[1, 1, 6, 3, 7, 1, 9, 5, 9, 7]
1949224:[8, 0, 2, 8, 2, 2, 8, 7, 1, 8]
1949431:[3, 1, 8, 1, 5, 1, 9, 6, 3, 3]
1952659:[8, 1, 3, 1, 6, 3, 4, 9, 4, 0]
1953016:[2, 4, 3, 0, 7, 8, 5, 5, 5, 1]
1954426:[7, 5, 2, 1, 7, 1, 3, 9, 3, 6]
1955640:[2, 7, 8, 3, 4, 7, 2, 2, 9, 4]
1955874:[0, 9, 2, 1, 0, 7, 7, 2, 7, 1]
1956191:[0, 6, 2, 7, 2, 8, 1, 1, 3, 2]
1960783:[1, 4, 8, 3, 7, 6, 9, 8, 5, 8]
1967282:[7, 6, 2, 6, 4, 4, 2, 2, 4, 3]
1967337:[9, 0, 1, 9, 2, 7, 9, 3, 8, 1]
1969335:[2, 0, 6, 6, 8, 3, 9, 9, 3, 5]
1974456:[6, 8, 5, 4, 8, 8, 3, 7, 8, 3]
1975318:[6, 8, 0, 7, 8, 4, 1, 9, 9, 3]
1976045:[7, 6, 5, 1, 0, 9, 7, 7, 3, 1]
1979438:[8, 8, 4, 8, 8, 3, 0, 6, 7, 9]
1982522:[3, 3, 2, 7, 5, 6, 7, 3, 6, 2]
1986056:[5, 3, 3, 1, 5, 9, 7, 8, 0, 7]
1988362:[3, 3, 1, 1, 5, 7, 0, 9, 1, 7]
1989986:[3, 6, 3, 8, 7, 0, 5, 3, 4, 9]
1990768:[3, 8, 4, 4, 8, 5, 0, 2, 0, 2]
1995048:[9, 9, 0, 1, 4, 3, 4, 4, 6, 0]
1996690:[0, 1, 2, 2, 0, 9, 5, 6, 2, 3]
1997447:[8, 8, 9, 6, 6, 1, 3, 7, 7, 0]
2007052:[6, 9, 9, 5, 9, 2, 9, 8, 5, 9]
2010830:[5, 9, 2, 3, 4, 1, 6, 9, 1, 3]
2011350:[2, 7, 9, 8, 5, 8, 0, 1, 8, 3]
2014192:[6, 9, 8, 2, 5, 2, 1, 6, 3, 1]
2017664:[1, 3, 1, 3, 0, 6, 6, 5, 7, 8]
2018361:[7, 7, 2, 6, 1, 1, 1, 9, 8, 5]
2019040:[9, 1, 9, 8, 8, 1, 4, 2, 4, 8]
2020597:[4, 1, 4, 4, 5, 2, 1, 1, 2, 1]
2022086:[5, 2, 4, 5, 8, 7, 4, 5, 7, 1]
20366:[0, 1, 1, 9, 8, 4, 4, 2, 6, 1]
2037120:[2, 2, 6, 0, 7, 0, 7, 3, 0, 5]
2037131:[5, 3, 3, 1, 5, 9, 7, 8, 0, 7]
2039099:[0, 6, 0, 7, 5, 2, 9, 2, 2, 3]
2042231:[5, 0, 7, 1, 0, 0, 8, 8, 7, 6]
2044230:[0, 1, 2, 1, 9, 4, 6, 7, 7, 5]
2055969:[2, 0, 3, 5, 7, 0, 1, 1, 4, 3]
2057656:[3, 7, 7, 2, 0, 3, 9, 4, 0, 9]
205974:[7, 8, 5, 5, 8, 9, 5, 8, 9, 1]
2065840:[1, 8, 5, 7, 1, 3, 2, 1, 2, 0]
2069195:[1, 2, 9, 4, 6, 7, 2, 2, 6, 9]
2069525:[5, 8, 5, 3, 6, 5, 0, 8, 7, 9]
2070419:[6, 6, 8, 2, 4, 0, 1, 1, 7, 0]
2074899:[5, 4, 4, 5, 0, 8, 8, 9, 5, 1]
2076888:[3, 3, 1, 4, 4, 2, 1, 7, 2, 5]
2078088:[4, 7, 2, 3, 4, 3, 0, 3, 1, 9]
2078690:[6, 6, 0, 1, 2, 8, 1, 6, 4, 3]
2079728:[3, 9, 1, 2, 7, 0, 4, 9, 2, 3]
2080177:[0, 7, 2, 3, 1, 3, 5, 6, 6, 9]
2080849:[9, 5, 5, 6, 3, 6, 1, 6, 9, 4]
2083982:[9, 0, 0, 3, 5, 5, 2, 3, 6, 2]
2084423:[3, 6, 5, 6, 9, 2, 4, 9, 5, 4]
2084874:[0, 5, 9, 8, 4, 1, 2, 7, 4, 4]
2087258:[5, 9, 2, 3, 4, 1, 6, 9, 1, 3]
2087627:[8, 1, 7, 5, 0, 8, 9, 4, 1, 6]
2089621:[8, 3, 3, 0, 6, 9, 6, 4, 8, 9]
2093508:[6, 8, 3, 9, 5, 7, 4, 3, 5, 5]
2096236:[6, 5, 6, 8, 2, 3, 1, 5, 7, 3]
209840:[5, 3, 3, 7, 8, 1, 7, 6, 7, 5]
210024:[3, 7, 4, 7, 2, 0, 0, 2, 2, 8]
2104067:[5, 9, 2, 3, 4, 1, 6, 9, 1, 3]
2104639:[2, 4, 8, 4, 4, 9, 5, 9, 7, 4]
2114560:[3, 5, 3, 6, 8, 0, 8, 7, 6, 9]
2117179:[1, 4, 9, 5, 9, 3, 2, 0, 3, 9]
2121290:[7, 8, 8, 1, 1, 8, 1, 0, 2, 6]
2128598:[5, 6, 0, 4, 3, 0, 6, 2, 1, 2]
2130619:[4, 4, 8, 7, 6, 0, 1, 0, 9, 9]
213238:[9, 6, 1, 1, 6, 2, 2, 9, 9, 9]
2133587:[1, 2, 5, 3, 1, 0, 5, 8, 9, 9]
2150962:[5, 5, 6, 3, 2, 2, 1, 4, 4, 8]
2151154:[5, 3, 3, 1, 5, 9, 7, 8, 0, 7]
2153321:[9, 0, 6, 7, 2, 4, 6, 9, 4, 8]
2160503:[1, 2, 9, 2, 0, 2, 3, 3, 6, 2]
2160561:[5, 3, 2, 3, 1, 7, 3, 1, 3, 2]
2164232:[3, 2, 2, 3, 0, 1, 8, 8, 5, 8]
2165679:[4, 2, 1, 2, 7, 6, 8, 3, 8, 2]
2170794:[3, 2, 7, 0, 0, 3, 6, 0, 6, 0]
2171784:[0, 5, 4, 5, 2, 4, 4, 7, 2, 4]
2172509:[5, 3, 3, 1, 5, 9, 7, 8, 0, 7]
2175964:[8, 6, 3, 3, 0, 5, 0, 2, 7, 2]
2180313:[0, 4, 8, 3, 7, 7, 9, 3, 2, 0]
2184870:[2, 4, 9, 7, 9, 1, 4, 6, 6, 9]
2185652:[2, 1, 6, 2, 9, 6, 1, 1, 0, 3]
2187411:[9, 1, 0, 6, 5, 4, 8, 6, 1, 0]
2191028:[3, 5, 8, 2, 4, 1, 2, 8, 9, 7]
2193625:[4, 7, 2, 5, 4, 3, 0, 4, 3, 2]
219566:[3, 3, 3, 9, 3, 4, 2, 8, 4, 3]
2195921:[5, 9, 2, 3, 4, 1, 6, 9, 1, 3]
2197640:[1, 4, 8, 7, 4, 7, 4, 4, 1, 9]
2200865:[1, 8, 0, 8, 3, 9, 3, 3, 2, 8]
2201523:[3, 9, 4, 0, 2, 5, 6, 7, 4, 9]
220366:[6, 8, 5, 1, 9, 9, 0, 5, 8, 2]
2207908:[1, 1, 5, 0, 1, 2, 7, 5, 0, 0]
2209469:[0, 6, 4, 4, 3, 9, 3, 7, 0, 3]
2216419:[2, 0, 9, 3, 4, 4, 0, 9, 9, 0]
2216633:[6, 1, 3, 7, 6, 8, 3, 0, 6, 9]
2217647:[0, 5, 5, 5, 0, 3, 4, 8, 8, 7]
2220470:[8, 4, 9, 5, 5, 6, 1, 6, 8, 7]
222086:[0, 1, 8, 9, 1, 4, 1, 2, 8, 8]
2225993:[3, 5, 1, 6, 7, 5, 0, 0, 0, 7]
2227809:[6, 8, 7, 5, 1, 8, 6, 4, 3, 3]
2228253:[4, 1, 4, 4, 5, 2, 1, 1, 2, 1]
2228508:[8, 6, 8, 1, 7, 1, 9, 6, 4, 1]
2229436:[7, 8, 7, 7, 3, 6, 5, 9, 5, 7]
2229632:[0, 9, 8, 9, 0, 1, 2, 4, 6, 3]
2237209:[3, 2, 0, 8, 7, 8, 5, 6, 4, 9]
2238012:[4, 8, 7, 9, 4, 6, 5, 3, 9, 3]
2242854:[3, 1, 0, 5, 0, 8, 4, 7, 0, 8]
2253305:[8, 0, 0, 3, 8, 9, 4, 3, 3, 0]
2254341:[0, 9, 6, 5, 8, 2, 6, 4, 0, 3]
2254959:[9, 4, 2, 7, 4, 3, 0, 3, 4, 7]
2259351:[8, 5, 5, 6, 5, 3, 4, 5, 1, 1]
2260688:[5, 5, 4, 8, 0, 8, 8, 8, 2, 9]
2261652:[1, 1, 6, 3, 7, 1, 9, 5, 9, 7]
2266215:[0, 0, 3, 8, 5, 3, 8, 2, 7, 1]
2269741:[7, 9, 3, 1, 3, 2, 4, 5, 3, 5]
2273263:[3, 8, 2, 8, 1, 3, 0, 0, 6, 5]
2274215:[4, 3, 1, 7, 3, 6, 1, 6, 4, 8]
2274510:[3, 0, 2, 2, 9, 2, 1, 1, 1, 6]
2277196:[9, 2, 0, 8, 6, 2, 0, 8, 8, 0]
2279979:[5, 9, 2, 3, 4, 1, 6, 9, 1, 3]
2280861:[9, 3, 0, 9, 1, 7, 3, 1, 3, 5]
228967:[5, 7, 9, 3, 5, 0, 7, 2, 4, 5]
2291408:[8, 3, 9, 5, 0, 0, 0, 9, 8, 3]
2296565:[5, 9, 5, 4, 8, 0, 5, 8, 5, 4]
2298319:[8, 5, 9, 7, 7, 1, 7, 2, 3, 6]
2299948:[4, 9, 1, 2, 3, 7, 8, 9, 1, 2]
2301004:[9, 5, 2, 6, 8, 6, 6, 5, 9, 5]
2302031:[9, 0, 8, 3, 6, 4, 8, 6, 4, 6]
2302549:[6, 8, 7, 6, 1, 3, 4, 1, 4, 1]
2303233:[2, 4, 7, 3, 4, 9, 6, 4, 6, 0]
2305118:[0, 3, 2, 2, 9, 6, 4, 7, 4, 9]
2307848:[3, 9, 8, 6, 4, 2, 2, 1, 2, 0]
2309533:[5, 1, 3, 1, 2, 6, 4, 5, 8, 7]
2314045:[6, 9, 7, 5, 4, 1, 3, 8, 2, 8]
2314262:[4, 8, 1, 9, 7, 4, 1, 0, 3, 7]
2315384:[7, 5, 3, 3, 4, 2, 1, 3, 8, 6]
2315875:[6, 4, 0, 6, 4, 6, 3, 0, 8, 7]
232312:[7, 9, 5, 6, 4, 5, 8, 7, 6, 3]
2323545:[5, 0, 2, 1, 1, 3, 5, 6, 1, 2]
2323681:[3, 9, 1, 2, 7, 0, 4, 9, 2, 3]
2324:[4, 0, 9, 4, 6, 6, 7, 4, 1, 7]
2335397:[4, 1, 2, 9, 7, 4, 7, 5, 4, 1]
2342618:[8, 3, 3, 2, 9, 1, 5, 7, 9, 4]
2343924:[7, 9, 0, 3, 1, 0, 4, 2, 9, 1]
2344574:[2, 0, 3, 9, 7, 9, 3, 9, 5, 3]
2345149:[9, 7, 9, 1, 2, 6, 8, 4, 1, 5]
2350348:[3, 2, 4, 5, 6, 3, 7, 9, 4, 8]
2357299:[6, 7, 1, 9, 9, 2, 8, 6, 0, 2]
2360860:[2, 6, 1, 0, 9, 1, 1, 7, 7, 8]
236169:[5, 3, 3, 1, 5, 9, 7, 8, 0, 7]
2364813:[2, 4, 9, 9, 8, 2, 6, 3, 1, 0]
2365452:[5, 3, 3, 1, 5, 9, 7, 8, 0, 7]
2368548:[3, 0, 9, 7, 5, 9, 2, 7, 7, 2]
2370937:[7, 7, 5, 6, 8, 8, 3, 6, 1, 3]
2372802:[4, 8, 8, 5, 2, 4, 0, 2, 0, 1]
2374969:[5, 9, 2, 3, 4, 1, 6, 9, 1, 3]
2380850:[0, 2, 4, 6, 1, 9, 6, 4, 2, 5]
2381578:[4, 5, 8, 6, 9, 5, 6, 3, 6, 7]
2381672:[5, 1, 5, 3, 4, 4, 1, 4, 4, 0]
2382366:[0, 9, 8, 3, 8, 6, 6, 8, 5, 4]
2383463:[5, 4, 0, 7, 4, 5, 7, 2, 9, 2]
2383529:[2, 9, 4, 5, 2, 1, 5, 7, 0, 1]
2386021:[3, 4, 0, 1, 6, 0, 8, 8, 2, 0]
2389419:[0, 7, 2, 3, 1, 3, 5, 6, 6, 9]
2393174:[5, 1, 2, 6, 5, 3, 3, 6, 7, 4]
2393217:[7, 0, 9, 0, 2, 4, 4, 4, 4, 0]
2395687:[6, 4, 9, 4, 2, 5, 5, 5, 0, 8]
2400193:[3, 8, 6, 5, 3, 2, 8, 4, 9, 6]
240071:[4, 6, 9, 3, 5, 7, 4, 4, 2, 7]
2402536:[8, 9, 8, 7, 7, 1, 8, 6, 1, 2]
2402600:[0, 3, 9, 7, 5, 8, 0, 9, 5, 2]
2407154:[9, 0, 6, 8, 7, 5, 0, 3, 0, 4]
2411309:[1, 0, 5, 6, 3, 6, 8, 5, 0, 0]
2418510:[9, 4, 5, 6, 0, 1, 6, 6, 5, 5]
2418955:[7, 5, 2, 7, 8, 1, 7, 1, 8, 3]
2421332:[2, 7, 6, 4, 1, 2, 5, 8, 3, 9]
2422441:[2, 8, 9, 3, 2, 4, 0, 7, 1, 8]
2425305:[5, 3, 3, 1, 5, 9, 7, 8, 0, 7]
2425444:[1, 3, 4, 5, 6, 7, 2, 3, 0, 0]
2425746:[7, 8, 7, 7, 5, 7, 6, 5, 3, 9]
2430144:[5, 3, 3, 2, 3, 3, 1, 4, 1, 2]
2430729:[2, 5, 2, 8, 6, 7, 1, 3, 8, 5]
2430760:[0, 3, 1, 4, 0, 3, 1, 1, 8, 7]
2445184:[1, 9, 3, 7, 5, 9, 4, 1, 2, 8]
2447809:[9, 1, 7, 8, 6, 7, 9, 2, 3, 9]
2450077:[4, 7, 9, 8, 6, 4, 9, 5, 8, 2]
2450421:[1, 2, 1, 9, 1, 5, 1, 7, 3, 2]
2452874:[5, 1, 4, 5, 7, 1, 7, 9, 6, 2]
2457138:[8, 0, 1, 0, 1, 0, 3, 8, 3, 1]
2459874:[2, 7, 8, 3, 9, 8, 9, 6, 2, 1]
2461058:[6, 1, 0, 3, 7, 4, 4, 4, 7, 2]
2465251:[5, 3, 3, 1, 5, 9, 7, 8, 0, 7]
2469974:[2, 5, 0, 7, 8, 1, 5, 9, 6, 0]
2470799:[0, 5, 7, 4, 7, 7, 8, 3, 5, 1]
2474090:[8, 9, 3, 2, 7, 6, 0, 4, 1, 3]
2477364:[0, 8, 7, 1, 3, 8, 1, 8, 4, 9]
2479220:[4, 3, 6, 5, 1, 0, 9, 1, 3, 9]
2482129:[8, 0, 6, 0, 2, 6, 8, 5, 2, 7]
2484453:[7, 6, 2, 0, 4, 4, 1, 0, 3, 6]
2487802:[7, 6, 8, 9, 2, 3, 2, 9, 6, 1]
249140:[7, 9, 4, 5, 2, 0, 1, 4, 8, 7]
2492989:[4, 8, 1, 7, 2, 3, 7, 1, 1, 4]
2500594:[1, 1, 4, 9, 6, 7, 0, 7, 2, 3]
2500965:[6, 7, 9, 6, 9, 7, 4, 7, 8, 8]
2506940:[2, 9, 5, 0, 8, 5, 0, 2, 5, 6]
2509916:[7, 5, 4, 8, 9, 4, 5, 8, 6, 8]
2510329:[7, 3, 8, 5, 0, 9, 8, 4, 9, 0]
2515246:[9, 4, 2, 8, 8, 8, 3, 9, 8, 5]
2515678:[7, 7, 7, 0, 6, 9, 5, 6, 0, 9]
2518593:[4, 0, 4, 4, 6, 9, 7, 6, 8, 1]
2518686:[5, 2, 2, 9, 2, 7, 8, 2, 7, 7]
2519792:[4, 9, 1, 7, 3, 5, 4, 5, 3, 2]
2523946:[9, 6, 4, 3, 1, 8, 0, 3, 6, 0]
2524715:[7, 0, 6, 6, 3, 2, 2, 5, 1, 7]
2529562:[7, 4, 6, 7, 2, 1, 2, 1, 6, 3]
2529873:[5, 9, 2, 3, 4, 1, 6, 9, 1, 3]
2535253:[4, 5, 0, 6, 1, 4, 8, 9, 3, 3]
2537942:[1, 4, 1, 6, 2, 4, 0, 1, 2, 4]
2544795:[9, 0, 8, 2, 2, 9, 9, 0, 2, 4]
2545175:[0, 5, 1, 4, 2, 2, 6, 2, 4, 8]
2548449:[5, 7, 2, 4, 7, 1, 1, 1, 4, 3]
2549153:[5, 6, 3, 3, 2, 7, 7, 0, 4, 6]
2552363:[6, 9, 1, 3, 3, 1, 7, 3, 3, 6]
2556563:[0, 9, 5, 7, 0, 0, 1, 7, 9, 0]
255742:[0, 5, 5, 9, 4, 6, 9, 2, 8, 6]
2562299:[9, 7, 5, 6, 1, 5, 8, 5, 9, 2]
2562338:[2, 9, 5, 3, 6, 1, 0, 3, 6, 5]
256296:[4, 5, 8, 7, 7, 3, 8, 7, 4, 2]
2564008:[4, 1, 9, 7, 1, 3, 8, 2, 3, 5]
2566233:[8, 1, 4, 4, 8, 0, 5, 1, 7, 1]
2573050:[8, 9, 6, 9, 1, 5, 1, 3, 0, 6]
2573921:[4, 3, 3, 8, 0, 6, 0, 4, 8, 6]
2580858:[4, 5, 9, 9, 7, 9, 3, 1, 5, 4]
2583384:[5, 9, 4, 6, 5, 1, 9, 7, 5, 3]
2592736:[8, 9, 5, 0, 0, 5, 3, 9, 1, 1]
2594191:[0, 0, 0, 5, 3, 8, 8, 1, 9, 0]
2599064:[8, 3, 2, 1, 8, 5, 5, 2, 9, 4]
2605715:[1, 8, 6, 7, 6, 9, 3, 7, 1, 9]
2613043:[1, 5, 8, 2, 6, 3, 9, 5, 7, 3]
2613975:[6, 5, 0, 6, 7, 0, 7, 2, 6, 9]
2618329:[9, 0, 8, 2, 2, 9, 9, 0, 2, 4]
2620093:[5, 9, 2, 3, 4, 1, 6, 9, 1, 3]
2624280:[3, 7, 2, 0, 4, 9, 5, 4, 1, 6]
262603:[6, 9, 9, 5, 7, 4, 4, 6, 7, 8]
2626236:[3, 6, 4, 7, 4, 2, 6, 9, 1, 0]
2630118:[0, 7, 2, 3, 1, 3, 5, 6, 6, 9]
2630691:[9, 5, 2, 4, 6, 3, 5, 8, 2, 4]
2631327:[7, 6, 8, 8, 3, 5, 0, 4, 8, 3]
2635376:[9, 4, 8, 4, 0, 0, 2, 2, 4, 4]
2637571:[8, 5, 6, 9, 2, 4, 3, 3, 7, 6]
2642235:[9, 1, 5, 8, 0, 1, 2, 9, 7, 2]
2648493:[3, 2, 9, 2, 9, 4, 3, 8, 8, 7]
264862:[3, 2, 1, 3, 9, 8, 4, 8, 4, 7]
2654248:[9, 3, 3, 1, 7, 1, 5, 8, 4, 6]
2654423:[5, 0, 5, 2, 9, 0, 5, 1, 7, 7]
2658403:[2, 9, 0, 0, 5, 2, 8, 7, 0, 6]
266792:[9, 1, 8, 8, 5, 5, 1, 9, 3, 1]
2673514:[5, 0, 3, 8, 0, 8, 2, 6, 2, 8]
2676233:[5, 9, 2, 3, 4, 1, 6, 9, 1, 3]
2677051:[5, 0, 4, 1, 7, 3, 7, 7, 7, 6]
2679690:[4, 1, 2, 0, 1, 7, 9, 0, 7, 3]
2688529:[1, 4, 6, 4, 0, 0, 8, 5, 3, 3]
2689924:[6, 3, 1, 7, 0, 4, 4, 5, 8, 4]
2702982:[9, 7, 2, 6, 2, 1, 1, 3, 5, 2]
2704005:[6, 1, 5, 6, 4, 0, 8, 6, 4, 4]
2704379:[2, 0, 5, 4, 8, 9, 2, 8, 8, 9]
2704879:[0, 5, 7, 2, 1, 6, 8, 1, 0, 3]
2711380:[5, 9, 2, 3, 4, 1, 6, 9, 1, 3]
2712884:[5, 0, 8, 7, 7, 1, 9, 5, 5, 8]
2716080:[4, 6, 2, 6, 8, 5, 3, 9, 5, 0]
2719008:[9, 4, 3, 1, 3, 4, 1, 2, 8, 5]
2723243:[6, 0, 9, 4, 0, 8, 4, 3, 8, 0]
2730963:[6, 7, 8, 4, 7, 8, 0, 4, 4, 4]
2731839:[7, 8, 4, 3, 2, 4, 6, 3, 7, 6]
273926:[2, 6, 7, 6, 6, 5, 0, 9, 6, 6]
2741823:[7, 8, 1, 3, 3, 0, 1, 9, 7, 6]
2750639:[2, 7, 3, 9, 7, 5, 6, 9, 5, 2]
2751840:[6, 8, 7, 5, 3, 8, 9, 5, 3, 6]
2752000:[3, 1, 7, 6, 3, 3, 0, 4, 6, 9]
2754814:[4, 5, 2, 7, 2, 0, 5, 1, 2, 0]
2760546:[7, 8, 3, 4, 8, 7, 5, 7, 0, 0]
2762361:[1, 6, 8, 1, 7, 8, 5, 0, 7, 6]
2767629:[2, 5, 7, 7, 5, 1, 8, 0, 8, 4]
2768904:[6, 8, 5, 5, 4, 6, 2, 8, 1, 9]
2771142:[2, 5, 4, 5, 8, 2, 7, 4, 8, 5]
2771441:[3, 7, 9, 1, 0, 7, 5, 9, 8, 5]
2777073:[6, 3, 3, 0, 5, 2, 4, 8, 6, 7]
2778935:[0, 9, 3, 9, 4, 4, 6, 5, 2, 0]
2783544:[8, 9, 1, 4, 3, 1, 6, 4, 2, 6]
278899:[8, 5, 8, 9, 6, 9, 0, 4, 1, 1]
2789009:[5, 4, 2, 7, 1, 8, 7, 5, 5, 0]
2794892:[9, 1, 2, 3, 6, 2, 1, 5, 0, 9]
2808469:[9, 4, 2, 3, 0, 4, 5, 4, 7, 9]
2809445:[5, 3, 3, 1, 5, 9, 7, 8, 0, 7]
2823452:[5, 8, 5, 8, 3, 6, 4, 1, 0, 8]
2824319:[9, 9, 1, 1, 4, 5, 6, 7, 9, 2]
2827682:[6, 3, 4, 9, 3, 1, 1, 4, 1, 7]
2830742:[7, 1, 9, 6, 1, 0, 3, 8, 4, 2]
2834336:[3, 6, 2, 8, 9, 3, 0, 6, 8, 4]
2836721:[6, 3, 9, 0, 0, 9, 3, 5, 2, 8]
284082:[9, 3, 4, 7, 6, 3, 8, 8, 2, 3]
2842062:[3, 9, 1, 2, 7, 0, 4, 9, 2, 3]
2842745:[2, 1, 6, 2, 9, 6, 1, 1, 0, 3]
2843411:[2, 0, 9, 5, 3, 1, 3, 5, 9, 7]
2847055:[1, 8, 4, 1, 0, 3, 2, 0, 0, 1]
2847733:[3, 0, 1, 2, 5, 9, 0, 6, 2, 7]
2859383:[6, 7, 1, 7, 3, 9, 5, 8, 6, 5]
286887:[3, 6, 9, 8, 1, 7, 5, 2, 9, 8]
2871220:[0, 3, 2, 4, 1, 3, 1, 2, 3, 5]
2871904:[2, 3, 7, 4, 5, 8, 5, 0, 6, 4]
2874500:[0, 0, 5, 5, 1, 7, 5, 0, 7, 0]
2874630:[0, 1, 0, 0, 4, 0, 2, 6, 5, 5]
287622:[5, 4, 0, 5, 6, 0, 1, 9, 7, 5]
2877062:[6, 9, 8, 0, 9, 9, 6, 4, 8, 6]
2878345:[5, 5, 0, 9, 4, 5, 4, 0, 7, 4]
2880258:[0, 7, 2, 3, 1, 3, 5, 6, 6, 9]
2880690:[4, 2, 1, 6, 0, 0, 4, 4, 0, 3]
2882928:[1, 7, 1, 0, 6, 5, 1, 7, 8, 4]
2888076:[8, 5, 0, 1, 8, 5, 0, 7, 9, 8]
2889462:[0, 9, 3, 3, 9, 6, 4, 9, 2, 4]
2890830:[0, 9, 5, 7, 0, 0, 1, 7, 9, 0]
2894605:[6, 1, 4, 2, 3, 7, 5, 3, 7, 7]
2896203:[2, 5, 7, 4, 9, 6, 6, 0, 8, 7]
2897533:[9, 3, 6, 1, 7, 4, 0, 5, 1, 3]
2899469:[4, 7, 3, 0, 8, 1, 1, 6, 0, 7]
2902060:[7, 6, 9, 3, 5, 8, 4, 4, 4, 9]
2904454:[6, 8, 7, 9, 9, 7, 3, 8, 4, 8]
2905852:[2, 9, 6, 9, 8, 0, 1, 8, 1, 9]
2909246:[7, 1, 5, 6, 2, 7, 2, 6, 3, 1]
2909895:[4, 5, 2, 4, 2, 5, 8, 9, 4, 1]
2916073:[0, 0, 6, 4, 3, 9, 6, 5, 1, 7]
2918981:[1, 8, 1, 6, 5, 6, 2, 8, 1, 1]
2921542:[0, 4, 0, 1, 3, 6, 7, 3, 2, 6]
2922045:[3, 9, 1, 2, 7, 0, 4, 9, 2, 3]
292339:[4, 2, 2, 0, 4, 7, 7, 2, 4, 6]
292569:[9, 0, 8, 4, 3, 9, 8, 2, 2, 7]
2927223:[5, 4, 6, 4, 6, 0, 5, 1, 1, 6]
2935045:[9, 9, 8, 9, 6, 7, 7, 9, 7, 0]
2935993:[8, 4, 0, 1, 4, 1, 7, 4, 4, 7]
2936018:[7, 7, 9, 7, 5, 1, 9, 6, 8, 4]
2936982:[9, 8, 1, 4, 9, 8, 2, 6, 6, 3]
2939256:[4, 0, 3, 7, 4, 5, 1, 4, 1, 8]
2939396:[1, 0, 2, 2, 6, 9, 7, 2, 3, 9]
2940720:[8, 2, 1, 5, 5, 3, 0, 0, 6, 9]
2946961:[1, 9, 8, 6, 2, 8, 6, 1, 9, 5]
2947124:[1, 7, 6, 0, 5, 8, 4, 9, 0, 7]
2951590:[9, 8, 7, 9, 6, 9, 8, 2, 9, 3]
2953458:[2, 6, 0, 4, 5, 3, 9, 8, 4, 9]
2956107:[3, 9, 6, 6, 4, 7, 8, 5, 7, 9]
2956868:[2, 6, 1, 3, 1, 5, 9, 2, 0, 5]
2960272:[5, 8, 0, 5, 1, 5, 3, 6, 2, 1]
2968402:[1, 7, 2, 0, 7, 6, 2, 5, 6, 8]
2969783:[3, 7, 9, 2, 8, 0, 8, 5, 4, 8]
2973083:[4, 5, 6, 3, 5, 9, 0, 8, 5, 5]
297329:[0, 5, 8, 6, 8, 5, 7, 2, 4, 3]
2974106:[1, 9, 1, 0, 8, 3, 1, 9, 1, 0]
2980724:[3, 7, 8, 3, 0, 4, 6, 8, 0, 1]
2981580:[4, 0, 2, 5, 5, 8, 4, 4, 3, 1]
2984336:[9, 7, 1, 3, 7, 7, 9, 3, 8, 0]
2985023:[8, 5, 5, 0, 4, 4, 1, 5, 3, 8]
2995741:[8, 9, 2, 5, 0, 0, 7, 0, 4, 1]
2997416:[5, 9, 3, 6, 3, 6, 7, 7, 7, 8]
2998318:[5, 2, 2, 2, 7, 7, 1, 2, 1, 3]
2998520:[2, 2, 5, 0, 8, 2, 7, 2, 7, 9]
300023:[6, 6, 2, 0, 5, 9, 9, 3, 9, 0]
3013656:[9, 8, 7, 5, 3, 1, 7, 1, 2, 5]
3014495:[2, 3, 5, 2, 6, 1, 5, 8, 2, 0]
3015144:[7, 7, 2, 6, 1, 1, 1, 9, 8, 5]
3018243:[1, 1, 9, 1, 6, 5, 7, 9, 0, 4]
3022599:[9, 3, 7, 5, 6, 9, 7, 7, 9, 2]
3024152:[7, 1, 9, 1, 0, 8, 5, 2, 8, 5]
302539:[2, 7, 7, 9, 5, 5, 4, 6, 5, 7]
3034909:[7, 1, 9, 2, 2, 0, 4, 2, 3, 4]
3036653:[3, 1, 1, 9, 4, 8, 2, 3, 9, 5]
3039441:[8, 0, 6, 8, 8, 9, 0, 3, 2, 8]
3043123:[8, 4, 2, 4, 4, 7, 0, 0, 7, 2]
3044215:[8, 2, 8, 2, 8, 5, 8, 2, 2, 5]
3046032:[7, 8, 3, 6, 7, 5, 5, 6, 0, 3]
3047769:[0, 7, 1, 6, 9, 7, 5, 3, 0, 7]
3048834:[4, 3, 4, 5, 4, 4, 9, 8, 0, 0]
3059500:[8, 7, 3, 6, 7, 7, 5, 5, 2, 5]
306276:[3, 2, 0, 1, 6, 0, 9, 5, 5, 8]
3067861:[2, 3, 7, 8, 3, 6, 0, 2, 9, 3]
3068423:[0, 7, 2, 3, 1, 3, 5, 6, 6, 9]
307734:[2, 0, 5, 0, 0, 0, 4, 2, 0, 7]
3079159:[5, 4, 2, 6, 5, 9, 2, 0, 5, 5]
307948:[2, 5, 5, 7, 3, 0, 2, 2, 4, 5]
3080219:[6, 3, 0, 7, 3, 1, 9, 4, 8, 7]
3081059:[9, 9, 4, 9, 3, 5, 7, 2, 9, 1]
3084836:[3, 5, 2, 1, 1, 2, 2, 9, 6, 8]
3089133:[1, 5, 4, 3, 3, 4, 1, 2, 7, 5]
3090385:[6, 1, 3, 2, 6, 2, 0, 2, 2, 8]
3091598:[0, 0, 0, 4, 2, 4, 0, 6, 0, 5]
3092054:[7, 4, 2, 1, 1, 0, 6, 4, 4, 9]
3101855:[8, 3, 6, 6, 4, 4, 7, 5, 7, 1]
3102944:[9, 5, 6, 9, 8, 3, 3, 0, 6, 9]
3106017:[6, 8, 7, 1, 0, 3, 8, 4, 4, 1]
3113215:[4, 6, 3, 5, 7, 2, 7, 1, 5, 7]
3113361:[0, 2, 6, 7, 1, 7, 8, 1, 5, 6]
3116986:[2, 6, 0, 0, 6, 0, 0, 6, 4, 4]
3119014:[0, 4, 1, 6, 5, 7, 2, 3, 0, 3]
3122213:[9, 6, 2, 5, 1, 6, 5, 1, 3, 9]
3122403:[0, 6, 7, 8, 2, 8, 5, 2, 6, 4]
3123793:[9, 3, 5, 1, 7, 4, 2, 8, 3, 3]
3123939:[8, 5, 8, 5, 9, 9, 4, 7, 5, 0]
3124269:[0, 5, 6, 6, 6, 2, 7, 7, 4, 5]
3130510:[4, 8, 6, 4, 0, 6, 6, 9, 4, 0]
3139429:[8, 7, 1, 3, 0, 5, 9, 1, 4, 2]
3140105:[2, 6, 9, 9, 1, 6, 6, 6, 6, 3]
3140927:[7, 7, 7, 6, 7, 7, 5, 0, 3, 7]
3149787:[9, 2, 1, 1, 4, 8, 2, 5, 2, 6]
3152145:[3, 2, 1, 9, 2, 2, 4, 2, 4, 9]
3154316:[1, 1, 2, 1, 6, 4, 1, 7, 2, 3]
3154881:[7, 2, 7, 6, 8, 3, 8, 6, 4, 5]
3157400:[0, 6, 6, 4, 4, 8, 5, 6, 1, 0]
3157867:[6, 5, 9, 0, 6, 0, 8, 1, 4, 5]
3161619:[7, 7, 6, 5, 7, 1, 2, 6, 9, 5]
3165062:[5, 1, 9, 6, 3, 2, 1, 5, 2, 2]
3168220:[4, 7, 3, 3, 6, 9, 0, 1, 4, 0]
3171078:[9, 8, 5, 1, 9, 9, 0, 2, 0, 8]
3174502:[9, 3, 9, 3, 7, 3, 7, 9, 8, 7]
3174695:[4, 3, 0, 7, 3, 9, 9, 8, 0, 9]
3175140:[3, 9, 1, 2, 7, 0, 4, 9, 2, 3]
3176162:[4, 6, 0, 5, 5, 9, 6, 3, 3, 2]
3183073:[4, 9, 7, 8, 9, 3, 7, 5, 0, 2]
3190929:[7, 8, 5, 5, 5, 5, 7, 8, 1, 1]
3198290:[0, 9, 6, 4, 6, 2, 9, 5, 5, 8]
3204054:[9, 4, 2, 0, 5, 0, 4, 6, 5, 9]
3207885:[5, 0, 9, 5, 6, 9, 4, 9, 8, 8]
3209490:[1, 8, 7, 6, 9, 5, 7, 7, 6, 8]
3211609:[0, 3, 5, 8, 0, 0, 6, 1, 2, 6]
3211707:[3, 8, 1, 8, 4, 0, 4, 2, 1, 2]
3212503:[3, 4, 8, 3, 3, 2, 9, 7, 1, 1]
3213039:[8, 3, 6, 6, 4, 4, 7, 5, 7, 1]
3217023:[6, 8, 9, 5, 5, 3, 9, 8, 2, 1]
3219326:[4, 0, 1, 4, 7, 2, 3, 4, 1, 7]
3221166:[3, 9, 9, 5, 9, 1, 6, 6, 8, 4]
3222922:[9, 0, 8, 4, 3, 9, 8, 2, 2, 7]
3223258:[6, 4, 1, 3, 9, 7, 0, 9, 5, 0]
3231194:[0, 2, 2, 6, 8, 9, 5, 4, 5, 3]
3245952:[7, 2, 4, 5, 9, 0, 9, 8, 4, 5]
324775:[6, 5, 5, 8, 6, 2, 7, 2, 0, 0]
3247982:[5, 6, 4, 0, 2, 3, 4, 0, 7, 1]
3249146:[1, 7, 5, 3, 3, 9, 9, 3, 0, 9]
3266851:[2, 2, 4, 8, 1, 2, 3, 4, 2, 6]
3267578:[6, 1, 8, 2, 4, 1, 6, 7, 8, 3]
329188:[4, 5, 0, 5, 7, 3, 0, 2, 0, 6]
330524:[8, 1, 9, 1, 1, 4, 2, 5, 9, 3]
340201:[6, 5, 6, 9, 1, 9, 9, 7, 9, 5]
340609:[2, 1, 5, 9, 6, 5, 0, 3, 2, 0]
342809:[9, 4, 4, 4, 8, 0, 9, 5, 3, 5]
343456:[3, 9, 1, 2, 7, 0, 4, 9, 2, 3]
343736:[9, 3, 3, 3, 7, 2, 8, 8, 9, 5]
343852:[1, 4, 8, 3, 9, 9, 2, 2, 2, 6]
355605:[1, 0, 4, 5, 9, 7, 8, 5, 0, 7]
364110:[4, 1, 7, 2, 8, 5, 9, 5, 3, 2]
36562:[2, 7, 3, 5, 9, 2, 4, 0, 0, 9]
366109:[4, 7, 1, 8, 3, 8, 0, 7, 8, 8]
367284:[5, 9, 2, 3, 4, 1, 6, 9, 1, 3]
369995:[1, 4, 5, 8, 8, 9, 8, 5, 5, 3]
37354:[1, 9, 1, 3, 4, 7, 0, 2, 8, 3]
377121:[6, 4, 8, 1, 7, 5, 4, 0, 4, 2]
380391:[4, 3, 4, 9, 9, 0, 3, 0, 5, 8]
391805:[0, 2, 1, 6, 8, 0, 3, 2, 8, 9]
392801:[7, 0, 7, 0, 6, 0, 6, 3, 8, 8]
393265:[0, 5, 1, 1, 3, 7, 1, 0, 0, 7]
393430:[8, 1, 9, 3, 6, 7, 3, 7, 3, 3]
39524:[5, 6, 7, 0, 2, 5, 6, 8, 4, 1]
398072:[4, 6, 4, 9, 9, 7, 6, 6, 5, 6]
399915:[3, 1, 9, 4, 2, 9, 0, 5, 3, 4]
40366:[5, 3, 7, 5, 6, 8, 2, 0, 2, 0]
408477:[2, 8, 7, 0, 3, 0, 0, 0, 3, 0]
410333:[7, 9, 2, 9, 2, 1, 4, 4, 1, 3]
411338:[7, 2, 0, 1, 7, 8, 5, 3, 8, 3]
41167:[0, 4, 4, 8, 2, 9, 5, 1, 1, 1]
414144:[3, 7, 7, 9, 0, 3, 1, 2, 1, 7]
414161:[7, 9, 1, 2, 9, 0, 5, 9, 1, 9]
41463:[8, 7, 6, 9, 5, 8, 8, 2, 8, 8]
415764:[2, 2, 0, 6, 4, 9, 7, 9, 4, 3]
415832:[7, 5, 6, 8, 9, 5, 6, 4, 1, 7]
429881:[4, 2, 9, 7, 1, 0, 8, 7, 7, 8]
430570:[5, 0, 5, 3, 2, 5, 9, 3, 8, 0]
433099:[8, 7, 7, 2, 5, 7, 3, 7, 6, 1]
433268:[1, 6, 2, 9, 6, 1, 9, 2, 8, 8]
434326:[2, 8, 8, 5, 9, 6, 9, 0, 9, 4]
442319:[9, 0, 8, 4, 3, 9, 8, 2, 2, 7]
445177:[2, 3, 2, 5, 5, 3, 7, 4, 2, 2]
445669:[5, 7, 9, 3, 5, 5, 2, 2, 2, 5]
448599:[4, 3, 2, 8, 3, 6, 2, 3, 8, 1]
459397:[4, 1, 7, 4, 8, 4, 4, 7, 5, 8]
460648:[7, 6, 2, 5, 8, 2, 5, 2, 4, 3]
460746:[5, 0, 4, 3, 9, 7, 7, 9, 0, 8]
466645:[3, 8, 4, 4, 3, 4, 6, 0, 1, 6]
470512:[2, 0, 7, 9, 5, 7, 4, 5, 5, 5]
473952:[2, 2, 9, 8, 0, 7, 2, 3, 3, 6]
474913:[9, 5, 4, 4, 3, 0, 2, 4, 8, 2]
480270:[5, 4, 9, 3, 8, 4, 6, 2, 5, 2]
482573:[5, 4, 3, 2, 2, 0, 3, 7, 6, 1]
485081:[2, 8, 4, 8, 8, 6, 8, 0, 1, 1]
488800:[3, 3, 0, 9, 7, 4, 1, 5, 0, 7]
496355:[7, 5, 9, 0, 2, 6, 4, 3, 1, 3]
496819:[6, 9, 4, 0, 8, 8, 7, 9, 9, 7]
499129:[6, 7, 9, 0, 5, 8, 2, 4, 5, 8]
502277:[6, 0, 7, 1, 2, 0, 4, 4, 3, 2]
507852:[4, 4, 6, 4, 2, 9, 7, 5, 0, 2]
508688:[5, 0, 6, 1, 4, 3, 6, 1, 7, 3]
509477:[4, 7, 1, 8, 5, 8, 2, 6, 8, 4]
510887:[4, 9, 1, 0, 4, 5, 3, 6, 7, 9]
51648:[8, 9, 6, 5, 1, 9, 9, 3, 2, 3]
5182:[0, 4, 4, 9, 5, 1, 9, 0, 9, 2]
524114:[8, 5, 9, 4, 2, 6, 6, 1, 0, 5]
52461:[8, 6, 2, 6, 0, 7, 7, 3, 4, 4]
524676:[4, 3, 4, 7, 3, 6, 5, 8, 2, 6]
535613:[4, 3, 6, 9, 6, 8, 2, 4, 8, 6]
537671:[6, 3, 5, 3, 9, 1, 4, 4, 7, 6]
540354:[6, 3, 9, 0, 1, 9, 5, 3, 3, 1]
540382:[8, 9, 5, 8, 3, 8, 4, 1, 4, 7]
547660:[0, 0, 9, 0, 1, 0, 4, 3, 0, 8]
556005:[9, 1, 4, 1, 3, 5, 0, 5, 3, 0]
55721:[9, 4, 2, 0, 6, 2, 7, 7, 8, 8]
560804:[8, 3, 5, 8, 8, 2, 3, 6, 6, 9]
561324:[2, 5, 2, 2, 5, 3, 7, 0, 2, 1]
563134:[2, 0, 4, 3, 4, 9, 4, 2, 2, 5]
563213:[5, 8, 8, 3, 3, 5, 3, 2, 3, 4]
566740:[7, 3, 3, 1, 6, 3, 7, 1, 9, 8]
568078:[0, 4, 9, 6, 4, 1, 7, 1, 7, 9]
573655:[1, 4, 7, 6, 5, 9, 8, 2, 0, 5]
573839:[9, 8, 8, 0, 6, 8, 8, 4, 7, 3]
573974:[9, 0, 5, 8, 7, 9, 1, 8, 4, 8]
575751:[6, 4, 2, 1, 9, 6, 9, 4, 9, 3]
581565:[2, 4, 2, 0, 7, 1, 7, 6, 9, 2]
582070:[3, 5, 3, 4, 4, 7, 7, 4, 1, 6]
583514:[7, 9, 0, 7, 2, 6, 7, 9, 3, 2]
584317:[6, 7, 2, 3, 7, 3, 3, 3, 5, 5]
592372:[4, 6, 7, 4, 8, 8, 1, 0, 5, 8]
592801:[2, 9, 3, 9, 4, 9, 3, 5, 3, 6]
594112:[4, 8, 7, 9, 0, 3, 1, 1, 8, 5]
596818:[5, 1, 2, 5, 4, 4, 7, 5, 3, 7]
599923:[8, 7, 6, 9, 5, 8, 8, 8, 8, 8]
600813:[7, 5, 4, 9, 3, 2, 0, 5, 1, 2]
603417:[2, 3, 8, 8, 7, 2, 8, 7, 6, 7]
60466:[7, 9, 2, 4, 8, 6, 6, 6, 8, 9]
605352:[4, 1, 9, 2, 7, 4, 8, 5, 4, 5]
606180:[9, 5, 4, 7, 6, 6, 3, 8, 6, 2]
608138:[8, 1, 3, 5, 6, 7, 2, 5, 7, 8]
612360:[7, 3, 0, 9, 8, 5, 8, 9, 0, 5]
620893:[5, 3, 4, 5, 2, 3, 6, 6, 2, 5]
620902:[2, 2, 5, 7, 3, 3, 7, 2, 2, 9]
621317:[3, 7, 9, 5, 4, 7, 2, 5, 6, 0]
622025:[4, 1, 1, 0, 8, 2, 8, 3, 1, 8]
622338:[0, 7, 2, 3, 1, 3, 5, 6, 6, 9]
623642:[3, 0, 7, 0, 0, 6, 3, 6, 6, 9]
6240:[8, 1, 3, 5, 2, 8, 5, 4, 0, 6]
625532:[5, 9, 2, 3, 4, 1, 6, 9, 1, 3]
625648:[5, 9, 8, 6, 4, 9, 2, 8, 6, 9]
630489:[0, 4, 1, 1, 7, 8, 4, 8, 8, 3]
631537:[5, 5, 0, 2, 8, 0, 5, 5, 4, 9]
632814:[8, 1, 4, 4, 1, 7, 7, 5, 9, 1]
634792:[2, 2, 1, 4, 0, 9, 6, 2, 7, 5]
639834:[9, 5, 7, 5, 0, 8, 0, 9, 3, 9]
644050:[4, 1, 8, 4, 2, 1, 3, 1, 6, 6]
644760:[0, 9, 3, 8, 0, 6, 3, 8, 0, 0]
649086:[1, 2, 2, 9, 9, 3, 0, 2, 5, 6]
65480:[3, 9, 1, 2, 7, 0, 4, 9, 2, 3]
656901:[5, 0, 4, 4, 2, 3, 2, 2, 8, 9]
657855:[3, 2, 5, 5, 6, 3, 5, 1, 0, 2]
657915:[4, 3, 4, 2, 2, 4, 2, 1, 1, 6]
667130:[7, 5, 5, 8, 1, 4, 5, 6, 1, 2]
671157:[5, 3, 3, 1, 5, 9, 7, 8, 0, 7]
678069:[0, 9, 6, 9, 8, 9, 1, 4, 3, 1]
6786:[0, 6, 5, 5, 2, 3, 5, 2, 9, 8]
679422:[4, 1, 1, 1, 1, 6, 3, 8, 0, 6]
680116:[5, 6, 2, 2, 4, 8, 5, 9, 5, 3]
680918:[9, 8, 9, 9, 8, 1, 8, 9, 0, 8]
682634:[3, 5, 0, 9, 0, 3, 0, 3, 1, 3]
685542:[9, 6, 4, 5, 3, 7, 2, 2, 6, 3]
687093:[1, 2, 7, 1, 9, 7, 3, 5, 9, 9]
687984:[3, 9, 0, 1, 1, 6, 3, 1, 8, 7]
688084:[6, 4, 0, 4, 0, 1, 4, 8, 0, 4]
688502:[3, 8, 4, 1, 3, 7, 8, 2, 5, 8]
689612:[6, 0, 6, 4, 5, 5, 3, 4, 8, 9]
693592:[5, 8, 3, 3, 1, 1, 5, 5, 9, 1]
695879:[5, 3, 3, 1, 5, 9, 7, 8, 0, 7]
696258:[5, 4, 4, 7, 1, 3, 5, 8, 2, 3]
697810:[9, 7, 6, 0, 2, 8, 1, 5, 2, 6]
704964:[1, 0, 9, 7, 8, 4, 5, 1, 0, 8]
707882:[5, 0, 0, 0, 1, 4, 6, 6, 8, 5]
708030:[2, 5, 7, 7, 5, 1, 8, 0, 8, 4]
709651:[4, 7, 3, 9, 8, 6, 6, 9, 5, 2]
710081:[9, 8, 7, 2, 3, 0, 9, 3, 2, 1]
714296:[2, 1, 6, 2, 9, 6, 1, 1, 0, 3]
715694:[1, 4, 1, 6, 4, 2, 1, 7, 0, 0]
716256:[3, 3, 5, 4, 0, 5, 0, 2, 9, 9]
723969:[0, 0, 1, 8, 4, 4, 6, 1, 6, 8]
729483:[7, 4, 4, 5, 8, 9, 8, 0, 0, 5]
73216:[5, 6, 8, 6, 4, 3, 0, 2, 8, 2]
739568:[8, 2, 4, 8, 5, 7, 2, 9, 7, 5]
74318:[6, 1, 0, 8, 9, 0, 3, 5, 9, 3]
747587:[5, 9, 2, 3, 4, 1, 6, 9, 1, 3]
748911:[0, 4, 8, 4, 1, 6, 7, 0, 5, 1]
753519:[0, 7, 7, 7, 7, 0, 2, 2, 3, 6]
75472:[5, 6, 3, 9, 4, 8, 0, 9, 6, 7]
755624:[9, 1, 4, 2, 5, 4, 7, 6, 1, 0]
759553:[4, 9, 5, 1, 9, 1, 8, 8, 0, 5]
75976:[0, 8, 0, 2, 9, 5, 2, 9, 8, 2]
761454:[3, 9, 9, 2, 0, 4, 7, 2, 9, 4]
761553:[4, 5, 2, 4, 4, 1, 8, 2, 9, 8]
762319:[0, 5, 0, 8, 9, 1, 3, 2, 1, 2]
764967:[8, 5, 9, 4, 2, 6, 6, 1, 0, 5]
768540:[5, 4, 0, 6, 9, 9, 2, 5, 5, 4]
769220:[6, 0, 5, 6, 3, 2, 1, 8, 6, 7]
777636:[8, 1, 5, 5, 6, 1, 6, 2, 9, 7]
778142:[5, 7, 0, 4, 9, 4, 1, 7, 9, 8]
781236:[5, 1, 6, 3, 3, 6, 5, 2, 5, 9]
795613:[1, 5, 2, 6, 6, 2, 9, 3, 6, 1]
798605:[3, 7, 3, 7, 5, 4, 5, 3, 2, 2]
798766:[2, 9, 7, 0, 0, 3, 2, 6, 9, 3]
801993:[7, 6, 0, 1, 4, 1, 8, 2, 1, 4]
805473:[3, 9, 1, 2, 7, 0, 4, 9, 2, 3]
810973:[7, 5, 0, 2, 9, 0, 0, 7, 2, 9]
811900:[5, 8, 2, 5, 1, 8, 8, 6, 9, 9]
812217:[0, 9, 5, 5, 2, 1, 4, 3, 0, 9]
814642:[0, 7, 5, 9, 2, 6, 3, 5, 3, 8]
816357:[4, 9, 0, 2, 9, 0, 7, 1, 8, 5]
81928:[1, 7, 5, 7, 1, 3, 2, 1, 2, 3]
820334:[1, 3, 6, 2, 6, 7, 9, 2, 2, 2]
821099:[6, 0, 4, 9, 2, 7, 2, 3, 2, 9]
827527:[8, 7, 2, 2, 9, 6, 8, 5, 5, 2]
83507:[9, 9, 2, 2, 2, 8, 5, 7, 7, 2]
836736:[3, 9, 8, 3, 5, 4, 3, 0, 2, 9]
838918:[5, 6, 2, 0, 7, 9, 3, 5, 9, 4]
839185:[1, 3, 4, 7, 9, 5, 0, 2, 0, 5]
841481:[6, 2, 2, 9, 9, 6, 6, 4, 9, 1]
841522:[3, 6, 9, 6, 1, 0, 7, 3, 2, 7]
847343:[3, 9, 1, 2, 7, 0, 4, 9, 2, 3]
848917:[4, 8, 8, 3, 2, 1, 9, 3, 3, 8]
851720:[5, 7, 0, 1, 1, 6, 5, 4, 1, 1]
858703:[5, 3, 3, 1, 5, 9, 7, 8, 0, 7]
860615:[1, 2, 3, 2, 5, 6, 7, 3, 8, 6]
863214:[4, 7, 0, 7, 1, 9, 3, 4, 3, 8]
869599:[5, 3, 3, 1, 5, 9, 7, 8, 0, 7]
870312:[5, 9, 1, 0, 3, 8, 9, 2, 5, 5]
873315:[5, 8, 6, 4, 8, 7, 7, 7, 5, 1]
874714:[6, 9, 9, 8, 5, 3, 7, 3, 2, 6]
875785:[4, 3, 8, 5, 5, 0, 8, 9, 5, 2]
875834:[2, 2, 7, 7, 0, 1, 2, 6, 7, 0]
878465:[3, 2, 2, 7, 2, 8, 5, 0, 2, 7]
881109:[9, 0, 8, 9, 1, 2, 0, 9, 3, 5]
881944:[8, 5, 4, 5, 8, 9, 0, 6, 0, 3]
887588:[5, 9, 0, 1, 8, 1, 1, 9, 0, 9]
89153:[5, 5, 9, 9, 9, 4, 6, 3, 6, 5]
89216:[2, 6, 2, 1, 4, 8, 9, 0, 8, 6]
893540:[6, 7, 0, 1, 9, 8, 4, 7, 6, 2]
89807:[5, 7, 9, 8, 6, 3, 0, 8, 8, 9]
899033:[4, 6, 8, 2, 6, 2, 6, 5, 8, 9]
901079:[6, 0, 9, 1, 7, 6, 2, 9, 0, 3]
907578:[0, 5, 1, 9, 7, 4, 4, 0, 8, 3]
908473:[9, 9, 0, 7, 0, 7, 7, 8, 2, 5]
912153:[4, 0, 7, 6, 6, 2, 6, 6, 3, 6]
921252:[8, 5, 3, 5, 2, 1, 7, 4, 3, 4]
92484:[8, 6, 1, 4, 7, 9, 8, 6, 8, 2]
924993:[6, 2, 7, 3, 7, 7, 9, 4, 7, 6]
928986:[6, 9, 8, 0, 9, 9, 6, 4, 8, 6]
929766:[5, 4, 6, 0, 9, 5, 7, 1, 5, 5]
931515:[6, 2, 5, 2, 4, 9, 2, 4, 3, 4]
934349:[7, 3, 2, 7, 8, 8, 7, 4, 7, 2]
936069:[4, 6, 6, 3, 8, 6, 3, 7, 5, 3]
939896:[1, 6, 0, 6, 7, 9, 4, 8, 3, 8]
940368:[7, 9, 3, 4, 0, 7, 5, 7, 6, 5]
942707:[2, 6, 2, 3, 7, 0, 2, 0, 8, 1]
945565:[8, 2, 8, 3, 1, 1, 8, 0, 1, 4]
956275:[1, 4, 3, 7, 9, 0, 4, 9, 7, 4]
958206:[9, 0, 8, 4, 3, 9, 8, 2, 2, 7]
959586:[3, 1, 8, 5, 5, 7, 1, 3, 5, 5]
96242:[3, 6, 6, 0, 8, 4, 9, 8, 3, 8]
967364:[8, 6, 4, 3, 9, 6, 6, 8, 5, 5]
968653:[4, 2, 9, 4, 5, 8, 3, 7, 8, 8]
971328:[3, 0, 4, 3, 4, 4, 3, 8, 0, 9]
9819:[6, 0, 4, 5, 2, 4, 4, 3, 2, 9]
98264:[6, 0, 8, 2, 1, 8, 3, 4, 3, 6]
98327:[9, 0, 5, 4, 2, 2, 8, 1, 2, 9]
983701:[9, 1, 7, 2, 5, 9, 3, 7, 3, 2]
991094:[3, 9, 9, 7, 7, 3, 4, 4, 3, 9]
991978:[5, 9, 2, 3, 4, 1, 6, 9, 1, 3]
993947:[1, 8, 7, 6, 6, 3, 6, 1, 3, 5]
994564:[0, 9, 0, 3, 6, 8, 6, 9, 5, 9]
995159:[6, 2, 4, 4, 5, 2, 2, 3, 9, 4]
99657:[5, 6, 1, 2, 9, 3, 6, 3, 3, 9]
