1032916:[2, 1, 5, 7, 5, 7, 4, 5, 1, 6]
1095937:[3, 9, 0, 2, 5, 8, 3, 0, 0, 4]
1098007:[3, 5, 1, 3, 1, 0, 3, 7, 6, 8]
1132708:[6, 1, 3, 0, 4, 7, 1, 2, 3, 8]
113771:[0, 6, 3, 8, 2, 8, 5, 6, 5, 3]
1159801:[6, 2, 7, 1, 0, 6, 0, 4, 6, 7]
1161541:[7, 0, 6, 6, 5, 2, 4, 5, 8, 2]
1175909:[5, 2, 8, 8, 1, 7, 3, 7, 7, 1]
1201957:[0, 3, 9, 7, 7, 9, 0, 9, 2, 5]
1224144:[0, 6, 1, 0, 9, 1, 0, 2, 8, 3]
1247584:[1, 7, 9, 1, 5, 9, 5, 4, 5, 1]
1248620:[0, 3, 3, 9, 2, 3, 2, 6, 6, 1]
1252821:[3, 1, 2, 1, 7, 9, 5, 2, 7, 3]
1253673:[0, 2, 9, 9, 7, 5, 7, 1, 0, 9]
1254378:[8, 8, 9, 8, 5, 9, 8, 9, 6, 3]
1258381:[7, 9, 5, 7, 3, 7, 6, 3, 5, 7]
1277732:[0, 8, 2, 4, 3, 6, 6, 1, 8, 7]
1295555:[9, 8, 2, 9, 0, 9, 2, 3, 7, 1]
1301919:[3, 5, 6, 4, 5, 3, 5, 0, 1, 9]
130544:[9, 9, 6, 3, 2, 2, 1, 9, 2, 7]
1365192:[9, 1, 8, 9, 8, 4, 5, 2, 1, 4]
1367065:[1, 0, 8, 6, 5, 3, 8, 3, 7, 6]
1369154:[6, 0, 2, 1, 4, 2, 0, 8, 3, 1]
1385161:[3, 5, 5, 3, 2, 2, 2, 8, 1, 0]
1387156:[3, 3, 0, 2, 4, 1, 1, 2, 7, 4]
1457734:[1, 3, 0, 5, 3, 0, 5, 5, 1, 5]
1485231:[4, 8, 5, 9, 8, 0, 0, 2, 0, 6]
1485462:[5, 0, 1, 6, 6, 9, 7, 4, 7, 6]
1486610:[3, 2, 6, 3, 9, 6, 4, 9, 6, 2]
1493238:[2, 7, 6, 1, 3, 0, 2, 0, 1, 4]
1496799:[8, 6, 6, 9, 6, 7, 1, 6, 3, 6]
1507455:[3, 9, 5, 5, 0, 6, 4, 1, 0, 5]
1512043:[9, 5, 3, 4, 4, 6, 5, 0, 9, 6]
1523406:[4, 6, 9, 0, 8, 7, 6, 3, 2, 5]
1534314:[6, 3, 5, 9, 1, 5, 4, 6, 3, 7]
1536154:[7, 4, 9, 7, 0, 3, 2, 6, 2, 3]
1573206:[6, 9, 5, 7, 4, 0, 4, 0, 5, 6]
1593260:[8, 8, 9, 8, 5, 9, 8, 9, 6, 3]
1624448:[3, 8, 8, 1, 3, 4, 0, 9, 5, 8]
1647109:[8, 4, 8, 3, 4, 1, 0, 8, 2, 5]
1647600:[1, 4, 9, 0, 0, 7, 9, 5, 8, 4]
1661632:[8, 8, 9, 8, 5, 9, 8, 9, 6, 3]
1662391:[1, 3, 8, 7, 9, 4, 2, 6, 5, 6]
1683548:[9, 2, 1, 1, 7, 4, 1, 6, 8, 5]
1704422:[5, 1, 1, 8, 8, 9, 0, 8, 2, 9]
1707305:[2, 4, 3, 8, 4, 8, 5, 6, 0, 6]
1717841:[6, 5, 9, 0, 1, 9, 9, 2, 9, 7]
1718557:[0, 6, 4, 7, 1, 6, 6, 1, 3, 9]
1735243:[2, 7, 8, 7, 4, 3, 7, 2, 7, 6]
1766793:[9, 4, 1, 6, 1, 9, 5, 1, 9, 9]
1784585:[1, 8, 8, 8, 6, 6, 7, 6, 8, 6]
1787357:[8, 2, 9, 1, 2, 2, 5, 8, 3, 5]
1795413:[8, 5, 8, 1, 0, 0, 9, 4, 7, 9]
1803665:[0, 5, 9, 8, 2, 9, 2, 3, 7, 4]
1813164:[6, 1, 8, 1, 1, 6, 6, 8, 6, 8]
1836965:[9, 1, 0, 0, 0, 9, 5, 9, 8, 0]
1850040:[7, 3, 8, 6, 8, 1, 5, 9, 8, 0]
1858298:[9, 4, 1, 9, 9, 4, 0, 6, 3, 8]
1860839:[1, 1, 7, 6, 1, 2, 0, 7, 8, 9]
1879889:[5, 5, 4, 7, 3, 5, 6, 2, 6, 7]
1910492:[0, 9, 1, 9, 0, 5, 7, 1, 0, 8]
1916685:[9, 5, 8, 9, 8, 9, 0, 8, 7, 1]
1933673:[3, 5, 1, 8, 9, 6, 5, 5, 6, 7]
1934834:[0, 3, 4, 3, 6, 8, 3, 5, 6, 8]
1946075:[0, 4, 5, 8, 6, 5, 4, 6, 9, 7]
1957752:[4, 6, 0, 5, 5, 0, 2, 6, 4, 7]
1957979:[8, 7, 2, 7, 1, 9, 2, 4, 5, 7]
1980805:[1, 9, 9, 5, 8, 8, 7, 8, 2, 3]
1982143:[6, 6, 7, 9, 6, 5, 6, 6, 8, 1]
198343:[4, 9, 0, 8, 0, 9, 5, 3, 1, 3]
1999871:[9, 5, 6, 9, 7, 4, 5, 7, 5, 2]
2045734:[7, 3, 7, 5, 4, 0, 4, 0, 7, 6]
2062561:[5, 7, 1, 0, 2, 0, 9, 8, 5, 3]
2066989:[2, 8, 0, 9, 9, 7, 7, 1, 4, 5]
2071033:[6, 2, 8, 4, 3, 4, 0, 0, 5, 7]
2072680:[6, 8, 8, 3, 1, 5, 1, 6, 3, 2]
2080842:[6, 3, 8, 4, 5, 2, 4, 5, 0, 2]
2150462:[4, 9, 6, 3, 9, 9, 1, 6, 1, 3]
2155679:[7, 5, 6, 1, 0, 6, 7, 5, 5, 2]
2161603:[8, 7, 5, 3, 6, 1, 5, 5, 2, 3]
2185308:[9, 3, 1, 2, 3, 6, 5, 5, 0, 4]
2185327:[3, 8, 9, 2, 9, 4, 9, 7, 7, 7]
2192367:[4, 8, 8, 0, 1, 4, 6, 0, 4, 8]
2202479:[6, 4, 1, 4, 7, 3, 0, 3, 7, 8]
2206167:[2, 6, 3, 7, 1, 9, 4, 0, 1, 9]
2223350:[6, 3, 9, 9, 8, 5, 8, 0, 4, 0]
2239072:[1, 0, 6, 3, 9, 6, 0, 3, 7, 4]
2277399:[4, 8, 2, 7, 8, 1, 0, 3, 3, 1]
2285799:[6, 9, 9, 8, 5, 0, 7, 1, 3, 1]
2292794:[1, 5, 9, 6, 3, 6, 7, 6, 8, 5]
2296005:[5, 2, 7, 9, 8, 5, 8, 9, 8, 9]
2302597:[6, 6, 9, 7, 1, 2, 2, 7, 2, 1]
2303914:[1, 2, 9, 1, 1, 9, 8, 6, 3, 3]
231030:[6, 9, 9, 5, 3, 9, 5, 6, 1, 2]
233989:[1, 2, 0, 5, 4, 4, 5, 1, 5, 3]
2347387:[9, 8, 0, 7, 1, 7, 4, 5, 8, 9]
235140:[4, 2, 9, 3, 8, 2, 8, 1, 5, 2]
2368387:[0, 5, 2, 0, 3, 7, 4, 2, 4, 7]
2369165:[5, 9, 5, 9, 1, 9, 3, 1, 7, 6]
2383945:[1, 1, 4, 2, 7, 2, 3, 1, 9, 9]
2429708:[4, 4, 6, 5, 8, 6, 9, 5, 2, 4]
248745:[7, 1, 7, 4, 2, 2, 5, 1, 0, 0]
2488727:[9, 3, 2, 5, 1, 9, 6, 1, 1, 7]
2500934:[9, 6, 9, 1, 7, 1, 4, 3, 9, 5]
2567177:[7, 4, 8, 3, 9, 9, 1, 5, 2, 6]
2612351:[5, 1, 2, 1, 4, 8, 5, 3, 7, 4]
2624886:[4, 5, 0, 7, 1, 1, 4, 5, 8, 4]
2629838:[3, 8, 8, 7, 6, 7, 3, 6, 8, 6]
2635740:[1, 0, 6, 3, 9, 6, 8, 6, 1, 4]
266042:[1, 1, 0, 3, 0, 9, 0, 2, 3, 2]
2660448:[9, 0, 4, 9, 6, 6, 2, 0, 5, 5]
2670323:[2, 8, 2, 2, 6, 9, 1, 6, 4, 2]
2698488:[0, 5, 6, 1, 6, 4, 2, 5, 3, 0]
2739957:[6, 3, 9, 3, 3, 1, 4, 5, 8, 6]
2782399:[6, 8, 0, 5, 3, 5, 2, 5, 2, 5]
278513:[7, 3, 0, 2, 2, 0, 7, 0, 2, 8]
281504:[5, 3, 7, 0, 5, 8, 3, 2, 8, 6]
2819130:[2, 4, 0, 9, 2, 9, 9, 4, 7, 8]
2821192:[9, 9, 8, 7, 6, 2, 5, 3, 9, 5]
2823960:[6, 6, 7, 1, 1, 3, 2, 8, 1, 7]
2874944:[3, 6, 3, 8, 5, 0, 1, 0, 8, 2]
2952834:[8, 5, 7, 2, 7, 6, 6, 0, 2, 1]
2970620:[3, 2, 3, 8, 8, 6, 4, 5, 6, 2]
2979664:[3, 8, 0, 5, 2, 5, 5, 1, 4, 2]
2991676:[1, 3, 2, 4, 8, 2, 7, 3, 6, 7]
303789:[2, 7, 8, 2, 7, 9, 4, 3, 3, 5]
3038148:[3, 2, 1, 2, 6, 3, 5, 5, 1, 6]
3040843:[4, 7, 9, 3, 6, 5, 4, 1, 7, 7]
3042872:[6, 8, 2, 5, 3, 9, 7, 5, 0, 6]
3063901:[7, 1, 9, 5, 7, 4, 3, 6, 6, 6]
3069548:[9, 6, 2, 5, 9, 1, 2, 1, 4, 5]
308321:[6, 1, 9, 4, 2, 0, 4, 4, 7, 3]
3103527:[0, 7, 3, 5, 4, 2, 4, 6, 3, 8]
3112568:[9, 9, 4, 9, 8, 2, 2, 2, 4, 9]
3134292:[6, 6, 8, 2, 2, 3, 2, 3, 7, 9]
3141362:[0, 7, 0, 9, 0, 8, 7, 0, 2, 6]
3171507:[3, 1, 5, 2, 7, 8, 2, 1, 4, 1]
3194610:[6, 2, 2, 9, 8, 1, 8, 1, 3, 1]
3223610:[6, 0, 8, 9, 7, 5, 6, 0, 5, 2]
3224285:[7, 0, 8, 1, 6, 5, 2, 8, 9, 2]
3224760:[2, 6, 7, 7, 2, 9, 5, 4, 9, 5]
3226790:[7, 1, 0, 4, 5, 6, 9, 4, 7, 2]
3239017:[1, 9, 7, 4, 5, 4, 2, 3, 5, 5]
34389:[1, 5, 1, 4, 0, 3, 5, 0, 4, 2]
374536:[1, 1, 5, 2, 7, 8, 1, 1, 9, 9]
392065:[5, 1, 6, 5, 1, 0, 7, 1, 6, 1]
413688:[3, 9, 1, 2, 7, 0, 4, 9, 2, 3]
414215:[4, 2, 9, 6, 3, 1, 7, 4, 9, 3]
427072:[7, 8, 8, 7, 6, 6, 7, 6, 5, 6]
436533:[5, 5, 6, 7, 2, 5, 3, 5, 8, 2]
436732:[9, 7, 6, 8, 9, 7, 8, 7, 9, 7]
445300:[7, 4, 3, 5, 7, 0, 4, 9, 6, 6]
445756:[1, 7, 0, 8, 1, 8, 4, 3, 7, 1]
470311:[6, 3, 2, 6, 4, 2, 8, 1, 7, 6]
52037:[5, 1, 5, 7, 3, 1, 9, 8, 0, 9]
538988:[4, 6, 5, 4, 6, 8, 1, 1, 6, 9]
542920:[5, 4, 4, 3, 4, 6, 3, 6, 8, 4]
551102:[4, 5, 4, 8, 6, 4, 8, 8, 0, 6]
556310:[8, 5, 9, 4, 2, 1, 7, 5, 0, 2]
560946:[8, 0, 0, 4, 7, 1, 7, 0, 3, 7]
567807:[9, 5, 0, 0, 7, 2, 7, 4, 6, 2]
62869:[5, 1, 1, 6, 3, 0, 7, 2, 4, 5]
633251:[5, 3, 2, 4, 3, 5, 3, 9, 1, 6]
636436:[1, 5, 4, 1, 9, 8, 6, 9, 5, 2]
639799:[1, 4, 8, 4, 3, 0, 1, 4, 3, 5]
656509:[1, 3, 8, 7, 9, 6, 7, 5, 7, 6]
669369:[6, 9, 3, 2, 6, 5, 5, 2, 6, 1]
670894:[3, 3, 9, 3, 7, 8, 6, 3, 1, 7]
676550:[7, 8, 8, 9, 2, 1, 8, 5, 5, 1]
689792:[5, 4, 5, 8, 5, 6, 1, 6, 9, 5]
7029:[4, 1, 6, 8, 7, 8, 3, 8, 6, 3]
713:[8, 2, 6, 1, 9, 3, 9, 8, 9, 5]
718755:[2, 8, 3, 2, 3, 1, 5, 5, 8, 7]
738466:[0, 0, 1, 6, 8, 5, 8, 5, 8, 7]
742835:[9, 0, 4, 1, 4, 5, 8, 9, 3, 6]
746860:[3, 0, 8, 7, 4, 4, 8, 7, 8, 6]
750843:[0, 7, 0, 5, 6, 8, 3, 4, 2, 3]
762312:[0, 4, 0, 7, 6, 1, 4, 2, 2, 4]
762427:[5, 4, 5, 2, 2, 8, 5, 4, 5, 8]
780825:[3, 1, 2, 2, 5, 8, 7, 6, 9, 7]
80983:[3, 6, 4, 5, 5, 0, 7, 5, 2, 5]
824078:[3, 5, 1, 6, 2, 6, 8, 9, 5, 0]
875447:[6, 5, 9, 1, 2, 4, 4, 6, 2, 1]
884075:[9, 4, 5, 2, 5, 3, 5, 7, 9, 1]
898684:[6, 9, 3, 2, 6, 5, 5, 2, 6, 1]
910275:[7, 1, 0, 4, 5, 6, 9, 4, 7, 2]
911586:[0, 8, 0, 2, 8, 6, 7, 9, 1, 2]
912058:[4, 3, 8, 0, 6, 7, 5, 2, 8, 1]
91471:[7, 3, 5, 2, 6, 4, 7, 9, 6, 0]
915431:[8, 6, 5, 3, 0, 8, 9, 0, 8, 4]
937713:[4, 8, 5, 8, 5, 8, 2, 8, 0, 0]
959838:[0, 9, 2, 8, 8, 7, 0, 6, 4, 8]
960068:[4, 2, 9, 1, 3, 3, 6, 9, 2, 3]
968923:[9, 4, 6, 8, 3, 3, 8, 6, 9, 3]
970084:[9, 7, 4, 9, 8, 6, 2, 6, 7, 1]
976145:[0, 2, 8, 8, 4, 7, 7, 5, 7, 2]
985994:[2, 0, 5, 2, 0, 4, 4, 7, 5, 5]
995271:[8, 1, 2, 6, 4, 9, 2, 7, 6, 7]
