1010899:[0, 9, 8, 7, 0, 9, 6, 2, 6, 6]
1013266:[3, 1, 4, 2, 8, 2, 2, 0, 2, 0]
1047701:[7, 3, 9, 0, 7, 1, 5, 9, 0, 0]
105391:[8, 5, 2, 1, 0, 2, 2, 8, 5, 8]
1055115:[7, 2, 4, 2, 8, 9, 0, 5, 6, 6]
1081282:[3, 8, 6, 5, 7, 1, 4, 0, 3, 2]
1083469:[6, 9, 5, 7, 6, 1, 4, 0, 7, 0]
1108366:[3, 7, 2, 5, 1, 3, 7, 8, 2, 1]
1110537:[1, 8, 2, 4, 1, 2, 9, 3, 2, 7]
1112832:[8, 5, 8, 0, 9, 3, 7, 5, 1, 7]
1125072:[2, 5, 7, 9, 2, 6, 4, 9, 0, 9]
1125734:[8, 9, 5, 9, 3, 2, 1, 5, 9, 0]
1144421:[8, 9, 4, 0, 5, 4, 2, 3, 5, 5]
1149374:[7, 0, 8, 5, 8, 2, 3, 9, 3, 6]
1159456:[2, 5, 2, 7, 3, 3, 3, 6, 0, 4]
1181744:[2, 4, 6, 1, 4, 2, 6, 1, 8, 0]
118407:[3, 7, 8, 9, 7, 4, 8, 9, 5, 2]
1202042:[3, 3, 9, 4, 4, 7, 8, 8, 6, 7]
1211840:[3, 1, 0, 4, 4, 9, 2, 0, 3, 0]
1213971:[2, 5, 5, 9, 5, 6, 0, 3, 4, 6]
1223570:[6, 9, 6, 3, 7, 8, 3, 9, 8, 1]
1224151:[9, 7, 8, 8, 5, 5, 5, 9, 3, 1]
1229942:[3, 8, 6, 2, 3, 6, 5, 9, 3, 5]
1237506:[4, 1, 8, 1, 6, 9, 4, 5, 9, 1]
1249906:[1, 3, 3, 1, 3, 7, 9, 9, 5, 6]
1269886:[2, 1, 6, 8, 4, 5, 6, 3, 4, 8]
1276175:[4, 6, 6, 9, 2, 1, 3, 0, 7, 0]
127942:[8, 1, 3, 8, 6, 7, 3, 8, 2, 9]
1283154:[2, 4, 6, 2, 4, 6, 0, 0, 4, 6]
1297384:[9, 7, 8, 6, 6, 0, 9, 6, 4, 3]
1314016:[2, 2, 6, 6, 0, 0, 9, 9, 4, 1]
1316165:[4, 1, 2, 4, 7, 1, 4, 5, 2, 1]
1368967:[7, 0, 1, 8, 1, 7, 0, 7, 5, 2]
1378485:[6, 5, 7, 7, 6, 3, 9, 9, 6, 3]
1394045:[2, 4, 1, 0, 7, 0, 0, 6, 4, 0]
1403620:[2, 1, 7, 9, 7, 8, 4, 3, 4, 5]
142604:[0, 0, 1, 2, 6, 5, 5, 0, 0, 7]
1440280:[0, 4, 9, 3, 1, 5, 6, 3, 8, 1]
1446150:[2, 1, 8, 0, 7, 0, 9, 6, 3, 6]
1480131:[3, 6, 1, 7, 8, 9, 7, 5, 0, 8]
1499755:[4, 4, 0, 2, 0, 6, 2, 1, 1, 9]
1516477:[5, 1, 8, 4, 6, 9, 4, 9, 0, 1]
1519889:[9, 8, 1, 0, 8, 2, 5, 0, 9, 7]
1541675:[3, 6, 0, 2, 1, 0, 3, 7, 2, 6]
1543313:[0, 5, 0, 8, 7, 2, 0, 9, 5, 5]
1567695:[1, 6, 6, 6, 7, 8, 3, 4, 1, 4]
1571893:[6, 2, 3, 0, 8, 8, 6, 9, 3, 5]
1572205:[3, 9, 7, 9, 5, 0, 9, 0, 9, 9]
1599188:[0, 2, 3, 2, 4, 5, 0, 5, 5, 0]
1615436:[1, 4, 0, 8, 4, 0, 9, 9, 9, 1]
1615886:[4, 5, 9, 0, 7, 9, 1, 7, 8, 2]
1616917:[1, 4, 4, 0, 7, 8, 2, 2, 0, 5]
1618175:[6, 5, 1, 6, 6, 0, 1, 2, 9, 5]
1625094:[6, 2, 4, 8, 0, 7, 6, 6, 3, 1]
1639085:[0, 5, 4, 0, 2, 9, 5, 0, 9, 2]
1653332:[1, 2, 6, 6, 7, 7, 9, 9, 9, 6]
1655500:[1, 1, 0, 8, 4, 2, 9, 9, 5, 8]
1689947:[3, 1, 1, 2, 6, 6, 8, 0, 2, 6]
1704237:[8, 6, 7, 7, 5, 5, 0, 0, 2, 6]
1717275:[1, 2, 3, 6, 3, 8, 3, 2, 5, 3]
1728501:[6, 1, 7, 8, 3, 0, 2, 5, 3, 1]
1743204:[5, 5, 1, 4, 3, 0, 4, 9, 0, 0]
1744643:[9, 2, 5, 4, 4, 2, 1, 6, 9, 1]
1765238:[4, 5, 5, 6, 9, 2, 9, 9, 5, 3]
1793820:[7, 2, 4, 0, 6, 8, 6, 5, 4, 1]
1805261:[1, 6, 2, 5, 0, 9, 6, 0, 1, 3]
1809362:[4, 1, 3, 8, 6, 2, 7, 9, 9, 4]
184893:[6, 6, 3, 8, 8, 3, 6, 6, 7, 5]
1870808:[1, 9, 1, 6, 0, 3, 8, 3, 9, 1]
1878702:[8, 8, 7, 9, 2, 6, 8, 1, 9, 6]
1890777:[2, 2, 5, 1, 0, 8, 0, 6, 4, 6]
1941141:[7, 9, 2, 5, 2, 2, 9, 0, 9, 0]
1964681:[5, 2, 9, 1, 9, 7, 8, 3, 3, 4]
1997345:[7, 0, 5, 3, 4, 2, 0, 4, 3, 8]
1997522:[9, 6, 9, 8, 2, 8, 1, 7, 7, 6]
2007432:[2, 2, 5, 6, 7, 2, 4, 6, 8, 9]
200926:[5, 0, 3, 6, 3, 7, 9, 6, 3, 1]
2029342:[3, 5, 0, 3, 6, 8, 4, 3, 9, 5]
2037561:[9, 6, 5, 0, 3, 2, 2, 3, 6, 4]
2105205:[9, 1, 4, 9, 6, 0, 9, 9, 9, 5]
2105976:[1, 5, 6, 6, 6, 3, 3, 6, 4, 2]
210818:[5, 6, 7, 4, 2, 8, 9, 0, 3, 7]
2109468:[1, 2, 9, 0, 2, 5, 4, 2, 9, 6]
212182:[4, 5, 1, 4, 5, 3, 4, 4, 4, 2]
2135110:[1, 4, 8, 6, 6, 4, 3, 3, 4, 3]
2139871:[9, 9, 6, 0, 4, 5, 9, 9, 2, 3]
2141011:[9, 7, 8, 7, 4, 4, 2, 4, 6, 5]
2145739:[3, 0, 5, 9, 4, 2, 7, 7, 9, 3]
2147884:[5, 6, 4, 0, 9, 2, 6, 7, 8, 8]
215051:[2, 9, 7, 6, 7, 9, 7, 9, 6, 8]
2164893:[2, 4, 2, 6, 6, 3, 2, 6, 3, 2]
2168397:[2, 8, 5, 2, 3, 6, 8, 6, 2, 1]
2179939:[0, 9, 7, 2, 4, 1, 6, 0, 6, 0]
2188206:[5, 5, 7, 5, 0, 4, 7, 3, 3, 2]
2190480:[2, 2, 2, 2, 6, 1, 6, 3, 3, 0]
2206548:[3, 2, 9, 0, 5, 3, 9, 2, 3, 9]
2210240:[8, 7, 6, 6, 8, 2, 2, 2, 6, 6]
2211446:[3, 0, 8, 9, 7, 8, 0, 0, 4, 9]
2230447:[5, 8, 7, 5, 7, 3, 2, 8, 2, 6]
224323:[6, 5, 5, 5, 2, 4, 6, 6, 1, 5]
2249946:[3, 8, 9, 0, 7, 1, 5, 3, 1, 9]
2264253:[4, 7, 8, 7, 6, 2, 3, 7, 9, 6]
2267932:[5, 7, 6, 5, 9, 7, 1, 4, 9, 5]
2270577:[7, 8, 4, 6, 5, 4, 6, 0, 7, 8]
2273098:[7, 4, 3, 6, 4, 2, 6, 3, 5, 3]
2274072:[3, 9, 0, 3, 8, 1, 2, 3, 9, 6]
2292358:[4, 6, 0, 6, 7, 8, 0, 9, 3, 0]
2299561:[7, 5, 3, 3, 6, 5, 8, 9, 4, 6]
2299871:[5, 3, 6, 2, 9, 9, 9, 0, 8, 2]
2303362:[2, 3, 9, 7, 4, 2, 6, 0, 0, 1]
2317786:[3, 6, 0, 2, 1, 0, 3, 7, 2, 6]
2318764:[2, 6, 2, 9, 0, 2, 9, 0, 1, 1]
2329125:[1, 4, 7, 2, 8, 2, 8, 1, 5, 1]
2340649:[6, 6, 7, 8, 9, 7, 1, 6, 5, 6]
2348958:[2, 0, 0, 6, 6, 8, 0, 6, 3, 3]
2353056:[2, 8, 1, 7, 5, 5, 8, 5, 4, 5]
2353405:[9, 7, 6, 7, 9, 9, 2, 3, 2, 2]
2358724:[0, 0, 1, 0, 5, 7, 8, 3, 7, 9]
2371909:[0, 1, 8, 6, 8, 2, 2, 1, 0, 1]
23911:[3, 2, 0, 1, 4, 6, 5, 6, 4, 9]
2394641:[2, 6, 4, 8, 2, 4, 1, 4, 6, 5]
2415070:[6, 8, 7, 5, 5, 9, 3, 6, 0, 4]
242899:[9, 2, 6, 6, 0, 5, 1, 5, 8, 6]
2430347:[4, 3, 1, 4, 3, 5, 5, 6, 3, 2]
2430453:[4, 2, 0, 6, 2, 1, 7, 2, 2, 9]
2431852:[1, 7, 8, 6, 3, 3, 9, 4, 4, 3]
2456526:[0, 2, 9, 0, 7, 0, 2, 4, 3, 4]
2464790:[4, 8, 5, 6, 2, 3, 2, 0, 2, 4]
2469387:[5, 2, 3, 4, 3, 5, 0, 5, 2, 6]
2476718:[0, 8, 9, 5, 5, 1, 0, 4, 5, 4]
2490318:[3, 4, 7, 0, 3, 1, 7, 8, 3, 2]
2512778:[5, 0, 4, 1, 3, 8, 2, 1, 8, 6]
2516669:[0, 0, 8, 0, 6, 0, 7, 2, 1, 0]
2533566:[4, 6, 9, 8, 4, 9, 6, 6, 7, 2]
2564399:[2, 1, 3, 8, 6, 6, 7, 3, 1, 6]
2618971:[2, 6, 1, 3, 0, 7, 6, 5, 7, 2]
2634382:[7, 7, 9, 8, 0, 7, 5, 3, 1, 6]
2641290:[8, 4, 9, 9, 0, 3, 9, 5, 1, 5]
2669038:[4, 3, 4, 0, 7, 4, 8, 9, 8, 4]
2694137:[2, 1, 1, 6, 5, 9, 9, 9, 6, 7]
271336:[3, 7, 1, 6, 5, 2, 6, 5, 6, 2]
2728875:[0, 1, 2, 7, 5, 2, 9, 9, 8, 6]
273979:[7, 8, 6, 2, 9, 8, 4, 9, 9, 5]
2740006:[3, 1, 8, 8, 0, 7, 1, 1, 9, 5]
2754766:[5, 2, 9, 1, 9, 7, 8, 3, 3, 4]
2796240:[9, 2, 6, 5, 3, 1, 7, 9, 9, 0]
2821033:[8, 6, 3, 1, 5, 9, 7, 4, 5, 1]
2827913:[0, 9, 2, 8, 4, 3, 0, 8, 8, 6]
2830620:[2, 1, 8, 4, 5, 0, 2, 8, 2, 3]
2833393:[0, 2, 8, 4, 4, 9, 0, 3, 4, 9]
2843781:[0, 0, 4, 9, 4, 5, 1, 7, 7, 3]
2844251:[0, 5, 4, 5, 4, 4, 0, 3, 6, 3]
2859723:[8, 6, 0, 8, 7, 0, 5, 7, 4, 6]
2869989:[2, 5, 7, 2, 3, 7, 9, 6, 5, 1]
288387:[7, 4, 6, 1, 1, 3, 7, 9, 6, 7]
2886726:[3, 1, 2, 4, 5, 5, 2, 3, 1, 5]
2916414:[9, 0, 6, 7, 2, 5, 4, 5, 5, 6]
2919941:[9, 5, 4, 1, 0, 1, 2, 0, 3, 1]
2949797:[8, 7, 7, 9, 4, 3, 4, 7, 6, 8]
2981018:[7, 8, 9, 8, 1, 6, 8, 1, 4, 6]
2989941:[5, 7, 5, 2, 1, 9, 0, 9, 9, 6]
3005379:[0, 6, 9, 9, 0, 1, 6, 9, 9, 6]
301268:[0, 0, 8, 3, 2, 1, 6, 8, 9, 4]
3016000:[2, 6, 3, 4, 8, 5, 4, 5, 4, 6]
3018941:[5, 5, 6, 0, 0, 4, 6, 0, 5, 8]
3028402:[2, 7, 0, 0, 3, 6, 3, 8, 9, 8]
3030026:[8, 7, 6, 4, 3, 3, 3, 1, 7, 5]
3033659:[2, 9, 8, 9, 5, 3, 0, 4, 9, 2]
3040628:[5, 3, 6, 6, 2, 0, 3, 5, 7, 7]
3041486:[7, 3, 9, 0, 7, 1, 5, 9, 0, 0]
3052803:[6, 9, 4, 7, 0, 1, 4, 0, 8, 1]
3062576:[6, 0, 7, 3, 0, 7, 7, 5, 4, 6]
3073134:[3, 5, 5, 1, 7, 8, 9, 9, 5, 1]
3081448:[2, 9, 1, 4, 4, 4, 1, 8, 6, 1]
3091397:[1, 2, 0, 9, 2, 7, 7, 2, 1, 2]
3103896:[8, 3, 2, 3, 8, 5, 0, 7, 5, 2]
3106619:[7, 5, 2, 1, 4, 4, 8, 0, 7, 0]
3119771:[2, 5, 7, 9, 2, 6, 4, 9, 0, 9]
3140568:[2, 1, 2, 6, 5, 0, 5, 7, 4, 6]
3149838:[9, 9, 0, 6, 5, 6, 4, 3, 2, 1]
3163367:[5, 0, 3, 2, 7, 5, 4, 5, 2, 2]
3166937:[2, 3, 9, 9, 6, 8, 0, 4, 3, 4]
3171308:[2, 8, 8, 1, 5, 5, 7, 1, 1, 6]
3209868:[2, 1, 2, 0, 1, 5, 0, 6, 3, 6]
3215838:[2, 0, 7, 1, 3, 2, 3, 9, 5, 2]
3253611:[1, 1, 1, 8, 1, 9, 2, 8, 3, 6]
3259901:[0, 8, 8, 3, 5, 1, 1, 7, 6, 8]
3262385:[2, 3, 2, 4, 5, 9, 1, 5, 4, 0]
333449:[0, 1, 8, 6, 8, 2, 2, 1, 0, 1]
346524:[8, 2, 5, 2, 2, 0, 8, 0, 1, 8]
349081:[3, 0, 1, 3, 9, 6, 3, 7, 4, 3]
355667:[0, 6, 2, 8, 0, 9, 9, 4, 4, 6]
364881:[8, 8, 9, 3, 1, 8, 8, 1, 9, 2]
39138:[2, 9, 7, 6, 3, 6, 1, 0, 4, 9]
404418:[3, 0, 0, 1, 4, 4, 9, 8, 2, 5]
408877:[5, 2, 5, 8, 3, 9, 8, 0, 2, 3]
415218:[1, 5, 3, 6, 7, 7, 4, 4, 3, 6]
42647:[1, 9, 3, 4, 4, 7, 9, 5, 1, 2]
431454:[6, 9, 3, 3, 9, 7, 0, 3, 7, 5]
439169:[2, 7, 0, 0, 5, 8, 4, 3, 4, 1]
454980:[8, 6, 2, 8, 7, 8, 3, 2, 4, 6]
458563:[8, 0, 0, 4, 7, 4, 3, 0, 5, 2]
460338:[2, 2, 6, 0, 2, 1, 5, 7, 9, 2]
461569:[5, 9, 1, 2, 4, 9, 9, 9, 9, 9]
468915:[1, 3, 5, 7, 9, 9, 3, 0, 1, 9]
491196:[2, 6, 7, 6, 0, 7, 7, 9, 4, 2]
502448:[0, 2, 9, 0, 7, 0, 2, 4, 3, 4]
511049:[6, 4, 4, 7, 3, 8, 9, 8, 7, 6]
513272:[5, 9, 0, 2, 8, 2, 3, 9, 2, 3]
525004:[8, 4, 3, 4, 5, 4, 1, 4, 7, 4]
526458:[5, 8, 6, 1, 5, 2, 6, 5, 5, 2]
560512:[6, 2, 4, 3, 8, 8, 0, 6, 0, 5]
569637:[8, 1, 5, 6, 2, 6, 8, 0, 4, 3]
587570:[4, 7, 6, 8, 7, 4, 6, 4, 4, 7]
612295:[0, 2, 0, 3, 1, 1, 3, 4, 3, 4]
632904:[7, 3, 7, 8, 0, 6, 7, 9, 5, 3]
658535:[6, 6, 0, 6, 8, 1, 5, 8, 6, 8]
662751:[5, 0, 6, 8, 3, 2, 3, 3, 1, 6]
673548:[1, 9, 7, 7, 0, 7, 1, 9, 3, 6]
67757:[0, 2, 1, 4, 6, 0, 2, 5, 2, 6]
68292:[9, 0, 0, 5, 9, 8, 8, 6, 7, 3]
685881:[8, 4, 3, 6, 1, 1, 8, 9, 9, 9]
744712:[5, 1, 8, 7, 7, 8, 3, 8, 2, 4]
766126:[1, 4, 0, 6, 3, 7, 9, 9, 0, 3]
767143:[7, 0, 0, 8, 0, 6, 9, 0, 4, 4]
775116:[1, 5, 1, 2, 6, 1, 9, 7, 3, 9]
775735:[7, 0, 4, 5, 1, 5, 8, 6, 9, 4]
786829:[9, 0, 0, 1, 6, 4, 6, 4, 4, 4]
79083:[6, 1, 9, 0, 0, 3, 6, 5, 5, 3]
793732:[5, 2, 3, 7, 3, 3, 0, 5, 2, 6]
802574:[1, 5, 7, 6, 6, 3, 9, 5, 5, 1]
804455:[7, 2, 4, 6, 9, 3, 6, 0, 1, 1]
804668:[8, 9, 8, 3, 0, 3, 4, 1, 9, 7]
80799:[6, 2, 3, 5, 4, 4, 0, 9, 7, 5]
810481:[7, 5, 5, 8, 0, 0, 0, 4, 7, 5]
828292:[1, 4, 3, 7, 5, 6, 6, 4, 1, 5]
840142:[6, 8, 2, 5, 9, 1, 4, 2, 3, 6]
852889:[6, 8, 7, 9, 7, 7, 9, 9, 2, 4]
858734:[5, 1, 2, 4, 5, 8, 3, 9, 4, 3]
860335:[2, 0, 0, 7, 5, 9, 6, 7, 2, 8]
862704:[2, 7, 7, 0, 1, 4, 5, 9, 6, 7]
877168:[5, 2, 9, 1, 9, 7, 8, 3, 3, 4]
891203:[4, 1, 7, 0, 5, 0, 2, 0, 2, 1]
909922:[2, 3, 7, 6, 4, 9, 6, 9, 9, 2]
918753:[6, 3, 8, 2, 6, 7, 1, 7, 8, 1]
919660:[2, 5, 7, 3, 8, 5, 9, 0, 3, 6]
921970:[6, 2, 2, 9, 2, 7, 5, 0, 7, 0]
923911:[3, 0, 6, 4, 8, 4, 0, 0, 9, 3]
954:[2, 0, 2, 7, 7, 9, 3, 0, 1, 4]
965821:[0, 8, 3, 1, 0, 9, 7, 5, 4, 1]
