1025742:[2, 8, 7, 3, 6, 1, 7, 4, 1, 8]
1035206:[7, 9, 2, 1, 2, 1, 0, 1, 2, 4]
1042735:[4, 3, 5, 0, 9, 1, 6, 5, 3, 3]
1047917:[9, 6, 2, 0, 7, 5, 7, 7, 6, 2]
1077935:[0, 2, 2, 0, 1, 6, 6, 4, 5, 1]
1083179:[4, 3, 4, 3, 7, 3, 4, 6, 2, 5]
1101263:[5, 9, 3, 1, 0, 7, 5, 9, 2, 9]
1103947:[0, 8, 2, 8, 1, 1, 9, 9, 8, 1]
1169802:[3, 5, 7, 3, 0, 2, 0, 2, 2, 5]
1188620:[3, 2, 2, 4, 7, 8, 7, 3, 7, 3]
1213350:[8, 2, 5, 2, 6, 0, 8, 0, 6, 9]
1231156:[5, 2, 8, 2, 9, 9, 4, 9, 2, 6]
1240963:[7, 6, 5, 6, 0, 1, 7, 8, 2, 6]
1273051:[7, 5, 9, 6, 0, 0, 4, 4, 4, 3]
1280939:[4, 3, 5, 2, 9, 8, 3, 3, 5, 8]
1283513:[2, 0, 5, 3, 7, 3, 0, 6, 5, 8]
1284536:[1, 0, 4, 8, 1, 1, 1, 8, 4, 7]
1291910:[0, 9, 5, 4, 3, 5, 1, 8, 9, 1]
1293649:[5, 2, 4, 9, 0, 3, 0, 6, 8, 3]
1299180:[9, 1, 7, 1, 1, 6, 9, 0, 5, 3]
1301324:[2, 9, 3, 9, 6, 1, 8, 2, 0, 5]
1302831:[2, 0, 7, 5, 9, 2, 5, 2, 0, 4]
1307056:[8, 1, 5, 4, 6, 4, 4, 2, 0, 6]
1339403:[3, 5, 8, 4, 7, 6, 1, 5, 1, 9]
1381319:[6, 8, 3, 7, 2, 2, 2, 2, 1, 3]
1383169:[2, 8, 7, 4, 9, 8, 0, 8, 1, 7]
1397085:[9, 3, 8, 3, 5, 5, 7, 8, 3, 7]
1400524:[0, 3, 9, 2, 5, 5, 9, 9, 0, 8]
1407982:[7, 5, 8, 1, 5, 2, 5, 7, 2, 9]
1429046:[3, 2, 1, 9, 6, 9, 8, 4, 7, 8]
145309:[4, 3, 2, 4, 7, 6, 7, 8, 0, 2]
1457348:[8, 3, 1, 1, 5, 8, 0, 3, 6, 7]
1468663:[0, 5, 6, 1, 1, 5, 8, 2, 7, 8]
1473968:[6, 1, 3, 1, 9, 4, 7, 3, 4, 9]
1482488:[2, 3, 8, 8, 7, 4, 8, 9, 2, 0]
1493334:[9, 6, 1, 0, 2, 4, 0, 6, 4, 7]
1497805:[0, 0, 5, 5, 1, 2, 7, 0, 5, 0]
1520483:[4, 6, 8, 5, 7, 4, 3, 3, 8, 8]
1586432:[5, 8, 6, 1, 0, 0, 8, 1, 0, 9]
1610994:[4, 5, 8, 4, 7, 3, 4, 1, 2, 0]
1662237:[8, 8, 9, 7, 7, 7, 6, 1, 2, 0]
1668802:[6, 5, 4, 5, 8, 0, 5, 3, 8, 8]
1679423:[0, 4, 0, 0, 5, 8, 0, 7, 6, 9]
1679820:[0, 3, 7, 4, 9, 1, 6, 1, 3, 2]
1713572:[9, 2, 2, 7, 8, 9, 1, 0, 7, 7]
1749788:[2, 4, 7, 0, 1, 5, 6, 1, 6, 3]
1769831:[7, 1, 7, 9, 4, 7, 5, 2, 1, 0]
1774091:[7, 9, 9, 0, 9, 2, 5, 2, 9, 6]
1774588:[2, 8, 8, 3, 9, 0, 4, 5, 0, 2]
1811702:[0, 3, 7, 2, 9, 1, 7, 2, 3, 8]
1816115:[6, 1, 2, 7, 6, 6, 7, 0, 7, 5]
1839863:[4, 8, 1, 2, 4, 7, 2, 2, 9, 3]
1849147:[4, 6, 4, 0, 0, 7, 5, 0, 8, 5]
185184:[3, 5, 7, 4, 8, 3, 1, 5, 5, 9]
1858165:[2, 5, 7, 6, 4, 4, 5, 8, 3, 5]
186416:[7, 5, 8, 9, 6, 3, 6, 4, 0, 8]
1875236:[9, 1, 4, 8, 0, 9, 2, 7, 8, 9]
1880486:[9, 4, 8, 1, 7, 3, 4, 3, 9, 9]
1887131:[4, 5, 6, 5, 5, 9, 7, 2, 1, 2]
188773:[9, 7, 6, 9, 6, 5, 4, 4, 6, 0]
1895201:[0, 6, 1, 3, 9, 2, 0, 9, 8, 6]
1920933:[7, 9, 3, 7, 5, 4, 4, 2, 6, 6]
1945774:[4, 9, 4, 7, 4, 2, 2, 6, 5, 4]
1972517:[1, 4, 5, 2, 5, 7, 9, 8, 7, 7]
1975308:[4, 4, 8, 7, 5, 1, 4, 5, 0, 8]
1996590:[4, 3, 9, 6, 4, 4, 6, 4, 8, 8]
2016111:[5, 6, 8, 0, 1, 0, 5, 6, 9, 5]
2029406:[5, 4, 6, 3, 8, 6, 7, 8, 7, 4]
2074008:[6, 7, 4, 0, 8, 0, 9, 9, 4, 0]
2074232:[9, 2, 0, 1, 6, 8, 2, 5, 5, 3]
207778:[1, 0, 7, 9, 7, 2, 2, 7, 4, 5]
2079786:[8, 1, 8, 1, 1, 3, 8, 3, 2, 5]
2106706:[5, 9, 2, 7, 4, 4, 1, 3, 4, 8]
2106792:[9, 5, 7, 1, 6, 4, 6, 3, 8, 7]
2110143:[9, 6, 9, 7, 6, 9, 3, 1, 3, 7]
2114545:[4, 6, 6, 7, 5, 8, 9, 7, 0, 0]
2114907:[8, 4, 8, 1, 5, 2, 3, 4, 5, 4]
2118300:[5, 9, 3, 6, 2, 2, 5, 5, 3, 4]
2141664:[8, 2, 7, 5, 5, 6, 8, 9, 4, 3]
2154524:[2, 8, 4, 5, 9, 3, 6, 9, 1, 3]
2158735:[3, 6, 2, 2, 7, 3, 5, 9, 7, 2]
2162802:[6, 9, 1, 8, 8, 5, 2, 5, 8, 4]
219560:[1, 5, 7, 0, 0, 3, 5, 8, 7, 0]
2195614:[4, 4, 7, 2, 7, 4, 3, 3, 9, 8]
2205584:[1, 0, 4, 4, 5, 0, 1, 7, 9, 7]
2207597:[3, 6, 0, 8, 3, 8, 2, 2, 8, 6]
2214539:[1, 4, 8, 6, 5, 3, 1, 5, 1, 5]
2238110:[4, 6, 4, 6, 2, 1, 8, 6, 1, 3]
2269412:[6, 5, 1, 1, 3, 1, 0, 7, 0, 4]
2269661:[1, 1, 5, 3, 3, 4, 3, 2, 9, 4]
2270252:[5, 1, 7, 2, 6, 9, 6, 2, 9, 7]
2274217:[7, 1, 9, 3, 7, 4, 4, 5, 7, 2]
2283752:[1, 4, 2, 0, 9, 0, 3, 0, 5, 8]
230227:[2, 0, 1, 3, 0, 2, 4, 5, 8, 6]
2347522:[9, 2, 6, 8, 1, 2, 7, 8, 6, 0]
236926:[8, 9, 9, 4, 8, 2, 2, 4, 6, 0]
2373853:[9, 7, 1, 1, 6, 5, 9, 1, 5, 1]
2395776:[2, 0, 4, 4, 0, 4, 8, 2, 4, 5]
2432971:[5, 8, 7, 1, 6, 0, 7, 4, 1, 7]
2466831:[2, 3, 3, 0, 4, 7, 9, 5, 1, 2]
2478599:[7, 7, 1, 9, 4, 9, 8, 6, 3, 8]
2514146:[7, 1, 8, 2, 0, 1, 9, 0, 9, 8]
2520267:[7, 3, 7, 4, 9, 6, 6, 4, 6, 7]
2520502:[9, 8, 3, 2, 6, 6, 7, 8, 3, 5]
2554186:[4, 8, 1, 4, 3, 2, 5, 9, 9, 9]
2554190:[8, 7, 6, 1, 8, 5, 3, 2, 6, 9]
2570233:[3, 0, 8, 9, 5, 1, 8, 9, 2, 6]
2571328:[8, 4, 2, 4, 6, 1, 9, 2, 0, 2]
2578331:[3, 4, 8, 3, 1, 7, 5, 9, 5, 6]
2596181:[2, 1, 1, 7, 3, 3, 8, 7, 8, 9]
2604069:[9, 6, 7, 0, 5, 5, 8, 6, 1, 3]
2609297:[8, 1, 1, 0, 7, 7, 9, 1, 3, 6]
2616636:[6, 9, 4, 2, 0, 1, 2, 7, 1, 3]
2642461:[0, 0, 8, 2, 6, 7, 5, 7, 7, 7]
2664688:[1, 1, 0, 3, 5, 5, 3, 4, 2, 2]
2671307:[7, 1, 8, 4, 1, 4, 9, 8, 4, 1]
2671672:[8, 8, 3, 3, 9, 8, 9, 4, 3, 2]
2704621:[0, 4, 4, 9, 5, 1, 7, 8, 0, 5]
2705308:[5, 5, 0, 1, 4, 8, 9, 5, 4, 1]
2707621:[0, 3, 3, 7, 2, 5, 5, 6, 4, 8]
2718606:[0, 3, 6, 8, 9, 9, 5, 3, 5, 6]
2728648:[6, 1, 9, 9, 1, 4, 7, 2, 2, 8]
2729194:[3, 5, 1, 0, 2, 3, 8, 4, 2, 2]
2740168:[2, 7, 2, 3, 3, 2, 7, 0, 2, 3]
2747343:[1, 1, 3, 6, 7, 4, 6, 5, 0, 1]
2785620:[2, 0, 2, 1, 9, 7, 7, 0, 5, 8]
2795765:[7, 7, 3, 0, 3, 3, 4, 2, 7, 0]
2821604:[2, 0, 0, 0, 2, 3, 2, 0, 5, 4]
2881387:[1, 1, 0, 4, 4, 0, 7, 9, 8, 7]
2888857:[2, 5, 2, 6, 1, 8, 8, 4, 6, 4]
2891805:[4, 9, 4, 0, 7, 7, 2, 7, 5, 5]
2919487:[9, 2, 1, 7, 4, 5, 6, 8, 8, 5]
2931351:[0, 0, 3, 4, 1, 0, 7, 6, 5, 9]
2938006:[6, 0, 6, 0, 3, 4, 7, 4, 7, 2]
2952485:[0, 0, 4, 6, 7, 6, 7, 1, 5, 9]
2959140:[1, 3, 5, 2, 4, 7, 3, 6, 7, 1]
2965295:[6, 5, 4, 8, 9, 1, 9, 2, 0, 3]
3026031:[1, 3, 5, 0, 4, 2, 9, 6, 6, 5]
3071412:[2, 6, 2, 5, 3, 3, 2, 7, 6, 3]
3091453:[0, 8, 3, 9, 0, 6, 0, 0, 3, 5]
3094002:[9, 1, 5, 4, 1, 6, 7, 3, 8, 4]
3101695:[2, 6, 0, 0, 4, 6, 0, 0, 3, 6]
3110033:[8, 5, 3, 9, 6, 9, 9, 8, 1, 7]
3117832:[4, 6, 4, 9, 9, 4, 8, 9, 0, 4]
3134204:[7, 3, 3, 0, 4, 7, 4, 2, 7, 3]
3136739:[4, 2, 5, 6, 1, 7, 1, 5, 2, 9]
3140821:[9, 4, 6, 4, 7, 9, 0, 0, 7, 5]
3154525:[9, 5, 0, 6, 6, 2, 7, 1, 9, 0]
3160804:[8, 1, 9, 9, 3, 6, 7, 9, 4, 2]
3173746:[3, 1, 1, 2, 2, 9, 6, 5, 2, 8]
3175096:[0, 0, 3, 8, 4, 9, 0, 0, 7, 8]
3182211:[4, 5, 7, 9, 4, 6, 4, 7, 2, 3]
3211230:[6, 2, 5, 5, 9, 8, 5, 3, 8, 1]
3236007:[1, 0, 6, 5, 8, 4, 4, 4, 4, 6]
3252514:[4, 3, 4, 3, 3, 6, 2, 5, 1, 6]
3253247:[5, 2, 3, 8, 9, 0, 0, 4, 6, 1]
350385:[2, 9, 6, 1, 2, 3, 0, 7, 2, 5]
399096:[7, 7, 7, 7, 5, 8, 0, 0, 6, 3]
403884:[6, 0, 1, 2, 4, 6, 7, 7, 5, 3]
433325:[4, 3, 2, 4, 7, 6, 7, 8, 0, 2]
443055:[6, 4, 1, 1, 3, 1, 5, 3, 0, 9]
469221:[1, 9, 2, 3, 0, 3, 0, 6, 7, 1]
472807:[5, 4, 1, 9, 6, 7, 4, 3, 8, 0]
47652:[2, 4, 5, 1, 9, 5, 5, 4, 9, 4]
500456:[8, 5, 3, 5, 1, 1, 4, 7, 2, 3]
517615:[4, 7, 6, 5, 4, 8, 8, 7, 2, 8]
521276:[5, 7, 0, 4, 6, 4, 0, 4, 1, 9]
539996:[9, 8, 0, 2, 8, 8, 9, 0, 1, 7]
558857:[9, 1, 3, 0, 6, 2, 3, 8, 4, 6]
576556:[8, 3, 3, 7, 3, 4, 8, 2, 8, 6]
589115:[7, 9, 9, 4, 8, 5, 4, 9, 4, 7]
59344:[1, 7, 3, 0, 7, 0, 4, 6, 7, 2]
623026:[2, 8, 7, 6, 0, 3, 5, 2, 7, 6]
632529:[2, 1, 7, 2, 6, 4, 4, 4, 8, 3]
656121:[5, 8, 1, 5, 7, 2, 3, 3, 6, 1]
665364:[6, 3, 4, 7, 8, 9, 2, 8, 6, 4]
690827:[0, 1, 5, 0, 6, 3, 2, 8, 5, 1]
738721:[4, 8, 9, 5, 3, 9, 4, 2, 4, 2]
73897:[0, 8, 4, 7, 3, 0, 5, 7, 7, 7]
755898:[5, 7, 8, 8, 4, 4, 7, 5, 0, 0]
766753:[5, 8, 1, 7, 0, 2, 8, 1, 2, 4]
767955:[0, 4, 6, 2, 0, 2, 6, 2, 9, 2]
778456:[5, 0, 1, 3, 9, 7, 1, 3, 8, 6]
810333:[9, 2, 3, 0, 6, 9, 0, 2, 1, 3]
824371:[7, 6, 0, 0, 0, 8, 5, 5, 5, 4]
831553:[4, 8, 1, 1, 5, 1, 8, 9, 4, 9]
845286:[7, 3, 7, 8, 4, 4, 4, 0, 1, 0]
871933:[8, 7, 4, 8, 5, 7, 3, 5, 4, 7]
885120:[7, 3, 8, 2, 2, 4, 1, 3, 3, 7]
888452:[8, 5, 5, 7, 1, 2, 6, 0, 8, 9]
906358:[6, 7, 5, 4, 9, 7, 9, 4, 3, 6]
927055:[5, 1, 4, 8, 7, 6, 0, 2, 3, 1]
934764:[0, 4, 4, 7, 8, 5, 0, 7, 6, 1]
955166:[1, 2, 5, 1, 8, 7, 1, 7, 0, 5]
958653:[0, 8, 6, 6, 1, 4, 6, 5, 1, 4]
998419:[8, 0, 3, 5, 6, 5, 3, 4, 1, 4]
