1001646:[6, 8, 7, 1, 7, 9, 3, 3, 3, 0]
1002198:[2, 1, 4, 5, 7, 0, 6, 2, 3, 3]
1006042:[7, 7, 7, 6, 1, 5, 0, 2, 8, 2]
1010987:[6, 2, 7, 9, 7, 7, 1, 0, 9, 9]
1011864:[3, 5, 6, 8, 3, 8, 4, 1, 8, 5]
1016640:[3, 0, 0, 3, 4, 1, 8, 0, 7, 1]
1017972:[1, 3, 2, 1, 9, 5, 0, 8, 9, 0]
1018561:[1, 4, 1, 0, 8, 2, 9, 6, 2, 7]
1019334:[3, 3, 4, 3, 7, 3, 4, 4, 8, 9]
102015:[2, 2, 6, 6, 4, 0, 3, 4, 7, 2]
1021521:[1, 5, 3, 8, 5, 5, 6, 2, 6, 4]
1022763:[7, 8, 7, 8, 8, 7, 9, 8, 7, 3]
1025121:[1, 4, 7, 3, 5, 8, 6, 5, 0, 7]
1027192:[0, 6, 2, 6, 7, 4, 0, 4, 2, 7]
1029256:[7, 1, 0, 5, 1, 4, 4, 4, 2, 8]
1034922:[1, 8, 0, 8, 2, 3, 3, 4, 3, 8]
1035672:[5, 4, 9, 7, 1, 3, 0, 9, 1, 5]
1035764:[4, 2, 7, 1, 8, 0, 6, 8, 7, 4]
1038959:[4, 9, 4, 2, 3, 1, 8, 0, 3, 8]
104324:[7, 7, 6, 2, 2, 6, 2, 1, 9, 3]
1044331:[4, 0, 9, 3, 4, 8, 2, 4, 8, 2]
1045384:[6, 1, 7, 5, 9, 1, 7, 1, 0, 2]
1046506:[8, 6, 2, 9, 4, 5, 4, 1, 1, 0]
1046587:[7, 8, 2, 0, 0, 3, 1, 2, 0, 7]
1046977:[7, 5, 3, 5, 6, 6, 1, 5, 2, 9]
1047326:[3, 4, 8, 8, 3, 0, 1, 8, 2, 6]
1049505:[9, 9, 1, 7, 9, 0, 4, 7, 3, 1]
1050984:[8, 7, 5, 0, 7, 4, 3, 8, 4, 5]
1052050:[5, 2, 3, 7, 6, 8, 4, 5, 8, 6]
1052323:[6, 3, 1, 1, 2, 2, 7, 4, 1, 5]
1052961:[7, 0, 7, 2, 6, 1, 7, 6, 8, 5]
1059108:[2, 2, 5, 2, 5, 0, 8, 0, 3, 9]
1060497:[1, 2, 0, 6, 6, 9, 0, 6, 1, 9]
1061700:[6, 1, 5, 4, 1, 4, 2, 4, 1, 5]
1064126:[3, 0, 7, 0, 5, 4, 5, 4, 8, 6]
1065009:[8, 3, 9, 7, 2, 3, 6, 2, 5, 6]
1065814:[3, 5, 2, 7, 1, 5, 4, 5, 8, 8]
1065832:[0, 5, 8, 2, 4, 6, 4, 8, 4, 5]
1069797:[7, 9, 6, 0, 2, 8, 1, 0, 2, 7]
107256:[1, 9, 4, 8, 6, 1, 7, 8, 5, 4]
1074886:[1, 6, 5, 2, 4, 5, 9, 4, 6, 0]
1076428:[1, 4, 1, 6, 6, 8, 7, 0, 9, 1]
1080191:[8, 7, 3, 5, 0, 4, 3, 1, 1, 4]
1082851:[5, 1, 9, 8, 9, 8, 1, 4, 2, 9]
1083374:[3, 9, 3, 1, 2, 4, 8, 5, 3, 0]
1084859:[2, 6, 1, 8, 5, 8, 7, 0, 4, 5]
1086018:[2, 5, 2, 2, 8, 0, 5, 2, 0, 7]
1086715:[6, 6, 9, 7, 2, 2, 9, 6, 6, 5]
108703:[1, 8, 8, 6, 7, 6, 6, 8, 5, 3]
1087532:[4, 0, 8, 3, 0, 8, 0, 1, 5, 4]
1089934:[6, 4, 9, 7, 0, 6, 5, 2, 9, 3]
1092066:[8, 0, 5, 1, 6, 9, 0, 6, 9, 2]
1094275:[0, 8, 9, 2, 1, 1, 9, 2, 5, 0]
1095726:[1, 5, 9, 7, 6, 0, 1, 2, 3, 5]
109681:[6, 1, 4, 7, 2, 3, 5, 3, 1, 5]
1097333:[1, 6, 8, 2, 3, 0, 7, 5, 9, 4]
1098254:[5, 8, 8, 1, 9, 6, 8, 5, 1, 2]
109839:[9, 5, 6, 6, 6, 0, 3, 1, 5, 7]
110101:[3, 8, 7, 0, 5, 1, 4, 4, 2, 1]
1101715:[3, 3, 5, 1, 4, 7, 3, 8, 7, 1]
110338:[5, 9, 2, 2, 5, 4, 6, 2, 0, 4]
1108962:[4, 7, 1, 4, 8, 7, 9, 5, 9, 0]
110910:[5, 4, 0, 4, 4, 7, 4, 5, 1, 3]
1110535:[4, 9, 3, 1, 0, 9, 2, 4, 4, 2]
111248:[0, 4, 3, 0, 7, 3, 0, 1, 6, 8]
1114126:[3, 3, 2, 7, 7, 9, 1, 1, 7, 7]
1114455:[0, 0, 0, 5, 9, 9, 6, 8, 8, 4]
1117008:[8, 6, 3, 5, 7, 8, 5, 7, 3, 6]
11178:[5, 4, 7, 8, 1, 9, 1, 9, 2, 6]
1118253:[8, 0, 4, 2, 9, 1, 2, 3, 3, 8]
1118809:[3, 6, 8, 8, 0, 7, 0, 3, 7, 0]
1118959:[3, 4, 6, 7, 0, 3, 3, 4, 9, 0]
1123902:[4, 3, 0, 5, 2, 1, 0, 3, 1, 8]
1125023:[4, 9, 2, 6, 8, 9, 3, 4, 6, 2]
1125571:[2, 2, 6, 4, 1, 6, 2, 8, 6, 1]
1126351:[8, 6, 5, 0, 7, 1, 9, 1, 7, 0]
1127448:[8, 9, 3, 8, 1, 6, 9, 0, 1, 1]
1127658:[1, 5, 3, 4, 1, 4, 0, 5, 3, 5]
1130286:[6, 1, 5, 2, 0, 0, 5, 1, 2, 5]
1131199:[5, 8, 4, 3, 8, 6, 5, 1, 9, 1]
1133567:[3, 7, 0, 1, 0, 3, 3, 9, 0, 0]
1134447:[2, 5, 6, 5, 6, 8, 9, 0, 2, 6]
1135819:[8, 3, 4, 8, 5, 6, 8, 8, 3, 9]
1135824:[2, 0, 3, 8, 1, 1, 7, 6, 6, 8]
1140048:[9, 3, 5, 9, 0, 7, 1, 0, 0, 8]
1141341:[3, 1, 7, 2, 7, 8, 5, 5, 4, 9]
1141619:[0, 5, 5, 7, 4, 7, 7, 5, 1, 1]
1142114:[1, 3, 3, 8, 4, 0, 5, 1, 0, 8]
114303:[0, 2, 7, 9, 5, 1, 0, 9, 0, 3]
1144874:[7, 1, 0, 9, 6, 0, 5, 6, 2, 3]
1145480:[7, 7, 8, 9, 8, 8, 8, 8, 1, 4]
1146407:[9, 6, 6, 7, 2, 3, 7, 9, 2, 3]
1146690:[2, 1, 1, 2, 7, 3, 6, 5, 6, 0]
114825:[2, 0, 8, 0, 4, 9, 9, 2, 3, 5]
1148530:[0, 8, 0, 3, 8, 3, 8, 1, 8, 9]
114973:[9, 0, 2, 8, 3, 5, 7, 1, 2, 1]
1150877:[7, 4, 9, 0, 8, 1, 2, 0, 9, 4]
1152983:[5, 9, 6, 4, 3, 3, 2, 9, 1, 7]
1153222:[1, 5, 8, 2, 9, 9, 3, 4, 6, 6]
1154067:[4, 8, 4, 6, 9, 0, 0, 4, 0, 0]
1154400:[6, 9, 9, 5, 8, 5, 8, 1, 9, 5]
1156985:[5, 5, 6, 5, 5, 3, 9, 8, 8, 1]
1158550:[3, 2, 2, 8, 5, 6, 3, 8, 7, 8]
1159556:[4, 6, 6, 4, 5, 9, 7, 7, 9, 9]
1161433:[2, 9, 3, 4, 8, 1, 1, 2, 0, 2]
1163933:[4, 1, 4, 5, 3, 7, 8, 1, 9, 6]
116609:[4, 6, 7, 1, 9, 8, 7, 2, 7, 8]
1168232:[8, 8, 6, 6, 7, 3, 6, 2, 6, 2]
1168301:[6, 9, 2, 8, 1, 0, 3, 4, 5, 7]
1170619:[6, 9, 6, 4, 2, 1, 8, 4, 7, 2]
117074:[4, 7, 6, 1, 0, 2, 5, 0, 8, 9]
1172811:[1, 4, 5, 9, 4, 3, 5, 7, 4, 8]
1174250:[3, 9, 1, 0, 3, 2, 7, 5, 6, 1]
1174820:[3, 9, 6, 7, 4, 1, 9, 6, 1, 3]
1174840:[4, 4, 1, 8, 3, 1, 2, 3, 6, 7]
1176296:[9, 6, 0, 6, 7, 9, 1, 4, 3, 5]
1179925:[9, 0, 0, 7, 5, 2, 5, 8, 7, 6]
1180870:[9, 4, 0, 2, 1, 6, 8, 6, 8, 1]
1182979:[1, 8, 1, 0, 1, 3, 3, 7, 3, 2]
1184092:[1, 0, 0, 1, 7, 1, 6, 7, 1, 9]
1188804:[3, 6, 5, 9, 4, 6, 3, 9, 6, 1]
1189498:[2, 0, 0, 3, 7, 5, 7, 3, 5, 5]
1189613:[3, 8, 7, 1, 9, 6, 7, 9, 4, 7]
1189883:[1, 1, 7, 7, 0, 1, 5, 4, 9, 7]
1190330:[0, 7, 8, 0, 9, 1, 6, 5, 0, 1]
1193084:[5, 4, 7, 4, 6, 5, 9, 9, 3, 3]
1197816:[4, 1, 4, 8, 9, 2, 3, 6, 5, 9]
119865:[2, 9, 2, 9, 3, 2, 9, 8, 4, 0]
1199320:[8, 4, 1, 2, 1, 0, 0, 9, 2, 0]
1202319:[2, 5, 7, 5, 4, 3, 4, 2, 2, 8]
1202664:[0, 9, 9, 0, 3, 9, 8, 4, 8, 6]
1202691:[4, 8, 1, 0, 2, 7, 6, 9, 6, 5]
1202738:[1, 8, 3, 0, 9, 3, 9, 4, 8, 7]
120287:[9, 5, 4, 6, 9, 1, 0, 6, 4, 0]
1202982:[2, 7, 6, 4, 0, 1, 7, 2, 0, 8]
1204933:[8, 1, 0, 0, 1, 3, 2, 9, 9, 5]
120741:[7, 7, 1, 1, 7, 2, 7, 2, 7, 6]
1207654:[0, 6, 0, 6, 0, 9, 8, 4, 2, 6]
1208092:[7, 3, 9, 9, 6, 7, 9, 8, 9, 4]
1209689:[1, 9, 0, 7, 0, 8, 5, 5, 0, 4]
1211217:[8, 7, 4, 3, 1, 0, 7, 4, 3, 3]
1212677:[7, 8, 6, 5, 6, 6, 7, 3, 5, 1]
1219605:[0, 8, 0, 8, 7, 3, 9, 6, 7, 9]
1220979:[2, 3, 1, 3, 3, 4, 6, 8, 9, 7]
1223024:[0, 4, 8, 0, 6, 0, 1, 5, 1, 7]
1224540:[5, 8, 7, 6, 3, 3, 3, 4, 1, 1]
1225840:[6, 5, 6, 5, 2, 7, 2, 7, 4, 0]
1227723:[1, 7, 9, 4, 6, 4, 0, 9, 6, 4]
1228546:[4, 8, 4, 4, 2, 8, 4, 6, 3, 2]
1228903:[7, 2, 7, 8, 1, 1, 3, 5, 1, 4]
1229913:[6, 7, 1, 0, 3, 3, 8, 3, 0, 5]
1230504:[1, 2, 4, 8, 3, 7, 7, 6, 5, 9]
1231581:[6, 1, 5, 1, 2, 9, 2, 0, 7, 4]
1233:[0, 3, 7, 9, 2, 0, 8, 8, 8, 2]
1235398:[6, 6, 7, 4, 1, 3, 5, 5, 7, 9]
1237749:[5, 5, 3, 0, 1, 5, 2, 1, 6, 7]
1238578:[4, 8, 1, 4, 9, 9, 8, 1, 6, 5]
1238902:[3, 8, 7, 2, 0, 0, 1, 5, 6, 6]
1240350:[5, 1, 2, 5, 2, 7, 9, 9, 6, 8]
1240833:[5, 8, 2, 6, 7, 9, 8, 9, 2, 8]
1240883:[6, 9, 5, 2, 2, 1, 2, 8, 0, 5]
1241009:[8, 3, 0, 6, 5, 1, 7, 4, 4, 4]
1241767:[0, 3, 3, 5, 2, 1, 6, 0, 1, 2]
1242109:[4, 7, 2, 5, 5, 6, 3, 2, 5, 9]
1244012:[5, 7, 9, 9, 3, 6, 9, 0, 5, 3]
1244582:[9, 8, 2, 1, 1, 7, 4, 4, 5, 5]
1244952:[0, 9, 0, 8, 4, 0, 7, 6, 7, 7]
1245136:[1, 9, 2, 8, 8, 3, 6, 9, 1, 4]
1245830:[8, 9, 2, 9, 6, 5, 0, 8, 8, 9]
124588:[9, 1, 5, 8, 8, 2, 2, 5, 4, 7]
1247196:[3, 4, 8, 7, 9, 9, 4, 2, 3, 3]
1248865:[2, 8, 2, 4, 5, 8, 3, 1, 2, 5]
1250388:[7, 1, 1, 7, 7, 0, 7, 7, 8, 5]
1250458:[4, 3, 1, 2, 7, 9, 8, 9, 6, 6]
1250677:[8, 6, 8, 2, 1, 6, 6, 7, 0, 0]
1250899:[4, 4, 6, 9, 9, 5, 6, 0, 9, 8]
1252537:[6, 1, 9, 1, 7, 2, 7, 9, 2, 5]
1254315:[2, 1, 7, 1, 5, 5, 4, 7, 2, 5]
1262635:[3, 4, 8, 0, 2, 7, 3, 0, 3, 1]
1263674:[4, 5, 1, 1, 1, 4, 1, 5, 1, 9]
1264156:[3, 1, 2, 7, 1, 4, 0, 5, 9, 2]
1265233:[6, 2, 1, 7, 5, 6, 4, 2, 0, 8]
1265866:[0, 7, 4, 1, 7, 5, 6, 2, 4, 1]
1265910:[9, 5, 0, 8, 6, 4, 7, 7, 5, 3]
1265956:[2, 6, 1, 6, 2, 8, 0, 8, 6, 9]
1268080:[7, 7, 9, 8, 6, 3, 0, 5, 7, 6]
1269421:[5, 8, 7, 1, 7, 4, 3, 4, 8, 8]
1270579:[4, 3, 7, 0, 3, 0, 7, 2, 9, 6]
1270711:[8, 4, 2, 1, 3, 3, 4, 7, 6, 9]
1270834:[8, 7, 3, 5, 4, 9, 3, 8, 2, 5]
1272619:[4, 6, 5, 0, 3, 1, 9, 2, 5, 4]
1273642:[3, 0, 6, 5, 2, 7, 4, 0, 2, 1]
1274085:[6, 5, 3, 7, 3, 5, 4, 6, 9, 7]
1277492:[9, 4, 9, 6, 6, 0, 5, 2, 8, 1]
1279762:[2, 9, 7, 7, 1, 5, 1, 6, 0, 5]
1283176:[4, 1, 9, 4, 4, 4, 1, 8, 6, 6]
1283229:[0, 0, 7, 2, 2, 5, 1, 6, 7, 0]
1285234:[1, 2, 4, 4, 8, 3, 7, 8, 3, 4]
1285753:[9, 0, 3, 3, 3, 9, 8, 1, 4, 8]
1289329:[2, 9, 2, 0, 2, 0, 2, 5, 5, 1]
128950:[0, 4, 2, 6, 4, 6, 7, 8, 1, 7]
1290092:[8, 8, 6, 8, 4, 0, 3, 4, 5, 1]
1290204:[9, 6, 7, 5, 6, 5, 8, 7, 2, 6]
129080:[1, 6, 2, 0, 3, 3, 7, 3, 7, 5]
1292637:[5, 7, 1, 8, 7, 3, 4, 1, 8, 5]
1293677:[1, 1, 9, 8, 9, 8, 4, 5, 4, 1]
1293855:[9, 1, 3, 2, 1, 7, 6, 9, 7, 4]
129426:[7, 8, 7, 8, 6, 9, 8, 8, 2, 4]
1294328:[1, 8, 4, 8, 0, 7, 5, 6, 5, 2]
1294507:[4, 9, 2, 0, 6, 1, 2, 9, 0, 3]
1294572:[0, 0, 8, 1, 0, 9, 1, 8, 8, 8]
1295727:[7, 7, 6, 0, 8, 9, 4, 6, 1, 1]
1296501:[4, 4, 0, 8, 4, 2, 9, 1, 5, 4]
1299326:[1, 6, 6, 2, 3, 6, 3, 4, 7, 5]
1304961:[3, 5, 8, 9, 1, 4, 1, 1, 5, 0]
1305592:[7, 5, 0, 4, 8, 7, 0, 0, 1, 6]
1308007:[2, 4, 9, 6, 7, 5, 3, 7, 7, 5]
1312857:[6, 8, 4, 7, 0, 9, 7, 8, 4, 1]
1314830:[4, 4, 7, 1, 4, 1, 3, 2, 9, 4]
1314863:[7, 1, 0, 2, 3, 5, 1, 1, 0, 5]
131595:[1, 0, 8, 4, 7, 1, 2, 7, 1, 8]
1317331:[2, 0, 8, 6, 7, 5, 5, 5, 8, 5]
1321251:[5, 6, 2, 8, 5, 4, 9, 5, 7, 1]
1328671:[1, 3, 4, 1, 4, 9, 9, 0, 5, 2]
1332081:[4, 3, 0, 3, 1, 4, 3, 8, 5, 7]
1332762:[9, 4, 7, 9, 8, 2, 1, 5, 2, 2]
134019:[3, 4, 0, 8, 5, 8, 3, 0, 6, 9]
1340226:[3, 6, 8, 6, 8, 0, 9, 6, 2, 1]
134077:[6, 8, 1, 6, 2, 6, 0, 2, 7, 0]
1342446:[4, 8, 8, 5, 9, 8, 8, 6, 3, 9]
1343697:[4, 9, 4, 3, 9, 9, 7, 2, 6, 8]
1346742:[8, 1, 3, 8, 9, 7, 0, 3, 7, 0]
1347849:[1, 6, 3, 2, 7, 2, 7, 8, 0, 2]
1351033:[8, 0, 3, 7, 1, 5, 6, 8, 9, 2]
1351245:[9, 5, 2, 4, 0, 7, 9, 1, 7, 1]
1354599:[3, 1, 6, 1, 2, 4, 9, 0, 1, 7]
1357011:[7, 2, 0, 1, 1, 0, 9, 0, 1, 1]
1358711:[8, 4, 4, 0, 9, 0, 5, 9, 0, 2]
1358738:[5, 4, 8, 9, 7, 9, 2, 9, 7, 2]
1366038:[3, 4, 7, 2, 6, 3, 8, 9, 3, 3]
1372692:[3, 7, 2, 8, 5, 8, 4, 5, 7, 7]
1372884:[0, 0, 2, 9, 3, 2, 0, 5, 5, 8]
1373519:[0, 3, 1, 0, 4, 1, 3, 9, 3, 6]
1375539:[5, 8, 8, 5, 5, 8, 7, 5, 0, 1]
1375867:[1, 4, 4, 5, 6, 7, 5, 8, 6, 9]
1379541:[1, 3, 8, 9, 8, 8, 2, 4, 8, 3]
1383460:[9, 9, 5, 1, 3, 6, 1, 5, 9, 4]
1384353:[4, 0, 2, 2, 7, 8, 6, 8, 1, 1]
1384690:[9, 1, 2, 0, 0, 4, 2, 0, 2, 8]
1385018:[5, 8, 4, 7, 7, 9, 4, 0, 9, 0]
1387066:[3, 5, 6, 6, 2, 3, 2, 7, 8, 0]
139279:[3, 4, 7, 2, 8, 1, 9, 7, 0, 8]
1393936:[1, 0, 8, 5, 7, 4, 2, 2, 4, 5]
1394786:[0, 6, 9, 7, 4, 7, 7, 9, 6, 8]
1397948:[2, 6, 4, 1, 7, 0, 1, 9, 1, 6]
1402600:[3, 0, 5, 8, 7, 8, 7, 4, 4, 8]
1406218:[9, 8, 7, 8, 0, 9, 6, 9, 3, 7]
1410644:[3, 9, 4, 1, 8, 0, 9, 8, 8, 8]
1411368:[3, 4, 4, 6, 7, 7, 8, 0, 8, 5]
1414142:[7, 8, 9, 4, 3, 4, 7, 5, 1, 2]
1414526:[7, 0, 0, 7, 1, 8, 8, 5, 0, 3]
1419789:[3, 7, 2, 2, 6, 0, 7, 0, 4, 2]
1421775:[8, 9, 8, 5, 5, 0, 7, 2, 2, 5]
1423775:[3, 8, 2, 5, 8, 0, 8, 9, 6, 7]
142414:[0, 7, 6, 1, 6, 0, 7, 2, 0, 5]
1424573:[2, 3, 3, 7, 6, 9, 3, 7, 6, 8]
1427951:[0, 0, 3, 9, 9, 4, 8, 7, 6, 5]
1430179:[7, 4, 2, 9, 9, 2, 2, 7, 3, 0]
1431434:[8, 5, 7, 7, 1, 5, 1, 1, 7, 2]
1434959:[6, 2, 1, 0, 4, 9, 4, 7, 3, 7]
1436186:[1, 0, 7, 4, 8, 6, 9, 0, 8, 6]
1438361:[8, 2, 0, 5, 0, 0, 0, 1, 3, 2]
1439679:[9, 0, 2, 7, 2, 2, 2, 0, 7, 7]
1442463:[1, 8, 4, 6, 1, 2, 0, 5, 5, 7]
1442734:[7, 6, 6, 2, 0, 8, 9, 5, 2, 2]
1443760:[3, 3, 0, 7, 0, 9, 0, 7, 3, 5]
1444739:[6, 9, 8, 5, 6, 2, 5, 0, 3, 4]
1445335:[3, 8, 8, 7, 9, 4, 9, 6, 5, 6]
1446349:[1, 7, 4, 1, 9, 9, 8, 0, 0, 9]
1446500:[0, 2, 7, 9, 4, 9, 6, 0, 2, 3]
1449341:[0, 5, 5, 4, 8, 9, 4, 8, 3, 9]
1449609:[6, 0, 9, 9, 3, 6, 7, 3, 6, 7]
1449973:[3, 1, 9, 3, 9, 0, 6, 9, 1, 6]
145034:[6, 8, 7, 5, 0, 2, 6, 9, 1, 3]
1451885:[3, 3, 1, 0, 0, 8, 3, 2, 9, 9]
1452418:[2, 1, 7, 6, 6, 9, 2, 9, 5, 5]
1455171:[1, 6, 4, 3, 6, 9, 4, 1, 0, 3]
1455985:[8, 5, 6, 7, 9, 4, 1, 0, 3, 2]
145943:[4, 1, 7, 5, 7, 4, 5, 9, 9, 0]
1460260:[9, 7, 1, 8, 8, 6, 2, 9, 5, 9]
146209:[1, 2, 8, 2, 2, 3, 1, 9, 1, 4]
1463167:[8, 5, 6, 7, 8, 4, 7, 8, 6, 3]
1463429:[9, 8, 5, 1, 7, 5, 0, 9, 6, 8]
1463961:[3, 7, 7, 3, 8, 1, 6, 5, 5, 2]
1464054:[1, 1, 5, 1, 6, 3, 3, 3, 1, 6]
1464591:[4, 3, 7, 0, 3, 0, 7, 2, 9, 6]
1465853:[6, 4, 8, 0, 1, 0, 9, 8, 4, 0]
1468950:[6, 7, 8, 4, 9, 6, 5, 8, 0, 7]
1470468:[5, 4, 8, 1, 7, 4, 6, 8, 4, 3]
1470669:[6, 0, 5, 4, 3, 4, 4, 6, 9, 4]
1474743:[8, 9, 2, 8, 7, 5, 1, 1, 6, 5]
1476604:[1, 2, 4, 7, 6, 3, 6, 3, 4, 9]
147662:[5, 4, 7, 1, 4, 5, 7, 1, 0, 9]
1479199:[9, 9, 0, 9, 0, 1, 7, 2, 1, 5]
1479510:[8, 0, 0, 3, 1, 0, 5, 6, 0, 2]
1480740:[2, 6, 3, 4, 9, 1, 7, 0, 2, 5]
1481857:[5, 6, 3, 0, 5, 2, 1, 7, 1, 2]
1482026:[0, 9, 5, 2, 0, 3, 4, 5, 2, 0]
1482947:[3, 5, 2, 8, 7, 5, 4, 2, 1, 4]
148839:[6, 8, 7, 9, 8, 7, 6, 4, 8, 2]
1490534:[5, 0, 5, 1, 4, 5, 9, 5, 8, 5]
1494076:[3, 6, 9, 2, 9, 2, 8, 5, 3, 8]
1495065:[2, 5, 0, 5, 4, 7, 6, 7, 7, 4]
1496014:[1, 7, 9, 7, 1, 0, 2, 4, 1, 0]
1498712:[9, 9, 5, 1, 3, 6, 1, 5, 9, 4]
1503696:[1, 1, 5, 9, 5, 6, 7, 7, 2, 8]
1505675:[4, 0, 7, 0, 8, 9, 3, 5, 7, 0]
150697:[9, 7, 0, 6, 5, 5, 4, 8, 2, 3]
1507696:[4, 1, 3, 3, 0, 0, 4, 8, 6, 6]
1509573:[8, 4, 0, 9, 4, 9, 8, 2, 9, 0]
1509940:[8, 0, 2, 9, 5, 3, 9, 2, 4, 1]
1511741:[5, 3, 3, 0, 2, 4, 5, 2, 1, 9]
1512941:[5, 8, 9, 3, 4, 4, 9, 2, 2, 0]
1513927:[0, 8, 4, 2, 0, 3, 3, 3, 5, 9]
1516812:[6, 0, 7, 7, 2, 9, 2, 1, 1, 2]
1516819:[8, 1, 3, 7, 3, 9, 3, 7, 1, 4]
1519544:[5, 7, 9, 2, 8, 5, 4, 9, 0, 0]
1520586:[0, 8, 3, 7, 5, 0, 2, 3, 6, 8]
1523080:[1, 3, 2, 3, 1, 0, 6, 0, 0, 5]
1523599:[9, 0, 6, 7, 6, 5, 9, 2, 7, 8]
1524782:[7, 5, 0, 7, 0, 8, 0, 6, 8, 8]
152499:[3, 5, 1, 9, 4, 3, 0, 9, 7, 4]
152538:[9, 4, 9, 8, 2, 1, 2, 1, 2, 6]
1525810:[4, 1, 1, 2, 1, 8, 5, 5, 8, 1]
1526172:[2, 3, 9, 7, 1, 6, 1, 8, 7, 7]
1528035:[6, 6, 2, 4, 5, 2, 0, 1, 4, 1]
1528814:[0, 5, 8, 2, 4, 6, 4, 8, 4, 5]
1531285:[9, 0, 2, 7, 0, 6, 5, 7, 4, 5]
1533841:[5, 1, 0, 1, 8, 0, 2, 2, 8, 4]
1534468:[3, 6, 5, 7, 0, 4, 2, 5, 1, 8]
1535303:[1, 2, 9, 7, 8, 0, 3, 4, 4, 4]
153564:[7, 8, 4, 8, 5, 1, 0, 1, 6, 0]
1536558:[4, 3, 9, 0, 0, 5, 5, 6, 2, 0]
1536826:[5, 5, 8, 1, 2, 4, 7, 3, 4, 0]
1537596:[4, 6, 8, 1, 3, 8, 0, 1, 4, 9]
1540078:[0, 8, 1, 0, 7, 4, 2, 5, 0, 7]
1540477:[7, 8, 9, 3, 0, 4, 2, 0, 6, 9]
154151:[2, 8, 1, 2, 4, 6, 1, 8, 2, 0]
1544002:[4, 2, 0, 8, 6, 7, 0, 3, 1, 6]
1544763:[4, 6, 6, 7, 3, 9, 8, 5, 9, 7]
1545894:[8, 6, 4, 5, 0, 7, 1, 2, 5, 4]
1547610:[2, 8, 0, 0, 5, 1, 6, 7, 4, 7]
1549829:[1, 6, 2, 1, 3, 9, 3, 7, 2, 3]
1550400:[9, 6, 5, 0, 5, 9, 6, 9, 4, 1]
1550469:[0, 9, 5, 0, 6, 4, 3, 9, 6, 4]
1554894:[6, 8, 8, 3, 0, 4, 1, 6, 0, 5]
1563560:[3, 6, 9, 5, 8, 2, 7, 1, 6, 0]
1564055:[2, 8, 6, 2, 6, 4, 2, 0, 2, 7]
1564280:[0, 3, 8, 4, 9, 4, 7, 0, 2, 9]
1564999:[2, 4, 2, 9, 6, 1, 1, 4, 9, 7]
1565195:[5, 2, 6, 9, 9, 3, 8, 2, 1, 6]
1565664:[0, 6, 5, 6, 8, 1, 0, 9, 8, 6]
1566400:[6, 9, 9, 3, 6, 5, 8, 5, 8, 5]
1569702:[7, 1, 9, 6, 0, 2, 6, 4, 6, 6]
1578010:[4, 3, 4, 5, 9, 9, 5, 1, 8, 1]
1579279:[8, 6, 3, 4, 7, 2, 2, 4, 1, 3]
1579359:[7, 5, 5, 8, 8, 0, 1, 0, 7, 6]
1579575:[5, 0, 4, 8, 5, 1, 2, 0, 1, 0]
1580341:[8, 0, 1, 1, 4, 7, 3, 8, 6, 8]
1581090:[0, 0, 3, 3, 0, 9, 8, 6, 5, 6]
1582460:[5, 9, 8, 4, 0, 4, 8, 2, 9, 6]
1583608:[1, 7, 2, 8, 7, 5, 5, 1, 3, 4]
1583747:[2, 9, 3, 3, 9, 2, 6, 8, 7, 1]
1586302:[6, 2, 0, 2, 7, 3, 5, 5, 8, 5]
158687:[3, 8, 8, 8, 8, 7, 4, 9, 5, 5]
1587415:[2, 4, 9, 8, 0, 2, 7, 1, 3, 5]
1587528:[1, 0, 6, 7, 9, 1, 0, 0, 6, 4]
1587982:[8, 4, 6, 7, 1, 6, 7, 5, 2, 6]
1589007:[3, 5, 4, 7, 0, 6, 7, 0, 6, 1]
1590327:[7, 8, 0, 0, 8, 0, 7, 8, 6, 2]
159359:[0, 8, 9, 5, 4, 3, 8, 6, 1, 0]
1593999:[4, 2, 1, 7, 5, 6, 8, 4, 7, 3]
1594237:[9, 4, 9, 8, 0, 9, 6, 8, 9, 0]
1594713:[7, 9, 0, 2, 9, 9, 7, 8, 4, 7]
1595112:[9, 5, 5, 6, 3, 3, 6, 1, 9, 7]
1596030:[4, 9, 1, 0, 6, 0, 4, 7, 3, 9]
1600890:[9, 0, 0, 5, 7, 5, 9, 1, 5, 5]
1601497:[6, 1, 0, 8, 6, 5, 8, 8, 4, 6]
1601958:[2, 9, 9, 9, 9, 1, 7, 7, 9, 0]
1604631:[2, 5, 2, 2, 8, 0, 5, 2, 0, 7]
1605043:[7, 7, 0, 5, 6, 4, 4, 0, 6, 9]
1608374:[2, 5, 7, 1, 6, 8, 2, 4, 4, 7]
160900:[1, 0, 3, 3, 8, 6, 5, 6, 3, 0]
1610250:[5, 1, 4, 3, 8, 4, 5, 4, 4, 2]
1611140:[1, 6, 3, 0, 7, 2, 7, 3, 4, 7]
1612263:[6, 1, 2, 3, 1, 8, 2, 5, 2, 3]
161303:[3, 2, 8, 2, 4, 1, 2, 5, 2, 0]
1613403:[6, 6, 1, 2, 5, 9, 7, 6, 9, 4]
1614446:[3, 2, 6, 0, 6, 7, 5, 8, 7, 7]
16153:[8, 6, 3, 8, 4, 5, 8, 0, 3, 9]
1615628:[7, 7, 9, 2, 1, 1, 4, 7, 4, 4]
1615725:[7, 6, 6, 5, 2, 9, 3, 4, 1, 4]
1619966:[3, 7, 7, 1, 4, 6, 7, 6, 7, 1]
1621190:[4, 2, 6, 4, 2, 5, 2, 3, 6, 0]
1622515:[1, 3, 7, 9, 7, 3, 9, 2, 5, 0]
1623986:[7, 9, 2, 8, 0, 4, 9, 9, 5, 9]
1624422:[8, 3, 5, 8, 7, 7, 3, 6, 9, 2]
1625936:[8, 3, 7, 1, 7, 6, 0, 3, 3, 5]
1627143:[9, 2, 8, 1, 0, 2, 8, 4, 9, 5]
1631140:[4, 0, 4, 3, 2, 0, 5, 3, 1, 4]
1631330:[1, 9, 9, 7, 0, 6, 6, 0, 1, 2]
163151:[4, 2, 5, 5, 0, 3, 7, 6, 7, 3]
1633978:[7, 6, 7, 0, 4, 7, 3, 9, 8, 3]
1634321:[9, 1, 5, 4, 8, 7, 1, 0, 5, 6]
1634420:[6, 7, 8, 8, 0, 5, 5, 0, 6, 4]
1634771:[6, 2, 5, 5, 2, 1, 1, 6, 2, 5]
1638354:[7, 5, 8, 0, 7, 0, 5, 9, 1, 1]
1638971:[0, 7, 3, 3, 1, 2, 1, 6, 9, 4]
164617:[9, 0, 9, 3, 4, 6, 3, 6, 9, 2]
1646723:[7, 0, 5, 6, 3, 0, 1, 4, 4, 1]
1647435:[6, 1, 4, 7, 4, 3, 9, 9, 6, 2]
1648922:[6, 8, 1, 6, 9, 2, 8, 3, 6, 1]
1649004:[2, 4, 5, 2, 9, 1, 0, 8, 8, 2]
164981:[0, 5, 1, 0, 9, 3, 6, 0, 4, 6]
1651710:[4, 9, 6, 4, 7, 8, 9, 7, 5, 4]
1652361:[0, 6, 9, 9, 1, 6, 2, 5, 9, 7]
1652676:[1, 3, 2, 2, 6, 6, 5, 8, 0, 4]
1653637:[4, 3, 1, 2, 6, 5, 2, 3, 1, 3]
1655182:[3, 4, 9, 2, 7, 3, 9, 5, 6, 9]
1655419:[6, 7, 8, 0, 5, 1, 6, 6, 5, 1]
1656741:[0, 4, 6, 1, 4, 2, 4, 5, 4, 5]
1658231:[0, 3, 4, 2, 9, 8, 3, 2, 3, 8]
1660266:[7, 1, 8, 0, 5, 9, 3, 4, 3, 0]
1661937:[9, 5, 1, 4, 4, 4, 2, 0, 0, 6]
1663342:[1, 4, 5, 7, 6, 3, 6, 5, 0, 6]
1663541:[1, 8, 8, 2, 5, 6, 6, 9, 6, 8]
1663629:[3, 2, 2, 2, 7, 4, 0, 0, 9, 1]
1664338:[2, 6, 5, 4, 4, 7, 8, 4, 0, 9]
1664949:[4, 4, 9, 9, 6, 2, 5, 0, 9, 6]
1666182:[8, 1, 6, 6, 0, 7, 2, 2, 2, 9]
1668350:[4, 6, 1, 9, 3, 9, 8, 5, 5, 3]
1673165:[5, 8, 7, 3, 8, 0, 0, 2, 8, 9]
1674377:[6, 9, 4, 0, 3, 3, 4, 0, 1, 5]
1674581:[3, 6, 7, 5, 7, 5, 0, 4, 1, 7]
1676445:[9, 6, 0, 1, 7, 3, 1, 6, 9, 4]
1680452:[3, 0, 6, 9, 1, 7, 3, 7, 7, 4]
168088:[2, 3, 5, 7, 6, 7, 5, 8, 6, 4]
1681986:[7, 6, 9, 0, 1, 2, 6, 8, 6, 7]
168250:[5, 9, 6, 5, 2, 8, 4, 5, 7, 0]
1684490:[8, 9, 0, 2, 5, 5, 0, 8, 4, 1]
1685925:[3, 0, 0, 8, 5, 8, 7, 4, 3, 8]
1687990:[0, 5, 1, 5, 2, 8, 1, 0, 9, 5]
1689109:[2, 2, 1, 6, 9, 0, 4, 8, 6, 5]
1689140:[4, 6, 9, 3, 1, 7, 2, 8, 9, 6]
168938:[3, 5, 0, 7, 9, 6, 6, 2, 2, 3]
1691614:[5, 2, 9, 0, 8, 2, 5, 0, 3, 2]
1691928:[8, 9, 8, 8, 0, 6, 2, 3, 9, 7]
1692112:[9, 1, 5, 5, 4, 2, 5, 5, 8, 5]
1692547:[6, 0, 4, 0, 5, 6, 9, 4, 8, 8]
1692849:[4, 8, 4, 6, 8, 9, 4, 1, 8, 5]
1695261:[3, 4, 9, 2, 7, 3, 9, 5, 6, 9]
1695994:[5, 2, 8, 3, 1, 5, 9, 5, 4, 3]
1697505:[7, 5, 1, 3, 8, 9, 5, 2, 9, 7]
1699060:[7, 6, 2, 8, 3, 1, 0, 1, 8, 4]
1699816:[9, 5, 2, 9, 7, 9, 1, 7, 8, 2]
1699878:[4, 9, 3, 2, 9, 9, 4, 3, 8, 6]
1700028:[6, 9, 8, 1, 1, 5, 9, 0, 6, 6]
1700502:[2, 6, 6, 9, 4, 1, 1, 4, 8, 5]
1701368:[9, 0, 1, 2, 4, 6, 7, 0, 3, 6]
1704016:[1, 7, 0, 6, 8, 8, 2, 5, 0, 5]
1704412:[8, 4, 4, 6, 5, 5, 7, 6, 9, 8]
1705014:[1, 8, 7, 5, 4, 4, 6, 3, 5, 6]
1707304:[5, 5, 1, 5, 6, 9, 5, 0, 9, 8]
1710515:[6, 2, 6, 6, 1, 2, 4, 4, 4, 3]
1711750:[9, 5, 3, 0, 1, 6, 6, 9, 8, 2]
1712562:[3, 2, 6, 8, 5, 1, 9, 6, 2, 8]
1719520:[2, 6, 9, 8, 5, 8, 7, 4, 6, 2]
1720261:[6, 6, 5, 1, 5, 2, 4, 8, 2, 7]
1721099:[0, 1, 0, 6, 6, 5, 1, 7, 0, 8]
1727598:[6, 6, 1, 4, 3, 1, 7, 3, 1, 6]
1728202:[1, 9, 4, 3, 9, 7, 5, 0, 9, 4]
1729650:[4, 9, 6, 3, 7, 7, 2, 6, 6, 9]
1732258:[1, 0, 5, 9, 8, 4, 3, 7, 9, 6]
1735267:[8, 8, 4, 6, 7, 7, 9, 8, 5, 2]
17358:[7, 0, 9, 8, 7, 6, 3, 9, 0, 2]
1737406:[3, 0, 6, 8, 5, 8, 7, 8, 4, 7]
1737506:[4, 1, 4, 7, 2, 3, 2, 7, 1, 1]
1738357:[6, 4, 0, 0, 3, 0, 5, 9, 5, 6]
1739376:[3, 2, 6, 3, 8, 7, 0, 4, 8, 8]
1740229:[6, 8, 4, 0, 3, 2, 5, 4, 1, 4]
1741299:[7, 8, 2, 9, 6, 5, 4, 8, 0, 8]
1742391:[5, 0, 9, 1, 5, 4, 1, 1, 7, 6]
1743710:[3, 1, 6, 6, 0, 8, 9, 4, 6, 2]
1745797:[1, 9, 5, 1, 2, 1, 9, 6, 2, 0]
1746069:[1, 5, 9, 9, 4, 6, 0, 2, 3, 0]
1746921:[3, 9, 7, 6, 5, 8, 2, 6, 6, 2]
1747161:[4, 3, 6, 4, 6, 7, 0, 7, 0, 6]
1749812:[9, 6, 5, 3, 4, 1, 6, 1, 6, 1]
1752027:[2, 2, 3, 5, 0, 7, 8, 8, 1, 6]
175291:[4, 3, 6, 1, 4, 8, 4, 0, 0, 5]
1753530:[4, 3, 4, 7, 3, 2, 2, 0, 7, 6]
1753543:[4, 0, 0, 1, 0, 4, 6, 4, 0, 7]
1753737:[5, 0, 8, 0, 6, 4, 3, 6, 3, 7]
1754486:[2, 5, 9, 7, 8, 8, 4, 9, 9, 5]
1756746:[8, 0, 2, 0, 1, 4, 2, 0, 8, 0]
1757425:[5, 6, 8, 8, 0, 8, 0, 4, 5, 7]
1758026:[7, 2, 4, 9, 9, 3, 6, 9, 2, 3]
1759677:[9, 9, 1, 0, 5, 6, 8, 6, 6, 9]
1763213:[4, 4, 3, 1, 7, 4, 6, 2, 4, 5]
1768657:[1, 5, 7, 9, 9, 2, 7, 1, 0, 2]
1769717:[9, 1, 7, 5, 1, 5, 7, 3, 9, 4]
1771007:[8, 7, 8, 6, 2, 7, 3, 5, 8, 9]
1771334:[1, 6, 9, 9, 0, 4, 0, 3, 0, 6]
1771860:[9, 9, 4, 9, 6, 3, 1, 6, 5, 5]
1775944:[7, 8, 3, 8, 7, 4, 4, 1, 2, 9]
1776059:[4, 6, 2, 9, 7, 8, 9, 6, 6, 5]
1778948:[5, 1, 9, 7, 6, 6, 8, 4, 5, 5]
17801:[0, 6, 9, 8, 6, 6, 5, 6, 6, 3]
178119:[1, 2, 6, 2, 4, 3, 6, 7, 7, 0]
1781639:[7, 4, 5, 8, 4, 0, 0, 3, 0, 1]
1782211:[8, 9, 7, 4, 2, 3, 8, 9, 7, 1]
1784367:[4, 5, 0, 9, 3, 8, 4, 0, 4, 4]
1786646:[9, 6, 1, 8, 8, 3, 7, 4, 3, 3]
1787543:[6, 7, 1, 1, 3, 9, 0, 0, 3, 7]
1791105:[5, 7, 4, 4, 6, 2, 5, 5, 1, 6]
1791370:[0, 3, 5, 3, 3, 7, 4, 6, 0, 6]
1792970:[4, 9, 8, 8, 3, 3, 3, 2, 0, 1]
1794859:[5, 2, 1, 1, 3, 9, 3, 3, 6, 3]
1795933:[9, 6, 2, 3, 4, 9, 4, 5, 5, 6]
1796210:[0, 6, 2, 5, 5, 0, 1, 4, 0, 0]
1799027:[0, 7, 3, 4, 3, 0, 3, 5, 9, 0]
1799780:[1, 8, 8, 9, 5, 7, 2, 3, 1, 7]
1804374:[7, 8, 8, 2, 8, 1, 2, 5, 1, 4]
18074:[7, 6, 7, 4, 2, 7, 7, 0, 4, 4]
1808352:[3, 9, 1, 0, 8, 2, 0, 2, 4, 0]
1808376:[6, 5, 1, 3, 5, 4, 0, 8, 4, 3]
1812192:[7, 9, 3, 7, 3, 9, 8, 0, 4, 8]
1812822:[8, 6, 6, 9, 7, 8, 4, 8, 1, 8]
1815060:[4, 7, 3, 5, 3, 9, 7, 5, 3, 8]
1815245:[7, 9, 8, 8, 5, 4, 4, 3, 3, 7]
1815274:[1, 4, 8, 8, 4, 0, 8, 2, 2, 5]
1817566:[1, 2, 0, 9, 6, 9, 4, 4, 7, 4]
1820291:[7, 1, 8, 8, 1, 0, 9, 7, 5, 8]
1821056:[6, 9, 9, 2, 2, 8, 7, 0, 4, 2]
1823379:[4, 7, 8, 5, 7, 1, 9, 2, 3, 2]
1828525:[7, 2, 0, 2, 7, 0, 2, 2, 2, 2]
1828703:[7, 7, 9, 2, 9, 6, 3, 0, 1, 2]
182971:[3, 2, 4, 9, 5, 4, 3, 3, 3, 5]
1831684:[2, 4, 7, 9, 5, 5, 6, 5, 1, 9]
1832857:[7, 3, 2, 6, 4, 4, 8, 1, 4, 3]
1833658:[7, 4, 3, 7, 2, 2, 5, 8, 2, 0]
1841516:[0, 4, 7, 9, 5, 0, 8, 1, 4, 4]
1842844:[6, 8, 2, 5, 2, 8, 4, 9, 8, 2]
1847251:[5, 2, 6, 6, 3, 0, 6, 4, 7, 9]
1847411:[4, 7, 3, 1, 8, 9, 7, 3, 8, 4]
1847780:[6, 9, 6, 5, 9, 1, 2, 5, 3, 9]
184829:[2, 4, 5, 4, 7, 3, 9, 4, 5, 0]
1848372:[4, 3, 7, 0, 8, 5, 7, 0, 9, 0]
1850058:[9, 6, 5, 0, 6, 1, 4, 2, 1, 9]
1850437:[3, 2, 5, 7, 1, 9, 5, 0, 1, 6]
1850788:[6, 8, 4, 7, 0, 2, 1, 9, 3, 8]
1851216:[5, 1, 3, 1, 7, 2, 9, 9, 9, 9]
1852299:[3, 4, 8, 9, 3, 4, 5, 5, 0, 0]
1852502:[2, 1, 5, 4, 7, 9, 1, 8, 1, 9]
18532:[0, 1, 3, 7, 4, 9, 6, 6, 2, 4]
1854771:[4, 7, 4, 0, 4, 5, 9, 3, 7, 3]
1856539:[2, 1, 5, 6, 9, 9, 0, 5, 2, 9]
1858584:[7, 5, 4, 7, 0, 5, 2, 0, 6, 4]
18595:[0, 7, 5, 7, 2, 7, 4, 5, 9, 8]
1860922:[1, 1, 4, 5, 5, 0, 2, 0, 7, 2]
18629:[3, 9, 0, 8, 9, 7, 1, 5, 4, 1]
1864404:[9, 2, 5, 6, 3, 1, 2, 1, 4, 0]
1865664:[0, 8, 3, 4, 6, 1, 1, 8, 0, 5]
1871212:[3, 7, 8, 4, 7, 6, 5, 6, 8, 7]
1872505:[8, 8, 9, 5, 0, 9, 6, 6, 5, 5]
1872631:[8, 1, 7, 7, 1, 4, 9, 7, 7, 7]
1876068:[6, 1, 2, 8, 4, 8, 1, 2, 0, 7]
1876515:[0, 9, 5, 0, 7, 2, 9, 1, 7, 1]
1878327:[8, 9, 0, 2, 5, 5, 0, 8, 4, 1]
1878382:[2, 6, 7, 0, 3, 9, 9, 9, 1, 1]
1879333:[1, 0, 6, 3, 8, 4, 0, 6, 0, 3]
1879757:[3, 5, 6, 7, 2, 1, 9, 2, 8, 0]
1881716:[6, 4, 8, 5, 8, 6, 4, 1, 9, 7]
1884392:[2, 8, 6, 5, 7, 6, 0, 5, 2, 7]
1885058:[6, 6, 5, 5, 1, 6, 1, 0, 1, 8]
1885355:[9, 5, 2, 1, 0, 8, 5, 4, 1, 2]
1887329:[4, 4, 3, 4, 5, 6, 1, 3, 9, 4]
1891583:[9, 6, 9, 6, 0, 8, 5, 3, 2, 4]
1895939:[2, 9, 4, 8, 0, 9, 5, 0, 0, 5]
1896207:[1, 4, 4, 1, 0, 4, 9, 0, 0, 7]
1897338:[1, 5, 1, 0, 0, 0, 3, 8, 5, 5]
1898475:[2, 8, 7, 9, 6, 1, 1, 8, 4, 7]
1905527:[5, 5, 3, 2, 3, 3, 2, 6, 4, 4]
1906033:[1, 0, 8, 7, 7, 9, 1, 2, 2, 4]
1908224:[4, 7, 2, 8, 2, 5, 4, 5, 6, 8]
1909270:[8, 4, 1, 1, 0, 2, 4, 7, 7, 2]
1909626:[3, 8, 2, 2, 1, 4, 7, 9, 4, 4]
1910663:[6, 5, 4, 6, 4, 0, 5, 4, 6, 5]
1911064:[3, 7, 1, 5, 5, 8, 7, 5, 2, 0]
191112:[6, 1, 6, 6, 1, 5, 2, 7, 1, 5]
1912127:[6, 7, 8, 4, 6, 8, 0, 5, 7, 3]
1912913:[9, 9, 1, 7, 3, 0, 8, 3, 3, 6]
1914412:[8, 3, 0, 3, 4, 0, 1, 5, 0, 6]
1916080:[5, 2, 5, 1, 7, 6, 3, 3, 3, 5]
1920309:[2, 7, 3, 5, 3, 6, 9, 6, 2, 6]
1920866:[9, 4, 4, 5, 6, 5, 5, 4, 0, 1]
192118:[4, 5, 6, 0, 5, 2, 2, 5, 0, 0]
1923601:[1, 2, 2, 7, 0, 7, 4, 6, 0, 3]
1923844:[1, 2, 0, 2, 4, 1, 5, 5, 6, 8]
1924168:[6, 5, 4, 8, 2, 9, 0, 0, 3, 8]
1928897:[9, 1, 2, 6, 7, 0, 1, 0, 2, 8]
1929112:[2, 4, 2, 3, 0, 8, 3, 4, 7, 1]
1932873:[3, 5, 7, 9, 3, 0, 8, 0, 5, 4]
1933341:[5, 2, 8, 1, 4, 5, 7, 4, 4, 0]
1933687:[1, 1, 6, 3, 3, 3, 3, 0, 1, 7]
1935343:[6, 8, 0, 5, 3, 3, 6, 4, 3, 3]
193650:[3, 7, 3, 3, 2, 8, 7, 3, 7, 9]
1937168:[8, 4, 5, 6, 9, 5, 1, 6, 4, 8]
1938517:[8, 9, 9, 3, 4, 7, 9, 9, 5, 1]
193882:[2, 2, 1, 7, 8, 5, 0, 3, 3, 3]
1939877:[1, 1, 6, 9, 6, 8, 1, 5, 5, 6]
193988:[8, 1, 1, 4, 0, 2, 3, 2, 9, 2]
1940324:[0, 9, 7, 2, 8, 4, 0, 4, 7, 9]
1941073:[9, 5, 8, 3, 5, 2, 7, 3, 5, 4]
1943853:[6, 3, 5, 9, 1, 5, 1, 2, 8, 4]
1944242:[0, 3, 1, 3, 2, 3, 0, 4, 1, 6]
1945749:[8, 0, 1, 3, 6, 9, 2, 2, 3, 1]
1945848:[0, 2, 1, 9, 3, 5, 6, 7, 5, 0]
1946145:[9, 9, 2, 0, 0, 1, 1, 7, 1, 8]
194675:[8, 3, 3, 1, 0, 5, 2, 3, 3, 6]
194869:[7, 4, 1, 7, 0, 4, 0, 4, 8, 1]
1949241:[5, 5, 8, 9, 4, 9, 9, 5, 6, 7]
1949715:[3, 3, 2, 9, 5, 7, 3, 5, 6, 5]
1949877:[8, 3, 8, 5, 9, 5, 3, 3, 4, 8]
1950951:[4, 3, 7, 6, 6, 7, 5, 1, 0, 6]
1951408:[3, 1, 5, 8, 2, 8, 7, 8, 9, 8]
1951481:[3, 6, 8, 6, 5, 3, 3, 1, 8, 3]
1951746:[7, 6, 8, 8, 8, 9, 4, 6, 5, 9]
1953713:[1, 2, 8, 6, 1, 9, 9, 5, 9, 3]
1954065:[7, 9, 2, 3, 4, 9, 3, 4, 4, 5]
1954444:[9, 4, 8, 0, 2, 1, 0, 9, 7, 1]
1959812:[4, 1, 4, 6, 9, 2, 4, 4, 1, 3]
1961285:[1, 5, 1, 8, 4, 4, 2, 6, 9, 7]
1962110:[2, 6, 9, 9, 5, 7, 5, 0, 6, 6]
1964404:[4, 9, 6, 8, 3, 1, 1, 8, 2, 5]
1964798:[9, 5, 3, 1, 4, 5, 2, 3, 2, 2]
1965497:[2, 3, 9, 6, 9, 8, 3, 0, 4, 4]
1968284:[4, 4, 6, 6, 7, 4, 0, 1, 9, 7]
1969506:[9, 3, 7, 3, 6, 4, 7, 1, 9, 5]
1969542:[8, 4, 8, 5, 3, 2, 6, 9, 5, 1]
1970257:[7, 7, 7, 1, 4, 8, 1, 8, 2, 1]
1970742:[8, 3, 2, 1, 6, 3, 0, 6, 2, 0]
1971042:[6, 6, 7, 3, 5, 1, 6, 8, 2, 2]
197157:[1, 4, 5, 3, 7, 7, 5, 3, 9, 2]
1975068:[9, 3, 3, 7, 3, 1, 2, 9, 4, 1]
1975390:[7, 8, 8, 4, 1, 6, 0, 5, 8, 4]
197886:[3, 1, 0, 8, 2, 5, 1, 8, 2, 4]
1978991:[3, 1, 8, 7, 5, 0, 7, 5, 6, 1]
1984598:[4, 9, 3, 2, 0, 7, 1, 6, 1, 5]
1985080:[6, 6, 0, 2, 6, 0, 8, 8, 1, 5]
1986061:[6, 4, 6, 0, 9, 9, 1, 7, 2, 5]
1986271:[7, 5, 5, 1, 4, 7, 1, 9, 4, 4]
198968:[3, 5, 5, 8, 7, 6, 8, 6, 1, 2]
199036:[7, 7, 7, 2, 8, 9, 5, 1, 8, 6]
1990837:[9, 0, 8, 9, 0, 3, 4, 8, 9, 6]
1994156:[7, 5, 8, 8, 8, 3, 1, 0, 8, 9]
1995073:[0, 2, 8, 1, 8, 8, 9, 3, 0, 5]
1995555:[5, 9, 0, 8, 8, 8, 8, 0, 1, 6]
199644:[4, 7, 6, 8, 6, 9, 7, 2, 2, 5]
1998521:[0, 5, 5, 8, 0, 3, 1, 9, 5, 1]
1999820:[0, 6, 8, 2, 6, 5, 0, 8, 6, 1]
2000111:[1, 3, 6, 8, 0, 8, 9, 3, 4, 2]
2001486:[7, 1, 6, 1, 4, 0, 0, 6, 5, 0]
2002364:[2, 8, 2, 2, 7, 9, 2, 9, 4, 3]
2005233:[1, 2, 8, 5, 7, 4, 0, 2, 8, 6]
2011048:[6, 9, 1, 8, 8, 1, 8, 9, 9, 5]
2011160:[0, 4, 9, 0, 4, 0, 8, 4, 5, 7]
201122:[0, 2, 1, 9, 1, 8, 2, 5, 4, 8]
2011282:[9, 6, 9, 2, 7, 6, 5, 5, 4, 7]
2011286:[0, 2, 1, 4, 9, 6, 8, 4, 8, 2]
2012501:[7, 5, 5, 9, 0, 0, 5, 6, 0, 3]
2016312:[9, 4, 9, 7, 2, 3, 3, 3, 0, 0]
2018850:[3, 7, 7, 0, 5, 4, 3, 5, 3, 7]
2022745:[9, 1, 9, 8, 5, 5, 6, 8, 8, 4]
2023071:[0, 8, 5, 1, 8, 4, 3, 1, 8, 6]
2026273:[5, 4, 5, 8, 1, 3, 2, 7, 5, 0]
2028194:[9, 4, 9, 7, 7, 6, 9, 2, 2, 7]
2029340:[3, 1, 5, 2, 0, 5, 8, 1, 2, 1]
2031542:[0, 5, 4, 0, 1, 4, 3, 3, 9, 0]
203180:[8, 6, 8, 5, 7, 9, 1, 6, 2, 5]
2034791:[3, 5, 4, 5, 4, 5, 1, 9, 0, 8]
203635:[4, 5, 4, 8, 6, 5, 4, 1, 7, 7]
2043676:[7, 5, 6, 2, 3, 8, 8, 8, 6, 9]
2044326:[9, 0, 0, 9, 3, 1, 7, 9, 5, 3]
2048614:[6, 6, 3, 6, 1, 1, 5, 4, 8, 5]
2051773:[6, 6, 0, 9, 9, 0, 7, 2, 3, 0]
2051830:[0, 6, 1, 1, 2, 9, 3, 5, 8, 0]
2052514:[1, 4, 9, 7, 6, 8, 4, 6, 2, 6]
2052530:[4, 7, 2, 6, 7, 6, 2, 1, 5, 2]
2053681:[0, 7, 1, 1, 7, 7, 6, 2, 3, 6]
2058665:[9, 2, 5, 6, 3, 3, 2, 7, 7, 4]
2058773:[1, 8, 0, 8, 7, 9, 9, 6, 6, 2]
206160:[2, 6, 2, 4, 2, 4, 4, 7, 9, 5]
2062245:[7, 2, 0, 1, 9, 1, 1, 6, 3, 2]
2063827:[5, 4, 9, 4, 2, 1, 0, 8, 9, 9]
2066510:[0, 6, 4, 5, 1, 8, 5, 0, 3, 4]
2067760:[7, 5, 5, 9, 0, 9, 9, 0, 2, 9]
2070156:[8, 6, 8, 1, 5, 2, 9, 2, 7, 1]
2071885:[2, 0, 4, 4, 8, 8, 2, 1, 9, 2]
2072243:[5, 2, 9, 6, 1, 2, 1, 8, 2, 9]
207556:[7, 4, 4, 5, 4, 7, 1, 9, 5, 3]
207576:[5, 9, 2, 7, 5, 5, 6, 4, 9, 8]
2076198:[6, 6, 8, 2, 0, 0, 0, 7, 2, 5]
2077005:[9, 3, 6, 0, 9, 6, 6, 4, 9, 9]
2077107:[1, 3, 8, 9, 5, 6, 6, 1, 2, 6]
2078603:[8, 2, 4, 8, 6, 0, 5, 5, 5, 1]
20793:[4, 2, 4, 2, 0, 6, 6, 9, 1, 1]
2079926:[9, 6, 8, 1, 0, 1, 2, 8, 4, 4]
2080915:[3, 9, 6, 5, 6, 2, 6, 4, 9, 3]
2082848:[4, 3, 7, 1, 3, 0, 4, 1, 4, 1]
2087941:[5, 3, 8, 7, 2, 9, 6, 8, 9, 0]
2089373:[7, 8, 0, 9, 7, 9, 4, 3, 2, 4]
2090789:[8, 3, 2, 7, 2, 8, 5, 9, 2, 5]
209083:[0, 1, 2, 0, 5, 1, 2, 9, 9, 9]
2092670:[5, 1, 7, 9, 4, 8, 0, 5, 9, 8]
2092698:[9, 0, 5, 8, 7, 4, 7, 2, 7, 3]
2092755:[0, 2, 1, 2, 3, 1, 4, 9, 8, 8]
2096381:[9, 0, 5, 0, 1, 0, 4, 9, 7, 0]
2097143:[8, 1, 1, 4, 6, 3, 7, 2, 1, 3]
2097956:[0, 6, 7, 6, 3, 8, 0, 2, 4, 2]
2100473:[1, 0, 2, 2, 3, 9, 8, 8, 3, 1]
2101866:[1, 9, 6, 4, 3, 7, 9, 6, 6, 0]
2102695:[5, 9, 6, 2, 5, 6, 2, 0, 3, 6]
21047:[4, 8, 2, 3, 5, 2, 6, 8, 8, 9]
2108070:[8, 3, 2, 1, 2, 3, 4, 5, 9, 3]
2108599:[6, 9, 0, 1, 7, 4, 5, 1, 8, 0]
210863:[1, 0, 2, 3, 2, 7, 7, 5, 7, 1]
210962:[3, 0, 0, 8, 9, 8, 1, 6, 3, 8]
2114925:[5, 6, 4, 2, 2, 5, 8, 3, 7, 4]
2115835:[4, 7, 2, 9, 1, 5, 8, 8, 5, 9]
2116590:[3, 7, 1, 2, 7, 2, 8, 0, 3, 2]
2121001:[2, 5, 2, 3, 8, 0, 8, 6, 5, 4]
2121682:[5, 8, 6, 3, 8, 5, 2, 0, 6, 7]
2123042:[8, 2, 0, 7, 6, 9, 9, 4, 4, 9]
2123809:[8, 2, 5, 3, 1, 6, 4, 5, 2, 4]
2132112:[7, 4, 6, 5, 1, 2, 1, 5, 6, 6]
2133772:[3, 9, 5, 9, 7, 4, 4, 5, 2, 0]
2134102:[9, 5, 1, 5, 7, 4, 4, 9, 3, 0]
2134210:[9, 7, 0, 0, 8, 6, 1, 8, 7, 7]
213660:[4, 5, 3, 4, 4, 9, 4, 8, 6, 1]
2137333:[5, 9, 0, 5, 0, 4, 2, 8, 4, 1]
2137943:[9, 8, 4, 3, 3, 3, 0, 6, 4, 3]
2148425:[4, 4, 4, 7, 3, 7, 5, 2, 7, 8]
2148854:[8, 1, 5, 4, 9, 1, 5, 4, 8, 1]
2150761:[2, 9, 8, 3, 7, 8, 7, 3, 6, 5]
2151140:[6, 7, 7, 0, 4, 4, 6, 6, 4, 4]
2151273:[4, 4, 5, 8, 7, 8, 3, 1, 7, 1]
2154477:[1, 8, 2, 2, 5, 0, 9, 2, 1, 3]
2157508:[4, 3, 8, 1, 0, 8, 8, 6, 1, 7]
216076:[6, 4, 3, 1, 3, 9, 0, 2, 6, 5]
2163175:[0, 3, 9, 1, 5, 9, 9, 7, 8, 5]
2163236:[7, 1, 9, 8, 5, 6, 8, 5, 4, 9]
2164608:[7, 1, 1, 1, 4, 0, 7, 0, 7, 4]
216507:[7, 6, 8, 4, 0, 4, 6, 8, 2, 3]
2166035:[2, 8, 5, 5, 5, 6, 4, 3, 1, 2]
2166073:[9, 1, 6, 6, 9, 9, 3, 8, 6, 7]
2167998:[4, 6, 2, 9, 3, 3, 1, 5, 1, 3]
2168626:[2, 9, 3, 5, 5, 0, 1, 1, 7, 3]
2170140:[3, 1, 4, 5, 8, 5, 7, 5, 3, 0]
2172451:[1, 0, 8, 2, 2, 5, 8, 5, 6, 7]
2172474:[6, 3, 7, 6, 0, 1, 0, 9, 3, 5]
2172864:[6, 1, 7, 0, 7, 6, 3, 4, 4, 7]
2173621:[5, 9, 1, 4, 2, 1, 0, 8, 5, 4]
2174605:[4, 2, 2, 1, 1, 4, 1, 8, 3, 5]
2176805:[8, 8, 3, 1, 1, 1, 8, 1, 6, 1]
2177066:[3, 8, 6, 5, 0, 7, 9, 5, 0, 1]
2181764:[8, 7, 4, 7, 7, 3, 4, 4, 6, 8]
2186795:[3, 7, 3, 6, 0, 7, 5, 5, 1, 6]
218953:[8, 6, 8, 7, 2, 4, 1, 7, 1, 4]
2189774:[4, 7, 9, 9, 8, 4, 9, 7, 5, 6]
2190884:[1, 6, 3, 3, 8, 1, 0, 5, 2, 7]
219281:[8, 8, 5, 0, 0, 7, 2, 1, 8, 5]
2193460:[1, 7, 0, 1, 0, 8, 8, 4, 3, 5]
2193614:[0, 4, 1, 1, 8, 3, 3, 0, 5, 1]
2194902:[7, 5, 1, 0, 5, 4, 6, 7, 3, 7]
2195181:[9, 9, 9, 3, 2, 4, 8, 8, 9, 4]
2195488:[3, 1, 3, 9, 8, 0, 8, 8, 1, 5]
2196519:[5, 7, 3, 5, 0, 5, 5, 0, 8, 5]
2199245:[1, 4, 7, 1, 7, 3, 9, 3, 3, 9]
2199760:[1, 6, 1, 2, 8, 2, 3, 4, 9, 7]
2201891:[0, 9, 6, 3, 3, 2, 8, 5, 9, 5]
2202297:[6, 0, 3, 9, 6, 6, 5, 0, 3, 0]
2204316:[3, 4, 0, 7, 6, 9, 4, 1, 9, 6]
2207893:[3, 7, 3, 1, 1, 9, 7, 4, 0, 3]
2210039:[3, 4, 2, 8, 2, 7, 3, 3, 5, 2]
221236:[2, 9, 7, 4, 3, 2, 3, 5, 9, 1]
2213282:[6, 1, 2, 6, 3, 0, 6, 7, 0, 6]
2216207:[6, 4, 4, 6, 7, 4, 2, 5, 0, 8]
2217137:[3, 1, 1, 6, 4, 6, 0, 1, 4, 1]
2218429:[1, 3, 2, 6, 7, 0, 2, 1, 8, 6]
2219066:[1, 8, 3, 0, 4, 0, 5, 0, 1, 4]
2219178:[0, 4, 6, 8, 5, 4, 7, 2, 0, 8]
2220457:[1, 7, 5, 3, 5, 7, 3, 2, 7, 5]
2220504:[4, 8, 3, 5, 9, 9, 6, 8, 0, 9]
2221798:[3, 9, 7, 2, 1, 4, 5, 9, 3, 3]
2224863:[5, 0, 3, 8, 7, 0, 4, 4, 4, 3]
2225500:[2, 3, 0, 7, 5, 1, 7, 1, 4, 9]
2227154:[4, 5, 8, 8, 3, 1, 5, 3, 9, 1]
2228608:[3, 9, 8, 4, 0, 4, 0, 3, 7, 0]
2230777:[5, 4, 9, 3, 9, 4, 3, 5, 1, 5]
2233114:[0, 8, 3, 3, 4, 6, 8, 3, 5, 3]
2233213:[4, 2, 6, 8, 4, 6, 9, 1, 2, 4]
2238496:[9, 0, 8, 9, 9, 3, 5, 9, 7, 1]
2239620:[9, 6, 9, 9, 9, 9, 2, 8, 8, 8]
2239911:[7, 9, 8, 6, 7, 1, 6, 5, 4, 5]
2241631:[2, 9, 9, 3, 9, 9, 9, 0, 0, 7]
2243511:[8, 6, 9, 3, 6, 5, 4, 8, 0, 3]
2251960:[8, 2, 8, 1, 9, 0, 5, 6, 9, 5]
2252648:[1, 1, 4, 1, 6, 9, 1, 3, 5, 1]
2255025:[5, 6, 1, 5, 7, 9, 1, 3, 8, 9]
2257920:[8, 5, 9, 2, 4, 6, 8, 3, 5, 9]
2265566:[6, 5, 5, 3, 0, 7, 5, 1, 5, 7]
2266188:[0, 6, 5, 8, 2, 5, 6, 1, 1, 1]
226655:[4, 1, 4, 8, 3, 9, 2, 0, 4, 6]
2269289:[4, 1, 7, 4, 5, 3, 5, 7, 1, 3]
2269739:[0, 3, 1, 7, 9, 7, 5, 2, 6, 3]
2271722:[0, 9, 4, 2, 1, 0, 3, 4, 4, 2]
2271902:[4, 0, 0, 5, 1, 4, 7, 9, 8, 0]
2272306:[8, 5, 6, 9, 0, 7, 2, 2, 8, 2]
2273763:[2, 2, 8, 0, 8, 7, 7, 1, 9, 3]
2274025:[7, 0, 7, 3, 7, 8, 8, 7, 1, 4]
2275978:[4, 2, 7, 1, 8, 0, 6, 8, 7, 4]
2275991:[9, 8, 2, 0, 9, 1, 1, 7, 8, 9]
227741:[7, 0, 0, 2, 3, 6, 7, 6, 2, 1]
2278088:[6, 4, 2, 2, 0, 8, 5, 8, 7, 1]
2281534:[0, 4, 7, 8, 6, 4, 3, 5, 5, 0]
2283534:[0, 1, 8, 3, 7, 5, 9, 9, 8, 6]
2290036:[3, 1, 4, 2, 2, 7, 9, 3, 0, 3]
2291090:[7, 2, 4, 1, 7, 3, 1, 8, 6, 6]
2292303:[7, 2, 6, 9, 6, 3, 2, 9, 9, 6]
2294728:[6, 7, 2, 7, 3, 2, 5, 7, 8, 8]
2296778:[5, 9, 5, 8, 9, 8, 8, 5, 2, 1]
2298283:[6, 1, 5, 4, 1, 9, 0, 6, 4, 6]
2299506:[2, 7, 6, 3, 7, 0, 9, 0, 9, 1]
2300781:[1, 0, 8, 0, 4, 9, 9, 1, 2, 5]
2301745:[0, 9, 2, 1, 8, 8, 8, 7, 2, 1]
2302286:[2, 6, 4, 3, 2, 3, 3, 0, 3, 0]
230487:[7, 4, 4, 8, 5, 3, 6, 8, 2, 2]
2306225:[2, 9, 4, 3, 7, 7, 5, 7, 2, 9]
2306827:[6, 1, 5, 7, 0, 9, 3, 0, 7, 4]
2309341:[8, 4, 6, 6, 9, 5, 7, 0, 6, 7]
2310383:[1, 4, 9, 3, 1, 2, 0, 9, 9, 8]
2310949:[1, 1, 9, 4, 6, 9, 3, 8, 3, 3]
2313284:[3, 2, 8, 9, 1, 4, 8, 1, 0, 3]
2315635:[4, 8, 3, 1, 3, 3, 5, 3, 2, 3]
2316031:[1, 5, 1, 9, 8, 7, 5, 4, 4, 3]
2319592:[2, 7, 5, 7, 0, 2, 1, 3, 6, 6]
231990:[9, 4, 4, 4, 0, 3, 3, 8, 7, 5]
2320122:[6, 5, 2, 1, 9, 2, 1, 1, 5, 5]
2320275:[3, 7, 4, 2, 1, 7, 7, 0, 4, 5]
2322746:[4, 1, 4, 1, 3, 4, 9, 3, 5, 4]
2322902:[3, 9, 2, 1, 2, 7, 3, 6, 1, 0]
2323944:[9, 6, 2, 9, 8, 7, 1, 9, 5, 9]
2324161:[5, 5, 4, 6, 6, 2, 7, 2, 6, 6]
2324405:[5, 6, 5, 1, 4, 1, 3, 2, 8, 9]
2326600:[6, 5, 1, 5, 9, 0, 5, 4, 3, 7]
2326978:[7, 9, 6, 3, 9, 0, 1, 4, 6, 6]
2327404:[3, 8, 2, 2, 1, 3, 7, 9, 4, 4]
2327788:[1, 5, 9, 1, 4, 9, 8, 5, 4, 7]
2329370:[9, 1, 2, 7, 5, 1, 3, 8, 1, 6]
2333131:[3, 1, 9, 4, 8, 6, 5, 9, 5, 6]
2335898:[5, 4, 5, 8, 2, 8, 0, 9, 7, 9]
2337770:[6, 4, 3, 4, 6, 2, 3, 2, 9, 5]
2339841:[9, 7, 6, 0, 5, 5, 1, 3, 5, 5]
2340112:[4, 4, 0, 8, 0, 1, 2, 8, 1, 7]
2342461:[4, 6, 1, 8, 9, 3, 9, 7, 6, 8]
234307:[3, 7, 0, 0, 0, 2, 3, 2, 4, 1]
2344953:[4, 0, 9, 5, 6, 1, 3, 4, 4, 9]
2346559:[6, 9, 2, 2, 0, 7, 2, 5, 6, 4]
2348311:[9, 1, 4, 8, 1, 7, 0, 6, 6, 4]
2349966:[8, 2, 9, 0, 1, 9, 9, 2, 3, 4]
2352468:[1, 4, 3, 8, 0, 2, 3, 6, 8, 7]
2352514:[2, 1, 6, 3, 8, 9, 4, 4, 8, 4]
2353616:[7, 9, 0, 6, 9, 8, 3, 6, 3, 4]
2354737:[9, 7, 5, 2, 0, 3, 5, 1, 1, 5]
2361643:[5, 5, 2, 5, 0, 1, 1, 0, 9, 7]
2362223:[5, 8, 2, 3, 9, 4, 1, 8, 4, 3]
2365225:[3, 1, 5, 2, 1, 3, 3, 1, 8, 0]
236560:[2, 5, 2, 3, 8, 0, 4, 8, 1, 9]
2366502:[6, 8, 7, 5, 2, 9, 9, 1, 1, 2]
2367552:[5, 5, 9, 1, 4, 9, 6, 7, 0, 1]
2367691:[6, 0, 4, 3, 2, 6, 8, 8, 3, 0]
2375574:[8, 0, 1, 9, 2, 6, 4, 1, 2, 7]
2376012:[1, 3, 7, 2, 2, 2, 9, 4, 7, 9]
2377002:[8, 9, 0, 3, 6, 4, 3, 3, 0, 4]
2379735:[5, 3, 7, 6, 3, 8, 5, 9, 4, 2]
2381622:[5, 7, 6, 0, 6, 5, 3, 7, 8, 2]
2382873:[4, 4, 3, 0, 7, 8, 1, 5, 5, 0]
2386475:[5, 9, 2, 1, 7, 0, 8, 6, 2, 1]
2389459:[7, 4, 6, 4, 4, 4, 2, 4, 1, 8]
2392133:[0, 4, 9, 0, 9, 0, 9, 5, 4, 2]
2393616:[1, 2, 7, 4, 4, 6, 0, 3, 3, 9]
2394535:[1, 4, 5, 5, 5, 3, 9, 7, 4, 2]
2399329:[9, 6, 8, 3, 1, 5, 5, 2, 6, 3]
2401633:[9, 2, 5, 4, 6, 8, 8, 6, 2, 0]
2403002:[9, 2, 3, 5, 8, 6, 7, 0, 8, 1]
2405238:[2, 7, 6, 1, 4, 5, 7, 5, 5, 1]
2405304:[2, 4, 4, 7, 8, 8, 1, 4, 3, 4]
240749:[3, 1, 1, 1, 7, 7, 0, 6, 7, 7]
240929:[6, 6, 6, 0, 7, 5, 5, 7, 4, 1]
2409576:[2, 1, 7, 1, 2, 1, 3, 8, 0, 5]
2409775:[0, 9, 9, 3, 3, 2, 7, 6, 4, 2]
2409826:[8, 3, 4, 7, 5, 0, 0, 5, 9, 3]
2409990:[3, 2, 3, 8, 5, 4, 8, 0, 4, 2]
2412320:[3, 2, 6, 8, 5, 1, 9, 6, 2, 8]
2412353:[4, 4, 6, 8, 4, 6, 4, 9, 6, 8]
2413135:[4, 9, 5, 0, 7, 3, 5, 1, 8, 1]
2416124:[6, 3, 9, 2, 1, 3, 5, 2, 0, 6]
2418148:[1, 7, 3, 2, 1, 7, 0, 7, 2, 4]
2421031:[1, 1, 5, 2, 5, 2, 9, 3, 4, 5]
2423354:[1, 5, 1, 6, 9, 3, 4, 5, 3, 6]
2423592:[2, 0, 7, 4, 3, 0, 2, 6, 1, 9]
2425015:[1, 1, 5, 6, 9, 3, 7, 6, 3, 7]
2427203:[4, 8, 6, 4, 8, 0, 0, 3, 2, 6]
2428426:[6, 9, 8, 5, 6, 6, 7, 2, 2, 0]
2428683:[5, 6, 0, 0, 0, 2, 8, 7, 3, 0]
2428903:[9, 9, 0, 6, 7, 5, 4, 9, 4, 8]
2429735:[1, 7, 0, 6, 4, 3, 4, 8, 0, 7]
2434739:[6, 6, 6, 9, 9, 4, 4, 9, 3, 6]
2434999:[9, 7, 7, 5, 1, 0, 9, 9, 0, 9]
2436736:[7, 8, 3, 8, 5, 2, 6, 4, 4, 6]
2436770:[8, 7, 5, 1, 8, 3, 9, 1, 3, 0]
2438470:[8, 3, 3, 2, 0, 3, 7, 8, 6, 6]
2439967:[8, 2, 5, 4, 9, 8, 5, 6, 0, 4]
2440256:[5, 1, 7, 3, 5, 0, 5, 7, 1, 7]
2440804:[8, 3, 6, 9, 6, 3, 8, 5, 4, 2]
2447268:[8, 6, 6, 9, 7, 8, 4, 8, 1, 8]
2449703:[6, 3, 1, 8, 4, 0, 8, 6, 8, 2]
2450739:[3, 1, 6, 1, 6, 1, 8, 8, 1, 5]
2451685:[1, 9, 7, 3, 6, 0, 2, 2, 9, 4]
2451794:[8, 6, 6, 9, 7, 8, 4, 8, 1, 8]
2453555:[4, 6, 6, 4, 1, 3, 1, 8, 6, 4]
2457539:[4, 8, 2, 8, 1, 7, 3, 2, 2, 6]
2458073:[6, 4, 4, 8, 4, 1, 1, 2, 3, 8]
2458264:[5, 2, 4, 5, 9, 8, 9, 0, 8, 0]
2459249:[1, 2, 9, 7, 4, 1, 3, 8, 9, 3]
2460693:[4, 0, 8, 0, 7, 5, 5, 6, 2, 8]
2460829:[9, 7, 1, 3, 4, 4, 6, 8, 4, 7]
2461179:[7, 9, 2, 8, 0, 4, 9, 9, 5, 9]
2463560:[0, 6, 8, 2, 9, 7, 6, 4, 6, 6]
2463779:[4, 9, 4, 4, 8, 4, 9, 8, 8, 0]
2465819:[8, 7, 3, 2, 4, 6, 5, 6, 4, 3]
2466695:[6, 1, 6, 4, 7, 8, 0, 2, 0, 8]
2468966:[2, 3, 2, 9, 2, 4, 6, 9, 8, 9]
2470009:[3, 8, 5, 4, 3, 0, 9, 7, 1, 6]
2470341:[4, 0, 6, 4, 8, 5, 1, 9, 2, 0]
2473114:[1, 5, 1, 0, 2, 4, 7, 6, 1, 3]
2477536:[5, 6, 2, 3, 4, 4, 8, 6, 6, 5]
248134:[4, 3, 9, 1, 7, 3, 9, 5, 0, 8]
2481638:[1, 8, 2, 5, 7, 0, 7, 6, 6, 6]
2483277:[4, 0, 5, 6, 6, 3, 0, 0, 9, 5]
2483399:[9, 0, 6, 0, 1, 9, 4, 6, 8, 3]
248596:[5, 4, 5, 1, 2, 4, 4, 7, 3, 2]
2488395:[3, 4, 1, 9, 2, 1, 9, 9, 8, 7]
2488841:[5, 8, 3, 5, 8, 5, 0, 3, 1, 3]
2489504:[1, 1, 3, 8, 0, 4, 1, 1, 7, 6]
2490817:[1, 3, 3, 1, 5, 9, 4, 3, 6, 2]
2492204:[2, 5, 5, 1, 3, 6, 9, 0, 0, 0]
2494568:[1, 5, 0, 1, 3, 6, 6, 5, 8, 3]
2494962:[4, 9, 3, 2, 1, 1, 9, 8, 8, 6]
2496650:[9, 5, 3, 4, 9, 5, 8, 9, 9, 5]
2500653:[7, 2, 8, 2, 0, 5, 8, 2, 2, 9]
2501367:[3, 1, 3, 0, 7, 0, 7, 2, 2, 8]
250696:[8, 6, 1, 6, 5, 1, 3, 8, 0, 8]
2507172:[6, 7, 6, 0, 6, 6, 7, 3, 2, 2]
2507743:[6, 9, 8, 1, 3, 7, 2, 1, 5, 1]
2510860:[0, 3, 9, 0, 0, 7, 0, 1, 0, 7]
2512502:[3, 2, 7, 5, 0, 5, 8, 7, 8, 4]
2513740:[8, 4, 2, 4, 7, 8, 8, 7, 8, 4]
2518043:[5, 6, 5, 7, 2, 9, 5, 6, 5, 6]
2521115:[8, 6, 0, 8, 3, 2, 6, 6, 3, 1]
2523428:[3, 5, 1, 0, 5, 4, 8, 4, 9, 3]
2524270:[1, 2, 8, 1, 5, 9, 0, 0, 2, 5]
252510:[3, 6, 0, 4, 9, 0, 0, 4, 9, 3]
2527748:[1, 5, 7, 8, 1, 9, 9, 9, 0, 5]
2528604:[7, 6, 4, 1, 4, 5, 7, 6, 3, 3]
2528766:[0, 3, 3, 3, 4, 0, 7, 4, 9, 9]
2528868:[5, 3, 5, 3, 1, 6, 1, 0, 1, 3]
253037:[9, 2, 3, 4, 8, 6, 0, 2, 3, 3]
2535278:[0, 2, 9, 6, 4, 8, 4, 2, 5, 2]
253535:[4, 1, 1, 8, 6, 3, 3, 7, 2, 3]
253593:[9, 7, 6, 2, 5, 0, 1, 2, 8, 7]
2536353:[6, 0, 8, 1, 6, 2, 2, 8, 5, 9]
2536678:[4, 6, 0, 9, 3, 5, 3, 3, 3, 2]
2536717:[3, 1, 4, 9, 6, 2, 7, 6, 4, 7]
2540833:[0, 6, 2, 6, 7, 4, 0, 4, 2, 7]
2540975:[4, 2, 7, 1, 8, 0, 6, 8, 7, 4]
2541215:[7, 2, 9, 1, 6, 7, 0, 3, 0, 5]
2544838:[4, 9, 9, 0, 5, 8, 6, 3, 7, 7]
2545576:[9, 3, 2, 0, 8, 3, 6, 7, 9, 5]
2548025:[3, 5, 1, 2, 8, 2, 8, 2, 5, 6]
2548274:[1, 2, 8, 9, 8, 5, 3, 8, 3, 0]
2549345:[6, 8, 0, 8, 7, 8, 3, 9, 1, 8]
2549532:[3, 0, 5, 8, 9, 5, 8, 5, 2, 1]
2550086:[1, 3, 6, 5, 5, 2, 2, 0, 6, 9]
2552683:[6, 3, 3, 3, 9, 7, 5, 8, 6, 3]
2553928:[5, 5, 7, 5, 0, 6, 2, 4, 8, 4]
2554698:[5, 4, 2, 9, 2, 3, 2, 5, 9, 1]
2555583:[0, 5, 7, 3, 5, 7, 2, 4, 7, 7]
2556381:[9, 7, 3, 8, 6, 8, 7, 2, 0, 4]
2557498:[7, 5, 0, 1, 5, 1, 0, 1, 5, 4]
2558305:[2, 2, 1, 6, 5, 3, 6, 4, 5, 0]
2559176:[6, 1, 5, 7, 4, 8, 2, 9, 3, 7]
2561247:[3, 2, 3, 2, 1, 4, 3, 3, 0, 5]
2563863:[5, 7, 3, 3, 1, 1, 2, 2, 6, 1]
2565481:[0, 4, 2, 7, 8, 1, 5, 2, 0, 4]
2566082:[3, 7, 2, 2, 6, 0, 7, 0, 4, 2]
2567194:[3, 9, 6, 1, 1, 8, 3, 6, 9, 6]
257364:[3, 4, 7, 9, 3, 9, 7, 8, 5, 8]
257382:[6, 6, 7, 3, 7, 7, 0, 1, 4, 9]
2575910:[2, 3, 1, 9, 0, 2, 5, 9, 3, 3]
2576140:[7, 4, 8, 0, 0, 8, 9, 9, 0, 1]
2576857:[2, 2, 5, 0, 2, 0, 1, 3, 7, 7]
2580335:[7, 5, 3, 5, 8, 7, 5, 5, 4, 7]
2580759:[0, 2, 9, 3, 4, 5, 1, 7, 3, 1]
2582976:[5, 3, 3, 2, 8, 3, 3, 8, 9, 9]
2583365:[0, 2, 5, 6, 3, 0, 3, 2, 0, 5]
2584085:[2, 2, 7, 1, 7, 9, 2, 0, 3, 7]
2584749:[5, 2, 0, 6, 8, 9, 7, 6, 3, 7]
2586869:[8, 5, 3, 8, 6, 9, 7, 5, 2, 0]
2588250:[1, 4, 0, 7, 9, 6, 9, 1, 7, 7]
2588330:[9, 9, 5, 1, 3, 6, 1, 5, 9, 4]
2588479:[2, 6, 2, 2, 7, 9, 2, 3, 8, 4]
2589954:[0, 8, 7, 6, 8, 9, 3, 8, 2, 3]
2591327:[6, 4, 1, 8, 0, 7, 0, 9, 0, 7]
2595358:[4, 3, 2, 2, 8, 7, 7, 0, 2, 1]
2600010:[5, 2, 8, 5, 7, 1, 6, 2, 1, 0]
2605731:[6, 0, 6, 3, 5, 3, 4, 5, 0, 5]
2606334:[4, 1, 9, 2, 0, 8, 9, 8, 2, 6]
2608090:[2, 5, 7, 6, 7, 2, 1, 2, 7, 8]
2611441:[3, 4, 8, 8, 3, 0, 1, 8, 2, 6]
2613687:[7, 7, 0, 0, 5, 9, 8, 4, 0, 0]
2614256:[6, 2, 2, 8, 1, 8, 6, 8, 4, 2]
2616456:[2, 7, 4, 8, 4, 7, 6, 8, 4, 7]
2616825:[6, 1, 7, 0, 0, 5, 6, 7, 6, 8]
2618400:[8, 2, 6, 8, 9, 9, 7, 7, 2, 4]
2622018:[3, 8, 9, 7, 7, 6, 5, 0, 6, 1]
2622515:[0, 3, 6, 0, 5, 2, 4, 3, 8, 4]
26239:[1, 2, 5, 0, 8, 4, 6, 4, 6, 2]
26258:[4, 6, 0, 5, 3, 3, 5, 8, 3, 5]
2627069:[4, 3, 3, 7, 8, 6, 7, 8, 6, 1]
2629118:[6, 2, 9, 3, 1, 7, 9, 4, 7, 9]
2629369:[0, 9, 0, 2, 9, 5, 3, 7, 3, 6]
2629774:[7, 8, 6, 8, 3, 6, 1, 6, 7, 0]
2630601:[7, 5, 5, 6, 4, 1, 2, 2, 9, 3]
2632567:[4, 1, 7, 7, 1, 0, 5, 9, 2, 1]
2633611:[8, 9, 1, 7, 8, 5, 9, 0, 4, 4]
2635107:[0, 5, 4, 0, 0, 7, 0, 4, 1, 7]
2635597:[6, 3, 3, 0, 0, 7, 0, 3, 3, 2]
2637416:[6, 1, 0, 5, 8, 2, 3, 1, 8, 7]
2639367:[8, 1, 1, 3, 9, 1, 5, 8, 4, 6]
2640115:[4, 6, 5, 6, 4, 3, 7, 5, 4, 1]
264119:[9, 3, 4, 2, 7, 8, 0, 5, 5, 1]
2645222:[2, 6, 0, 8, 1, 3, 5, 9, 6, 9]
2648747:[4, 9, 8, 1, 7, 8, 7, 7, 3, 1]
2650860:[9, 6, 2, 3, 0, 6, 0, 4, 5, 2]
2651876:[7, 9, 8, 5, 1, 8, 2, 5, 3, 9]
2652468:[4, 4, 6, 4, 3, 3, 2, 2, 6, 8]
2655905:[6, 2, 6, 6, 0, 5, 7, 5, 4, 4]
2659808:[3, 2, 6, 9, 1, 2, 7, 6, 4, 7]
2660993:[5, 2, 6, 5, 3, 0, 7, 4, 7, 0]
2661427:[9, 5, 5, 2, 4, 7, 6, 9, 2, 0]
2661995:[1, 0, 9, 2, 9, 6, 4, 7, 4, 1]
2669613:[3, 3, 8, 4, 5, 7, 4, 6, 3, 6]
2670134:[5, 3, 2, 1, 4, 9, 2, 9, 0, 8]
2671220:[2, 9, 6, 1, 1, 9, 7, 1, 4, 2]
267283:[3, 2, 7, 7, 5, 9, 9, 2, 4, 3]
2682868:[3, 3, 1, 5, 3, 3, 1, 2, 2, 7]
2683651:[5, 5, 5, 6, 3, 9, 9, 6, 3, 8]
2687061:[4, 6, 8, 4, 2, 0, 8, 4, 0, 2]
2689632:[3, 9, 9, 3, 7, 4, 3, 6, 1, 8]
2690476:[5, 1, 1, 6, 6, 2, 1, 0, 1, 6]
269204:[3, 1, 8, 9, 1, 9, 2, 6, 0, 8]
269269:[9, 0, 8, 8, 5, 4, 8, 8, 5, 9]
2694678:[7, 7, 7, 8, 9, 3, 9, 0, 0, 3]
2696082:[1, 4, 6, 3, 9, 9, 3, 0, 4, 7]
2696181:[0, 3, 7, 9, 0, 8, 1, 7, 8, 0]
2697470:[1, 1, 5, 8, 9, 1, 9, 4, 6, 0]
2699323:[4, 1, 0, 8, 6, 3, 4, 6, 0, 8]
2700894:[7, 9, 5, 2, 3, 1, 6, 1, 7, 4]
2702402:[3, 4, 7, 4, 4, 1, 0, 3, 4, 2]
2702946:[8, 1, 7, 5, 0, 6, 8, 5, 2, 6]
2706014:[0, 6, 6, 5, 5, 9, 4, 0, 0, 1]
2706413:[9, 4, 3, 7, 7, 6, 1, 7, 4, 8]
2707148:[9, 6, 4, 9, 1, 6, 1, 2, 0, 7]
2708170:[4, 6, 1, 8, 1, 0, 1, 7, 2, 7]
2709532:[3, 8, 1, 4, 5, 8, 4, 6, 3, 0]
271222:[2, 0, 3, 8, 0, 6, 6, 9, 0, 7]
2712785:[2, 6, 2, 2, 9, 9, 2, 2, 6, 2]
2713618:[6, 5, 7, 2, 1, 6, 3, 7, 7, 2]
2713647:[4, 5, 6, 2, 1, 6, 5, 7, 7, 8]
2714666:[8, 6, 5, 3, 0, 4, 0, 4, 5, 8]
2716449:[5, 7, 3, 4, 1, 1, 6, 6, 3, 4]
2723320:[5, 0, 6, 0, 5, 5, 8, 3, 1, 3]
272496:[1, 0, 8, 3, 5, 3, 4, 1, 4, 5]
2726461:[3, 4, 9, 2, 7, 3, 9, 5, 6, 9]
2727468:[4, 1, 0, 5, 4, 0, 4, 7, 2, 7]
2730584:[9, 4, 0, 3, 3, 5, 3, 4, 6, 7]
2730992:[8, 5, 7, 9, 0, 6, 4, 2, 6, 1]
27317:[6, 9, 4, 1, 0, 1, 5, 5, 2, 0]
2732744:[8, 7, 8, 8, 8, 5, 2, 2, 6, 1]
2734806:[2, 0, 7, 2, 5, 4, 3, 9, 6, 5]
2740388:[6, 4, 5, 0, 8, 5, 6, 2, 6, 4]
2740460:[5, 9, 3, 1, 2, 2, 6, 6, 6, 9]
2740889:[6, 5, 2, 7, 0, 9, 3, 3, 5, 2]
2741343:[7, 6, 7, 5, 6, 2, 4, 5, 6, 0]
2742002:[5, 3, 4, 3, 6, 5, 5, 8, 7, 4]
2742237:[3, 8, 3, 5, 3, 5, 6, 9, 9, 1]
2742658:[4, 5, 2, 3, 8, 0, 6, 1, 9, 7]
2743954:[8, 1, 3, 3, 1, 1, 4, 8, 5, 6]
2745716:[7, 0, 6, 9, 7, 0, 8, 6, 4, 6]
274585:[9, 6, 8, 6, 3, 6, 0, 7, 5, 0]
2746763:[1, 9, 5, 3, 0, 1, 9, 7, 7, 3]
2747787:[7, 4, 3, 5, 4, 0, 2, 9, 6, 5]
2749811:[5, 1, 8, 4, 8, 7, 8, 7, 4, 7]
2751756:[4, 4, 1, 3, 8, 5, 2, 1, 1, 6]
2751863:[2, 5, 1, 8, 2, 8, 6, 5, 5, 8]
2752066:[6, 9, 1, 1, 4, 3, 1, 0, 6, 4]
2753569:[8, 7, 8, 1, 8, 3, 4, 3, 3, 0]
275609:[8, 3, 1, 3, 5, 3, 1, 5, 6, 7]
2756645:[6, 0, 0, 0, 8, 1, 0, 8, 1, 6]
2757545:[8, 2, 9, 8, 9, 3, 9, 0, 4, 0]
2758544:[7, 6, 7, 3, 8, 5, 7, 2, 6, 9]
2761770:[9, 4, 0, 5, 7, 9, 1, 2, 9, 1]
2762749:[8, 9, 1, 8, 3, 9, 1, 2, 9, 9]
2763698:[9, 5, 2, 0, 8, 3, 3, 2, 8, 9]
276531:[2, 9, 9, 0, 0, 7, 0, 0, 7, 4]
2767470:[8, 3, 6, 5, 0, 6, 5, 1, 2, 7]
2770653:[4, 4, 9, 1, 6, 5, 8, 0, 5, 0]
2770777:[1, 0, 7, 1, 0, 6, 9, 6, 9, 6]
2780612:[1, 2, 3, 6, 3, 0, 4, 3, 0, 2]
2780786:[6, 1, 5, 9, 8, 9, 4, 1, 0, 0]
2781947:[3, 3, 7, 5, 2, 5, 5, 5, 0, 7]
2782324:[7, 5, 5, 8, 4, 4, 4, 8, 5, 5]
2782748:[8, 1, 0, 0, 0, 5, 9, 4, 6, 0]
2785643:[3, 5, 0, 1, 7, 1, 6, 9, 6, 0]
2788317:[1, 3, 7, 5, 0, 3, 7, 7, 2, 1]
2788789:[8, 7, 8, 0, 2, 3, 4, 3, 4, 0]
279001:[3, 0, 6, 1, 3, 5, 3, 6, 3, 3]
2790251:[1, 4, 1, 8, 3, 3, 1, 3, 9, 1]
2792031:[6, 3, 6, 9, 3, 6, 3, 5, 8, 6]
2794476:[7, 1, 0, 0, 7, 4, 6, 7, 5, 7]
2794636:[8, 9, 8, 1, 2, 2, 3, 6, 6, 2]
279520:[1, 3, 6, 8, 1, 1, 8, 4, 1, 3]
2798168:[6, 5, 3, 3, 9, 6, 6, 8, 6, 0]
2799906:[7, 3, 7, 1, 9, 4, 6, 9, 5, 0]
2802260:[4, 5, 7, 3, 6, 4, 1, 7, 5, 2]
2803269:[9, 9, 9, 5, 0, 3, 3, 0, 0, 6]
2803890:[9, 1, 2, 6, 8, 6, 3, 5, 2, 6]
2805377:[2, 2, 8, 3, 3, 1, 2, 5, 1, 0]
2812360:[5, 8, 1, 9, 1, 5, 7, 5, 4, 4]
281374:[8, 3, 3, 4, 4, 0, 2, 0, 1, 1]
2814921:[4, 4, 2, 9, 4, 3, 2, 8, 4, 1]
2815589:[3, 6, 5, 7, 5, 7, 6, 8, 3, 5]
2816921:[7, 5, 3, 4, 9, 2, 2, 4, 0, 6]
2817166:[6, 2, 0, 5, 2, 5, 4, 4, 2, 3]
2819872:[5, 5, 5, 1, 8, 3, 2, 2, 9, 9]
2820025:[3, 0, 5, 9, 8, 8, 4, 5, 9, 7]
2823703:[1, 1, 9, 1, 9, 9, 0, 1, 6, 6]
2824299:[1, 8, 6, 8, 9, 7, 4, 6, 1, 3]
2825250:[8, 3, 1, 9, 2, 9, 3, 7, 7, 5]
2827566:[3, 9, 1, 6, 8, 5, 6, 4, 5, 7]
2828526:[0, 3, 7, 1, 3, 8, 8, 9, 5, 8]
2830345:[7, 8, 5, 5, 9, 6, 9, 0, 3, 2]
2830565:[8, 0, 8, 2, 9, 1, 6, 0, 5, 5]
2831827:[0, 4, 7, 1, 1, 0, 7, 7, 9, 7]
2832163:[6, 8, 6, 2, 0, 5, 1, 5, 2, 4]
2833725:[4, 9, 6, 2, 5, 3, 4, 1, 5, 8]
2833727:[7, 9, 0, 2, 4, 1, 3, 3, 2, 6]
2836406:[3, 0, 8, 2, 5, 5, 8, 1, 9, 7]
2837687:[9, 8, 1, 0, 4, 1, 1, 3, 1, 0]
2841721:[4, 9, 7, 0, 4, 3, 2, 6, 4, 8]
2846638:[7, 6, 4, 1, 7, 1, 5, 3, 2, 7]
2847212:[7, 7, 5, 9, 2, 5, 6, 9, 3, 3]
285000:[0, 2, 5, 6, 2, 2, 9, 2, 1, 2]
2850114:[8, 0, 1, 1, 2, 9, 3, 3, 2, 6]
2850547:[1, 3, 4, 0, 1, 9, 2, 5, 3, 3]
2852212:[3, 0, 0, 6, 7, 4, 2, 6, 5, 4]
2853524:[6, 1, 0, 5, 2, 9, 2, 7, 8, 6]
2858618:[3, 3, 8, 9, 3, 3, 4, 8, 4, 8]
285999:[1, 2, 4, 7, 2, 2, 2, 0, 3, 9]
2861715:[9, 1, 4, 5, 4, 8, 1, 5, 8, 2]
2861771:[7, 6, 8, 2, 3, 5, 5, 2, 4, 5]
2862320:[8, 5, 9, 6, 2, 8, 1, 8, 7, 1]
2862382:[6, 5, 1, 9, 5, 0, 6, 9, 1, 5]
2863367:[8, 2, 3, 1, 1, 4, 4, 6, 3, 1]
2868934:[4, 0, 3, 6, 8, 7, 7, 1, 0, 8]
2869317:[0, 3, 5, 4, 6, 0, 2, 0, 4, 7]
287178:[2, 1, 8, 0, 4, 4, 7, 2, 7, 3]
2872626:[8, 1, 3, 0, 5, 1, 0, 1, 7, 0]
2877922:[9, 6, 1, 1, 2, 1, 0, 5, 3, 4]
2880943:[5, 6, 7, 8, 7, 4, 5, 7, 9, 0]
2881279:[6, 1, 5, 9, 0, 2, 7, 8, 7, 2]
2888687:[6, 0, 5, 8, 6, 1, 0, 0, 0, 8]
2888866:[1, 1, 6, 2, 6, 4, 2, 2, 1, 0]
2889393:[7, 2, 9, 1, 6, 7, 0, 3, 0, 5]
2892535:[8, 9, 7, 6, 9, 7, 6, 9, 9, 7]
2896301:[6, 0, 9, 0, 0, 6, 0, 7, 7, 3]
2897429:[4, 5, 7, 6, 6, 8, 8, 4, 3, 5]
2897458:[7, 9, 1, 6, 7, 9, 1, 4, 6, 4]
2897555:[6, 5, 3, 3, 6, 2, 4, 8, 8, 4]
2898490:[4, 1, 2, 9, 5, 7, 1, 5, 9, 1]
2905562:[6, 2, 3, 4, 6, 2, 0, 1, 1, 2]
2906278:[8, 5, 8, 7, 6, 9, 9, 1, 1, 8]
2917619:[6, 3, 4, 2, 0, 0, 5, 0, 1, 1]
291791:[8, 2, 0, 4, 4, 3, 7, 8, 6, 4]
2920458:[1, 0, 3, 1, 3, 2, 0, 0, 1, 6]
2923650:[4, 6, 1, 6, 8, 8, 6, 7, 4, 4]
2929836:[8, 6, 9, 4, 5, 3, 2, 7, 7, 0]
2933409:[9, 7, 6, 4, 2, 1, 4, 1, 1, 8]
2933556:[5, 9, 4, 9, 9, 4, 4, 5, 6, 0]
2935573:[0, 8, 1, 8, 9, 6, 7, 7, 6, 2]
2935899:[0, 5, 3, 0, 2, 6, 4, 1, 1, 0]
2938080:[3, 2, 9, 8, 6, 6, 0, 0, 8, 5]
2938125:[7, 7, 4, 0, 9, 7, 3, 6, 5, 7]
2939645:[1, 0, 8, 5, 8, 6, 3, 5, 6, 3]
2940006:[3, 8, 2, 2, 3, 8, 8, 5, 1, 9]
2941765:[8, 4, 0, 9, 4, 3, 5, 8, 9, 2]
2942974:[5, 0, 0, 5, 8, 2, 1, 4, 4, 6]
2945019:[8, 1, 2, 0, 1, 5, 8, 0, 0, 9]
2947353:[8, 6, 3, 2, 0, 0, 3, 0, 5, 9]
2949661:[1, 3, 3, 0, 2, 3, 9, 7, 1, 9]
2950178:[7, 6, 7, 0, 5, 4, 2, 1, 5, 9]
2952170:[9, 1, 0, 9, 5, 8, 2, 7, 6, 1]
2952376:[4, 1, 4, 4, 5, 9, 7, 8, 8, 4]
2953899:[2, 9, 1, 6, 9, 9, 2, 9, 8, 4]
2953946:[8, 2, 5, 7, 8, 9, 7, 3, 8, 9]
2956579:[5, 8, 5, 0, 3, 5, 6, 4, 5, 8]
2960666:[4, 8, 5, 6, 9, 8, 3, 3, 7, 5]
2960855:[4, 1, 6, 5, 1, 1, 3, 2, 9, 6]
2962196:[1, 1, 8, 4, 2, 4, 8, 8, 7, 4]
2962472:[6, 9, 8, 5, 6, 6, 7, 2, 2, 0]
2963727:[1, 1, 3, 9, 3, 5, 7, 1, 3, 7]
296582:[7, 5, 7, 4, 4, 5, 2, 7, 7, 9]
2967911:[9, 3, 5, 5, 5, 8, 8, 2, 2, 9]
296924:[8, 1, 5, 3, 4, 8, 1, 0, 8, 0]
2969920:[8, 6, 7, 2, 5, 0, 1, 6, 2, 0]
2975520:[0, 7, 6, 5, 7, 5, 2, 0, 3, 7]
2977695:[7, 4, 9, 9, 9, 8, 9, 4, 1, 4]
2980380:[4, 7, 7, 1, 2, 7, 3, 6, 0, 3]
298188:[4, 6, 5, 3, 0, 5, 0, 3, 3, 3]
298268:[5, 4, 4, 3, 8, 7, 1, 2, 6, 3]
2983067:[8, 9, 8, 7, 3, 9, 7, 0, 1, 3]
2983197:[4, 6, 3, 1, 0, 4, 1, 7, 6, 1]
2983535:[3, 8, 3, 2, 8, 4, 1, 3, 2, 2]
2987070:[3, 2, 8, 4, 8, 1, 6, 2, 3, 5]
2987706:[9, 3, 7, 0, 5, 2, 5, 7, 6, 0]
29877:[2, 0, 2, 2, 6, 9, 7, 9, 9, 8]
2989731:[7, 8, 1, 1, 7, 2, 0, 5, 8, 3]
2990570:[3, 8, 8, 9, 1, 5, 6, 7, 5, 7]
2990698:[1, 1, 0, 2, 6, 6, 2, 8, 1, 7]
2992807:[2, 3, 8, 5, 4, 4, 0, 2, 9, 6]
2993769:[3, 6, 6, 6, 8, 8, 4, 9, 2, 9]
299395:[1, 7, 1, 0, 1, 7, 0, 2, 5, 2]
2995410:[7, 5, 3, 7, 8, 7, 5, 3, 3, 6]
2998796:[5, 5, 2, 0, 8, 6, 9, 3, 2, 3]
2998893:[6, 9, 6, 7, 6, 3, 6, 3, 4, 7]
3000854:[7, 7, 5, 8, 2, 6, 5, 7, 9, 7]
300235:[7, 3, 0, 2, 0, 5, 9, 3, 1, 8]
3003125:[5, 8, 8, 6, 9, 5, 1, 0, 3, 0]
3003506:[2, 0, 5, 1, 1, 1, 6, 3, 5, 6]
3004918:[8, 5, 5, 3, 4, 9, 1, 2, 1, 3]
3005236:[9, 1, 5, 4, 4, 3, 0, 7, 8, 7]
3006313:[5, 4, 7, 0, 8, 1, 4, 6, 9, 0]
3007243:[3, 1, 1, 0, 6, 6, 1, 4, 6, 1]
3010020:[1, 3, 6, 7, 8, 6, 1, 7, 3, 1]
3010393:[9, 3, 8, 1, 3, 8, 3, 4, 6, 5]
3011:[8, 4, 2, 5, 9, 0, 4, 0, 5, 7]
3012232:[3, 1, 0, 9, 9, 2, 7, 6, 0, 0]
3012253:[1, 5, 6, 6, 7, 2, 5, 0, 7, 6]
3012446:[4, 1, 0, 2, 9, 4, 8, 8, 0, 2]
3014272:[8, 6, 6, 9, 7, 8, 4, 8, 1, 8]
3014488:[0, 4, 9, 0, 9, 0, 9, 1, 4, 2]
3015059:[5, 5, 8, 9, 7, 9, 1, 2, 1, 8]
3015434:[4, 6, 8, 0, 3, 0, 3, 9, 4, 5]
3020153:[4, 0, 7, 9, 9, 3, 5, 7, 1, 7]
302273:[6, 1, 4, 3, 5, 7, 4, 8, 9, 4]
3023772:[9, 1, 1, 0, 6, 3, 0, 8, 4, 5]
3024464:[3, 8, 4, 6, 0, 4, 3, 6, 9, 7]
3025406:[5, 4, 4, 8, 7, 4, 3, 2, 4, 5]
302588:[3, 4, 6, 8, 1, 3, 8, 7, 6, 1]
3027172:[0, 5, 1, 2, 8, 4, 0, 5, 7, 6]
3027323:[4, 4, 7, 6, 2, 3, 0, 9, 1, 0]
302965:[1, 5, 0, 7, 5, 2, 7, 3, 9, 8]
3030821:[5, 7, 1, 4, 9, 8, 5, 1, 9, 1]
3033793:[6, 1, 3, 3, 0, 1, 0, 9, 1, 0]
3034292:[7, 1, 3, 7, 5, 7, 7, 4, 4, 5]
3034956:[6, 5, 3, 7, 3, 5, 4, 6, 9, 7]
3037240:[2, 8, 1, 7, 4, 0, 6, 6, 0, 7]
3039111:[7, 6, 3, 3, 8, 0, 7, 0, 0, 8]
3040646:[4, 5, 8, 1, 5, 7, 9, 3, 7, 2]
3041828:[6, 1, 8, 0, 8, 6, 9, 0, 6, 8]
3043911:[1, 3, 4, 0, 1, 2, 7, 7, 5, 5]
3044261:[7, 6, 4, 8, 2, 1, 8, 3, 6, 2]
3044631:[3, 4, 4, 8, 5, 4, 1, 6, 4, 0]
304528:[8, 6, 0, 1, 4, 2, 0, 1, 8, 2]
3053887:[6, 4, 9, 4, 6, 7, 1, 6, 1, 0]
3054377:[4, 8, 1, 7, 4, 4, 7, 6, 6, 8]
3060137:[4, 7, 0, 8, 2, 4, 3, 3, 5, 2]
3062868:[7, 8, 4, 9, 7, 1, 7, 4, 8, 8]
3063524:[7, 6, 9, 5, 6, 9, 2, 5, 6, 5]
3063534:[1, 9, 8, 1, 1, 7, 6, 3, 4, 2]
3064104:[6, 8, 1, 5, 3, 0, 5, 5, 1, 5]
3067950:[4, 2, 0, 1, 3, 3, 5, 0, 2, 3]
3069409:[9, 1, 8, 1, 5, 3, 4, 5, 9, 0]
3070655:[7, 2, 7, 7, 7, 3, 4, 2, 3, 9]
3070704:[0, 6, 4, 0, 7, 6, 3, 5, 2, 1]
3071521:[0, 2, 2, 4, 3, 1, 2, 5, 1, 6]
3072082:[5, 7, 1, 7, 1, 6, 9, 7, 9, 6]
3072953:[6, 0, 5, 1, 9, 8, 4, 8, 1, 8]
3073669:[7, 7, 9, 4, 7, 7, 8, 6, 7, 4]
3073722:[4, 3, 5, 6, 0, 5, 8, 5, 4, 0]
3074168:[7, 6, 2, 2, 5, 5, 5, 1, 8, 1]
3077018:[1, 4, 5, 4, 6, 4, 6, 6, 7, 5]
3078330:[3, 3, 2, 5, 9, 3, 2, 4, 5, 2]
3078674:[2, 1, 2, 3, 9, 0, 9, 1, 1, 9]
3079978:[1, 9, 8, 7, 5, 9, 0, 3, 3, 5]
308002:[4, 5, 2, 2, 2, 4, 9, 2, 6, 3]
3081594:[4, 8, 6, 6, 7, 0, 4, 2, 5, 5]
3083571:[5, 7, 1, 7, 7, 2, 0, 9, 6, 4]
3086363:[5, 7, 5, 7, 5, 3, 8, 0, 6, 1]
3086566:[9, 1, 0, 9, 2, 7, 2, 7, 0, 9]
3089462:[7, 4, 6, 4, 1, 6, 5, 7, 9, 7]
3091545:[6, 5, 4, 9, 9, 2, 8, 1, 7, 3]
3097354:[4, 8, 5, 4, 9, 8, 7, 1, 5, 1]
3098355:[0, 1, 5, 8, 9, 8, 1, 5, 7, 1]
3098688:[4, 1, 4, 8, 9, 9, 4, 7, 9, 5]
310010:[5, 1, 3, 7, 1, 6, 3, 8, 7, 4]
3101569:[9, 5, 2, 6, 0, 2, 6, 0, 4, 1]
3102917:[7, 9, 6, 1, 8, 9, 1, 3, 2, 1]
3104647:[2, 0, 0, 8, 4, 8, 9, 0, 1, 4]
3108183:[8, 6, 6, 1, 5, 7, 5, 5, 2, 2]
3108433:[6, 4, 6, 6, 2, 9, 9, 6, 6, 3]
3111169:[1, 9, 4, 9, 1, 3, 9, 8, 1, 9]
3113970:[1, 9, 2, 8, 5, 1, 6, 9, 0, 4]
3115618:[9, 0, 0, 0, 5, 8, 5, 2, 1, 5]
3118577:[3, 9, 7, 8, 3, 9, 7, 6, 9, 3]
3118838:[6, 8, 8, 3, 0, 4, 1, 6, 0, 5]
3119025:[7, 4, 7, 9, 3, 9, 0, 0, 7, 5]
31190:[9, 9, 5, 5, 4, 8, 7, 1, 9, 1]
312025:[7, 9, 1, 2, 2, 5, 0, 7, 3, 2]
3128097:[7, 7, 1, 7, 0, 5, 7, 5, 7, 9]
312859:[7, 1, 3, 9, 3, 1, 1, 0, 5, 7]
31294:[0, 5, 9, 6, 5, 9, 5, 6, 1, 6]
314029:[1, 5, 9, 6, 6, 8, 5, 0, 7, 3]
3142544:[9, 1, 6, 7, 5, 8, 7, 1, 5, 7]
3143774:[2, 6, 5, 7, 6, 3, 8, 5, 6, 5]
3148411:[5, 1, 1, 0, 3, 9, 0, 5, 4, 9]
3151062:[8, 9, 0, 5, 2, 7, 4, 6, 9, 6]
3151300:[0, 6, 2, 5, 9, 5, 0, 1, 2, 0]
3154393:[2, 2, 1, 0, 3, 2, 4, 3, 0, 5]
3161665:[1, 1, 1, 7, 8, 3, 5, 9, 8, 2]
3163074:[0, 0, 0, 5, 9, 9, 6, 8, 8, 4]
3163521:[5, 6, 6, 4, 8, 4, 7, 5, 9, 4]
3163678:[0, 6, 7, 5, 3, 6, 2, 0, 2, 4]
3164394:[2, 1, 7, 0, 5, 0, 4, 9, 2, 1]
3167367:[3, 2, 5, 3, 7, 4, 6, 0, 3, 3]
3170666:[3, 0, 7, 8, 6, 9, 6, 9, 4, 2]
3176595:[3, 1, 6, 1, 0, 9, 9, 0, 2, 9]
3178093:[5, 1, 8, 2, 7, 7, 3, 8, 5, 6]
3185846:[1, 6, 6, 7, 9, 4, 7, 7, 1, 2]
3186232:[6, 2, 7, 4, 1, 1, 5, 7, 1, 6]
3190907:[3, 1, 5, 8, 2, 8, 7, 8, 9, 8]
3193430:[4, 4, 9, 7, 7, 7, 6, 9, 7, 1]
3194464:[9, 9, 1, 9, 7, 5, 8, 7, 3, 5]
3196746:[2, 6, 7, 5, 7, 1, 4, 0, 5, 6]
3198376:[3, 2, 1, 0, 8, 9, 1, 5, 8, 9]
3199014:[4, 4, 0, 2, 5, 9, 3, 4, 2, 4]
3200027:[7, 2, 6, 4, 5, 7, 3, 8, 2, 7]
3201827:[7, 1, 5, 8, 5, 0, 5, 7, 8, 6]
3203839:[9, 1, 8, 6, 7, 3, 1, 0, 3, 7]
320822:[8, 4, 3, 2, 1, 4, 1, 9, 7, 1]
3208850:[4, 3, 4, 7, 6, 6, 9, 7, 9, 0]
3212525:[4, 4, 1, 2, 0, 5, 8, 3, 9, 6]
3213856:[6, 0, 1, 3, 6, 2, 9, 8, 6, 0]
3214831:[9, 5, 2, 0, 5, 7, 5, 7, 1, 5]
3214879:[1, 3, 7, 3, 6, 8, 3, 2, 2, 6]
3218811:[1, 7, 3, 7, 0, 6, 1, 7, 5, 9]
3225117:[7, 5, 3, 0, 1, 3, 8, 0, 8, 5]
3226780:[6, 0, 4, 5, 3, 1, 8, 7, 0, 4]
323133:[4, 9, 0, 7, 1, 0, 8, 5, 7, 4]
3232954:[7, 7, 1, 1, 3, 8, 4, 9, 4, 6]
3232974:[7, 7, 1, 0, 0, 2, 3, 2, 7, 7]
3233855:[2, 0, 1, 9, 9, 6, 9, 3, 4, 4]
3234105:[2, 4, 8, 4, 7, 9, 0, 4, 7, 2]
3235005:[5, 4, 8, 5, 0, 7, 8, 5, 8, 9]
3239965:[3, 9, 2, 3, 5, 0, 3, 8, 1, 7]
3241085:[6, 5, 8, 6, 0, 6, 4, 6, 9, 0]
3242280:[1, 9, 7, 5, 3, 0, 3, 7, 0, 4]
3244871:[4, 6, 1, 7, 4, 0, 1, 2, 4, 7]
3245188:[0, 1, 0, 6, 6, 0, 6, 4, 4, 1]
3248604:[5, 2, 4, 3, 1, 6, 8, 7, 4, 5]
3249024:[5, 6, 6, 4, 6, 4, 2, 8, 2, 4]
3253906:[5, 4, 3, 9, 2, 5, 5, 0, 7, 3]
3255514:[5, 4, 3, 3, 3, 0, 7, 0, 9, 0]
3255529:[6, 7, 1, 3, 6, 3, 1, 3, 0, 1]
3256256:[8, 0, 9, 9, 5, 9, 0, 5, 4, 0]
3257445:[2, 8, 4, 4, 3, 0, 1, 2, 8, 9]
325947:[7, 4, 9, 2, 3, 9, 8, 6, 8, 7]
3261859:[8, 1, 0, 6, 3, 7, 9, 7, 6, 6]
3262748:[5, 9, 4, 0, 1, 8, 1, 3, 1, 5]
3263748:[0, 5, 9, 3, 1, 4, 3, 0, 4, 0]
3263887:[4, 8, 7, 5, 8, 9, 9, 5, 7, 5]
3264373:[3, 8, 2, 5, 3, 3, 5, 6, 6, 7]
3264778:[7, 6, 6, 5, 3, 5, 6, 0, 4, 3]
3266102:[8, 6, 7, 6, 2, 5, 7, 2, 7, 4]
3267238:[0, 3, 1, 7, 9, 0, 1, 6, 4, 1]
3267277:[3, 6, 5, 1, 6, 2, 3, 0, 9, 6]
3268101:[3, 1, 5, 7, 6, 3, 1, 3, 9, 8]
326901:[7, 9, 7, 1, 7, 3, 3, 7, 1, 1]
3269270:[4, 9, 0, 1, 1, 4, 9, 4, 2, 5]
330973:[0, 3, 2, 1, 5, 0, 5, 2, 8, 3]
331074:[7, 5, 8, 8, 8, 3, 1, 0, 8, 9]
333904:[0, 5, 7, 9, 0, 6, 5, 3, 0, 9]
334726:[2, 1, 4, 7, 6, 7, 0, 3, 1, 4]
334921:[6, 0, 8, 7, 1, 3, 6, 5, 0, 9]
335234:[0, 0, 7, 7, 2, 0, 2, 6, 7, 4]
336368:[8, 0, 5, 3, 2, 5, 9, 5, 0, 8]
33640:[3, 9, 7, 2, 3, 3, 5, 5, 4, 5]
338073:[7, 3, 0, 6, 1, 7, 4, 0, 0, 7]
338312:[6, 0, 9, 3, 7, 9, 8, 1, 3, 0]
343220:[7, 7, 2, 9, 8, 6, 6, 1, 0, 3]
34365:[3, 8, 5, 2, 0, 5, 2, 8, 5, 6]
343693:[6, 2, 7, 2, 3, 4, 7, 1, 1, 2]
347283:[8, 2, 9, 5, 2, 3, 1, 7, 0, 9]
348684:[9, 9, 7, 6, 3, 4, 2, 5, 5, 8]
353113:[2, 1, 0, 0, 1, 5, 7, 1, 1, 4]
353674:[0, 2, 5, 1, 3, 1, 3, 0, 8, 0]
355109:[8, 9, 6, 4, 1, 6, 2, 9, 5, 2]
355420:[1, 3, 4, 9, 0, 6, 8, 8, 1, 8]
358961:[7, 8, 7, 9, 0, 5, 1, 2, 9, 4]
359267:[7, 4, 1, 6, 0, 7, 0, 3, 5, 7]
359269:[7, 9, 7, 0, 8, 1, 2, 6, 4, 5]
366783:[4, 5, 5, 8, 4, 6, 4, 6, 6, 2]
368823:[5, 8, 5, 2, 6, 0, 5, 9, 7, 3]
368826:[8, 4, 9, 0, 4, 5, 3, 2, 3, 0]
36958:[0, 5, 5, 5, 8, 5, 9, 0, 7, 8]
369989:[0, 3, 2, 5, 9, 5, 6, 2, 0, 4]
371683:[6, 2, 7, 5, 4, 5, 4, 8, 7, 7]
372467:[9, 6, 2, 5, 9, 5, 5, 1, 0, 3]
374856:[2, 8, 8, 5, 5, 7, 0, 5, 1, 3]
376650:[1, 4, 5, 7, 6, 3, 6, 5, 0, 6]
378705:[1, 5, 5, 7, 3, 5, 4, 7, 8, 6]
379060:[6, 3, 6, 8, 8, 9, 4, 1, 5, 6]
38045:[5, 2, 0, 6, 2, 0, 7, 0, 5, 3]
384230:[1, 0, 7, 7, 9, 9, 2, 1, 7, 5]
384543:[2, 5, 2, 1, 0, 1, 2, 5, 5, 1]
38621:[4, 8, 4, 6, 7, 8, 8, 2, 5, 5]
386680:[1, 8, 2, 1, 7, 4, 1, 2, 0, 6]
3919:[1, 5, 5, 4, 1, 8, 5, 9, 9, 0]
392777:[9, 6, 4, 2, 8, 1, 6, 6, 7, 8]
393404:[8, 3, 8, 5, 0, 0, 2, 2, 4, 3]
393482:[7, 6, 7, 9, 2, 1, 7, 8, 3, 9]
397711:[3, 8, 2, 2, 4, 4, 4, 8, 8, 3]
398451:[0, 1, 3, 4, 2, 4, 8, 3, 4, 5]
399320:[6, 6, 2, 2, 5, 2, 0, 2, 9, 8]
401948:[1, 7, 6, 3, 8, 0, 1, 1, 4, 1]
404297:[7, 9, 1, 1, 9, 4, 2, 7, 2, 6]
406910:[7, 7, 2, 2, 2, 4, 0, 0, 9, 3]
407782:[1, 4, 3, 8, 4, 1, 1, 9, 5, 1]
409950:[7, 9, 6, 2, 8, 2, 9, 1, 5, 5]
410351:[1, 2, 0, 3, 6, 5, 3, 2, 0, 6]
414311:[4, 8, 1, 4, 3, 0, 7, 9, 5, 2]
415856:[8, 8, 5, 7, 5, 4, 4, 1, 4, 5]
417884:[7, 1, 2, 5, 1, 4, 5, 9, 5, 0]
418140:[4, 6, 8, 7, 1, 0, 6, 2, 3, 0]
419493:[2, 4, 4, 4, 7, 1, 2, 3, 8, 7]
4200:[7, 7, 3, 5, 9, 2, 0, 2, 1, 4]
421235:[0, 1, 2, 1, 7, 2, 4, 9, 6, 9]
42266:[3, 1, 2, 7, 7, 0, 8, 4, 5, 4]
423224:[1, 1, 4, 0, 6, 0, 8, 4, 8, 2]
423395:[3, 4, 4, 8, 6, 2, 4, 4, 4, 5]
427779:[9, 5, 8, 9, 9, 7, 7, 9, 1, 6]
430313:[4, 4, 9, 5, 9, 3, 3, 4, 8, 6]
433:[7, 6, 1, 3, 9, 2, 6, 1, 1, 0]
437579:[4, 0, 3, 9, 7, 9, 1, 0, 7, 2]
437801:[7, 2, 8, 2, 8, 1, 3, 2, 4, 1]
438612:[7, 3, 5, 4, 5, 5, 5, 2, 0, 2]
439659:[3, 5, 0, 6, 8, 9, 2, 6, 1, 7]
441542:[8, 9, 1, 4, 1, 9, 9, 3, 6, 1]
442120:[5, 1, 3, 0, 0, 3, 2, 1, 2, 2]
444279:[3, 9, 8, 1, 8, 5, 0, 0, 3, 2]
447580:[0, 1, 8, 4, 3, 1, 1, 0, 4, 0]
448358:[0, 1, 2, 9, 0, 4, 8, 4, 3, 0]
448858:[8, 6, 0, 4, 5, 0, 4, 6, 9, 2]
449072:[2, 0, 7, 5, 2, 4, 4, 1, 7, 9]
449994:[1, 1, 8, 4, 3, 2, 3, 4, 1, 4]
450534:[5, 3, 5, 4, 1, 4, 7, 6, 6, 1]
450868:[8, 7, 6, 9, 0, 0, 7, 0, 6, 4]
451137:[3, 6, 8, 3, 0, 9, 9, 4, 1, 8]
451179:[1, 9, 5, 5, 6, 9, 2, 5, 7, 5]
452436:[6, 4, 2, 1, 7, 2, 5, 3, 3, 9]
453907:[4, 7, 0, 8, 2, 3, 0, 8, 6, 6]
454454:[2, 1, 9, 8, 8, 0, 6, 2, 2, 9]
454739:[8, 4, 2, 3, 9, 0, 8, 2, 2, 5]
45576:[4, 3, 5, 7, 2, 2, 2, 3, 5, 5]
45601:[9, 3, 8, 6, 6, 0, 9, 8, 2, 4]
457378:[7, 5, 9, 6, 2, 0, 5, 0, 2, 9]
45849:[6, 4, 0, 8, 3, 7, 8, 8, 3, 1]
459946:[7, 3, 7, 3, 9, 1, 8, 2, 6, 4]
461665:[3, 6, 7, 2, 0, 7, 7, 0, 0, 0]
463912:[6, 8, 4, 5, 1, 4, 3, 0, 0, 7]
46469:[0, 1, 7, 7, 3, 3, 2, 0, 7, 7]
465746:[6, 7, 1, 0, 5, 2, 6, 7, 2, 8]
465928:[6, 6, 5, 2, 7, 0, 7, 0, 7, 6]
467789:[1, 2, 1, 6, 8, 9, 0, 2, 7, 0]
47004:[0, 5, 5, 4, 7, 6, 1, 7, 4, 8]
476504:[0, 8, 6, 2, 4, 6, 3, 8, 5, 9]
477256:[9, 1, 0, 5, 2, 1, 7, 1, 7, 1]
478562:[5, 2, 8, 3, 1, 8, 4, 2, 2, 6]
480150:[6, 9, 3, 3, 2, 9, 6, 0, 4, 1]
482500:[4, 9, 8, 7, 3, 2, 5, 5, 5, 6]
482864:[3, 6, 6, 6, 2, 6, 6, 4, 1, 5]
484175:[0, 6, 9, 7, 1, 1, 2, 5, 9, 9]
484368:[3, 7, 6, 2, 3, 3, 3, 1, 4, 7]
486340:[4, 6, 6, 2, 5, 8, 8, 7, 9, 3]
48729:[2, 7, 8, 7, 1, 3, 1, 4, 1, 8]
488590:[6, 8, 8, 6, 5, 0, 8, 0, 3, 8]
498394:[1, 1, 4, 7, 2, 8, 8, 8, 3, 3]
498668:[7, 2, 8, 3, 0, 3, 9, 2, 2, 8]
499264:[9, 6, 7, 1, 9, 2, 5, 8, 0, 8]
502238:[1, 0, 6, 1, 8, 6, 1, 7, 3, 6]
502764:[7, 1, 2, 5, 3, 1, 6, 4, 8, 6]
502919:[9, 2, 8, 6, 8, 5, 1, 9, 0, 7]
503869:[9, 6, 5, 8, 4, 7, 7, 1, 6, 3]
50475:[4, 3, 5, 7, 6, 1, 4, 9, 8, 3]
506442:[2, 4, 4, 1, 2, 8, 4, 6, 9, 6]
5081:[0, 1, 5, 5, 1, 2, 7, 7, 4, 7]
51025:[2, 9, 0, 9, 6, 9, 5, 1, 5, 3]
512049:[6, 9, 4, 9, 4, 3, 5, 5, 2, 8]
512533:[5, 4, 8, 7, 4, 1, 7, 3, 4, 6]
512814:[1, 7, 3, 5, 8, 9, 3, 3, 4, 5]
513089:[8, 1, 1, 8, 8, 6, 9, 6, 4, 8]
513545:[6, 0, 6, 4, 1, 8, 4, 4, 6, 0]
513896:[4, 8, 4, 5, 8, 7, 4, 9, 5, 0]
514343:[6, 4, 9, 1, 2, 4, 8, 9, 4, 4]
515021:[3, 1, 8, 1, 1, 2, 7, 6, 1, 9]
518218:[1, 1, 2, 1, 6, 9, 4, 1, 3, 7]
52056:[3, 9, 6, 9, 7, 9, 0, 8, 8, 3]
521240:[6, 7, 9, 5, 6, 4, 0, 3, 4, 1]
522618:[4, 1, 2, 5, 7, 5, 3, 9, 4, 2]
524502:[8, 8, 6, 6, 3, 8, 7, 2, 1, 7]
525056:[3, 8, 7, 6, 5, 3, 3, 5, 2, 9]
525486:[5, 0, 5, 5, 0, 3, 0, 5, 4, 0]
525793:[7, 3, 3, 6, 2, 8, 6, 8, 6, 3]
527748:[0, 2, 1, 8, 7, 2, 8, 5, 9, 2]
528276:[8, 9, 4, 6, 5, 6, 2, 4, 2, 1]
528414:[3, 1, 8, 1, 5, 7, 0, 7, 6, 1]
529093:[1, 6, 8, 2, 7, 0, 5, 1, 7, 3]
530428:[8, 0, 0, 7, 5, 5, 2, 2, 8, 8]
537576:[2, 6, 9, 9, 9, 2, 9, 4, 6, 4]
540510:[6, 6, 3, 7, 1, 9, 6, 8, 2, 1]
541717:[4, 3, 9, 2, 3, 5, 0, 1, 1, 3]
552644:[0, 1, 8, 4, 5, 2, 4, 3, 6, 6]
554994:[6, 1, 1, 8, 3, 0, 9, 0, 4, 1]
556030:[0, 9, 9, 4, 4, 1, 8, 6, 1, 4]
557601:[8, 2, 5, 3, 8, 6, 7, 1, 2, 8]
55847:[2, 4, 1, 5, 1, 0, 9, 2, 0, 2]
559033:[5, 0, 8, 4, 3, 8, 1, 8, 7, 1]
559558:[1, 1, 9, 3, 7, 9, 9, 7, 5, 9]
560391:[7, 6, 1, 9, 4, 4, 7, 8, 1, 9]
562364:[3, 3, 7, 8, 0, 0, 9, 0, 8, 9]
563782:[9, 9, 7, 0, 0, 4, 1, 1, 8, 4]
56560:[0, 2, 1, 6, 8, 8, 7, 4, 6, 3]
566353:[7, 1, 5, 7, 3, 8, 1, 0, 0, 2]
567733:[6, 2, 0, 9, 3, 0, 9, 1, 7, 5]
568007:[5, 2, 1, 2, 0, 3, 9, 1, 0, 6]
568201:[8, 6, 8, 6, 2, 4, 0, 9, 9, 4]
570034:[0, 9, 4, 4, 9, 5, 2, 1, 7, 6]
570799:[6, 0, 7, 3, 5, 0, 7, 3, 0, 4]
571179:[6, 3, 5, 5, 2, 1, 9, 5, 8, 4]
571279:[6, 3, 3, 0, 9, 3, 5, 3, 1, 9]
574307:[9, 9, 1, 8, 9, 0, 6, 7, 8, 8]
574844:[3, 8, 3, 2, 4, 0, 5, 4, 0, 0]
575023:[0, 9, 4, 6, 8, 6, 4, 7, 2, 3]
575363:[1, 3, 3, 7, 8, 4, 6, 1, 3, 3]
576614:[4, 5, 4, 8, 5, 8, 5, 0, 8, 5]
576854:[3, 3, 3, 2, 4, 5, 2, 3, 4, 3]
577204:[2, 7, 3, 4, 1, 5, 6, 9, 6, 7]
578222:[8, 3, 8, 2, 0, 7, 5, 9, 9, 5]
578357:[9, 1, 3, 7, 3, 6, 0, 2, 9, 1]
58052:[6, 0, 0, 9, 1, 1, 7, 2, 8, 5]
581501:[5, 0, 9, 8, 4, 8, 1, 4, 0, 9]
583065:[4, 9, 7, 5, 7, 1, 2, 3, 4, 6]
58370:[5, 3, 2, 7, 7, 5, 2, 2, 7, 1]
584571:[2, 0, 5, 8, 9, 5, 7, 8, 7, 2]
585402:[5, 6, 9, 4, 3, 5, 2, 3, 8, 7]
588257:[8, 9, 3, 4, 0, 5, 6, 5, 8, 3]
591613:[2, 5, 1, 9, 6, 2, 2, 6, 1, 9]
597217:[5, 1, 6, 5, 9, 4, 1, 2, 3, 1]
599617:[6, 7, 3, 5, 4, 1, 9, 4, 2, 8]
601820:[1, 9, 6, 1, 0, 9, 0, 7, 5, 0]
605060:[5, 6, 7, 4, 4, 4, 4, 9, 2, 2]
605527:[4, 8, 6, 6, 5, 6, 6, 0, 5, 0]
609762:[2, 1, 8, 2, 9, 4, 8, 8, 7, 9]
612613:[0, 5, 4, 9, 0, 2, 1, 8, 5, 8]
613034:[6, 1, 0, 3, 7, 2, 0, 0, 0, 9]
613998:[3, 5, 1, 6, 8, 4, 0, 5, 9, 8]
614540:[9, 4, 1, 4, 8, 5, 9, 3, 8, 0]
616220:[5, 2, 2, 1, 7, 4, 5, 7, 4, 7]
616948:[0, 2, 3, 3, 4, 9, 3, 8, 1, 3]
617232:[3, 9, 0, 7, 0, 9, 0, 7, 9, 5]
617386:[8, 1, 2, 7, 1, 9, 6, 8, 0, 6]
621349:[4, 8, 7, 3, 6, 2, 5, 0, 5, 4]
622277:[3, 9, 2, 4, 5, 4, 8, 1, 6, 0]
623517:[0, 3, 3, 2, 1, 3, 0, 2, 2, 4]
624236:[5, 9, 4, 8, 3, 1, 3, 0, 1, 0]
625163:[3, 2, 0, 4, 5, 0, 0, 3, 1, 6]
626556:[5, 3, 9, 3, 9, 2, 8, 5, 4, 8]
628051:[0, 7, 3, 3, 4, 0, 7, 3, 2, 4]
629192:[9, 3, 0, 2, 0, 8, 0, 5, 4, 6]
630012:[6, 8, 1, 5, 9, 1, 4, 0, 9, 9]
636604:[7, 8, 1, 9, 9, 1, 8, 8, 7, 7]
636947:[8, 2, 4, 3, 9, 9, 4, 7, 6, 6]
637134:[1, 4, 1, 5, 6, 2, 2, 9, 7, 0]
638139:[8, 0, 3, 5, 6, 8, 3, 4, 6, 6]
640385:[3, 9, 9, 2, 9, 6, 4, 2, 6, 6]
640454:[5, 0, 5, 1, 3, 9, 5, 6, 0, 2]
642977:[8, 9, 8, 8, 2, 9, 3, 6, 9, 6]
646860:[4, 0, 4, 9, 1, 9, 1, 3, 0, 2]
647372:[9, 5, 0, 9, 0, 3, 0, 2, 8, 7]
647689:[6, 5, 5, 7, 1, 8, 3, 6, 8, 6]
649084:[9, 9, 0, 0, 4, 4, 6, 1, 8, 7]
652620:[1, 4, 5, 2, 2, 0, 6, 0, 2, 7]
655651:[1, 5, 6, 8, 9, 5, 1, 1, 3, 7]
658519:[4, 7, 5, 8, 0, 4, 7, 8, 6, 9]
661963:[0, 0, 6, 5, 9, 9, 3, 6, 1, 8]
661978:[7, 2, 8, 8, 4, 4, 3, 5, 6, 9]
664506:[5, 5, 6, 6, 8, 9, 6, 5, 3, 6]
665884:[6, 5, 9, 5, 6, 0, 1, 7, 8, 6]
669507:[2, 1, 1, 4, 9, 6, 5, 4, 8, 6]
670782:[2, 1, 9, 7, 5, 8, 4, 9, 9, 4]
670916:[6, 9, 0, 5, 8, 4, 2, 3, 1, 1]
671368:[5, 0, 2, 0, 3, 2, 5, 2, 6, 4]
672254:[6, 9, 8, 2, 9, 3, 9, 1, 6, 2]
672313:[3, 5, 6, 5, 8, 3, 8, 4, 2, 0]
673990:[8, 4, 6, 0, 3, 5, 5, 2, 5, 4]
674039:[9, 2, 3, 4, 7, 7, 7, 3, 3, 9]
676638:[6, 2, 7, 9, 4, 0, 4, 1, 5, 0]
678137:[5, 9, 3, 6, 9, 4, 0, 9, 4, 2]
679394:[3, 3, 8, 9, 3, 3, 4, 8, 4, 8]
681959:[1, 7, 0, 6, 8, 8, 2, 5, 0, 5]
686254:[9, 8, 0, 0, 6, 8, 0, 6, 0, 9]
686530:[0, 6, 2, 2, 3, 2, 4, 4, 3, 4]
686951:[1, 9, 7, 8, 8, 0, 9, 5, 7, 6]
687320:[2, 3, 5, 7, 3, 2, 1, 4, 6, 7]
691114:[0, 1, 9, 9, 6, 7, 3, 1, 2, 0]
692297:[1, 9, 8, 1, 1, 1, 1, 0, 2, 3]
693543:[3, 7, 9, 7, 6, 6, 7, 8, 1, 5]
695562:[5, 5, 3, 0, 4, 9, 9, 5, 6, 0]
698202:[5, 6, 2, 3, 3, 7, 8, 4, 9, 2]
698966:[1, 6, 1, 1, 2, 3, 3, 2, 2, 4]
700832:[3, 7, 4, 7, 9, 9, 6, 8, 3, 0]
704410:[3, 8, 6, 4, 3, 8, 4, 8, 3, 3]
708273:[6, 7, 0, 1, 1, 5, 9, 6, 7, 1]
711169:[4, 4, 3, 8, 9, 7, 4, 1, 9, 0]
712545:[5, 1, 0, 4, 0, 0, 6, 6, 6, 6]
713228:[0, 8, 2, 0, 5, 2, 6, 0, 2, 2]
713356:[8, 2, 8, 8, 3, 4, 9, 7, 9, 4]
713975:[8, 5, 1, 6, 8, 1, 0, 6, 4, 4]
714174:[5, 9, 5, 5, 7, 2, 5, 7, 3, 5]
714503:[6, 9, 1, 0, 3, 8, 2, 0, 2, 7]
714954:[6, 0, 8, 3, 8, 2, 7, 6, 5, 0]
715895:[5, 1, 6, 2, 5, 9, 4, 9, 2, 4]
717152:[7, 3, 8, 2, 9, 6, 6, 5, 3, 1]
718730:[8, 1, 2, 4, 8, 0, 3, 5, 0, 7]
720014:[4, 0, 2, 3, 0, 0, 8, 8, 1, 9]
724785:[0, 9, 8, 2, 3, 3, 2, 5, 8, 1]
725373:[4, 6, 9, 2, 2, 2, 9, 0, 7, 8]
725488:[8, 9, 1, 9, 6, 7, 0, 7, 1, 9]
729679:[5, 8, 6, 1, 7, 2, 4, 5, 1, 0]
730408:[9, 8, 9, 7, 3, 2, 9, 1, 0, 7]
730950:[7, 4, 0, 8, 6, 7, 7, 0, 2, 4]
732856:[3, 5, 7, 5, 6, 5, 3, 5, 5, 7]
735120:[7, 2, 0, 1, 1, 4, 1, 9, 1, 2]
737789:[8, 7, 7, 2, 9, 5, 7, 2, 8, 7]
738547:[2, 2, 2, 4, 6, 6, 4, 6, 6, 1]
739473:[6, 7, 1, 5, 4, 6, 4, 5, 0, 3]
739850:[6, 6, 8, 6, 6, 6, 4, 3, 4, 5]
740031:[0, 3, 7, 1, 3, 8, 4, 9, 6, 0]
740580:[1, 3, 4, 2, 5, 4, 9, 2, 6, 7]
740647:[7, 9, 9, 8, 4, 4, 0, 3, 3, 4]
74106:[3, 5, 6, 4, 9, 8, 7, 8, 4, 6]
743656:[4, 3, 7, 5, 6, 0, 0, 2, 6, 6]
745043:[4, 4, 8, 3, 8, 5, 4, 6, 2, 2]
747642:[4, 7, 3, 9, 7, 3, 4, 9, 7, 3]
75077:[0, 3, 3, 1, 4, 2, 0, 9, 7, 2]
754751:[2, 3, 9, 7, 8, 6, 9, 9, 4, 7]
756739:[5, 8, 2, 9, 0, 6, 9, 7, 6, 1]
757673:[5, 8, 5, 9, 4, 3, 5, 9, 1, 5]
7584:[0, 1, 5, 9, 9, 8, 5, 8, 2, 2]
759721:[2, 6, 2, 8, 6, 3, 7, 7, 8, 5]
764044:[7, 6, 4, 4, 0, 6, 2, 6, 2, 4]
765228:[7, 1, 9, 1, 3, 1, 6, 9, 9, 9]
767516:[3, 7, 5, 7, 3, 5, 0, 0, 6, 3]
771471:[1, 7, 7, 6, 5, 2, 7, 1, 9, 9]
773585:[6, 9, 7, 9, 0, 2, 4, 9, 3, 7]
776997:[3, 4, 0, 1, 0, 6, 6, 5, 9, 6]
778579:[3, 0, 5, 1, 7, 8, 0, 5, 9, 1]
778957:[5, 8, 4, 1, 6, 5, 7, 5, 2, 1]
780519:[1, 0, 1, 9, 7, 2, 2, 0, 0, 4]
782229:[2, 6, 6, 9, 8, 4, 3, 7, 2, 8]
787384:[5, 4, 2, 8, 5, 2, 5, 8, 1, 2]
788852:[8, 4, 7, 6, 0, 0, 6, 4, 3, 6]
789166:[1, 0, 3, 3, 5, 3, 9, 8, 9, 7]
790001:[3, 1, 4, 5, 7, 2, 6, 6, 3, 5]
79183:[4, 8, 0, 5, 2, 5, 7, 3, 8, 6]
792751:[6, 1, 9, 8, 6, 4, 5, 4, 5, 3]
793150:[4, 1, 4, 8, 9, 2, 3, 6, 5, 9]
793936:[3, 5, 7, 0, 1, 1, 4, 1, 3, 7]
796998:[3, 7, 2, 2, 6, 0, 7, 0, 4, 2]
797466:[3, 1, 7, 7, 1, 6, 0, 1, 5, 7]
800955:[2, 2, 4, 2, 5, 8, 6, 0, 9, 2]
804657:[6, 6, 2, 3, 3, 2, 9, 3, 5, 7]
809157:[1, 4, 4, 9, 9, 4, 2, 1, 8, 9]
809770:[3, 3, 0, 0, 6, 1, 7, 6, 8, 6]
810932:[7, 1, 7, 7, 6, 1, 4, 5, 3, 6]
812936:[0, 7, 8, 0, 2, 6, 6, 8, 8, 8]
815245:[3, 6, 2, 1, 1, 3, 2, 5, 1, 8]
817523:[1, 2, 4, 8, 0, 2, 3, 5, 0, 3]
818583:[5, 3, 1, 2, 4, 5, 0, 8, 1, 4]
818669:[7, 9, 0, 1, 8, 6, 2, 6, 1, 7]
819946:[3, 1, 3, 2, 9, 8, 9, 6, 4, 3]
820364:[6, 4, 6, 0, 1, 9, 2, 0, 8, 5]
821639:[9, 4, 8, 2, 4, 5, 9, 9, 8, 7]
821856:[6, 6, 1, 5, 4, 6, 5, 0, 5, 2]
822337:[1, 8, 2, 7, 7, 1, 4, 3, 6, 7]
825178:[5, 5, 9, 1, 5, 7, 4, 7, 8, 3]
826913:[7, 9, 2, 7, 0, 8, 2, 4, 2, 8]
831684:[6, 3, 1, 3, 0, 4, 5, 4, 8, 1]
832582:[7, 7, 8, 3, 5, 5, 4, 4, 6, 0]
833716:[2, 4, 1, 1, 6, 6, 3, 9, 8, 4]
834609:[4, 3, 7, 1, 3, 0, 4, 1, 4, 1]
835136:[5, 0, 7, 5, 4, 0, 9, 0, 1, 5]
835504:[1, 1, 8, 7, 2, 3, 7, 3, 7, 4]
841957:[2, 7, 2, 1, 0, 2, 4, 0, 9, 4]
842764:[3, 1, 1, 8, 9, 5, 4, 7, 5, 1]
851207:[9, 8, 5, 0, 4, 0, 4, 2, 3, 4]
852521:[9, 6, 8, 4, 6, 3, 3, 6, 8, 6]
852651:[8, 2, 8, 0, 9, 0, 1, 8, 0, 3]
855080:[1, 4, 9, 1, 3, 3, 9, 9, 2, 5]
855314:[2, 0, 5, 9, 9, 0, 3, 2, 8, 0]
856472:[6, 8, 1, 4, 5, 5, 2, 6, 8, 1]
858424:[5, 7, 4, 4, 6, 2, 5, 5, 1, 6]
85856:[1, 9, 4, 9, 1, 3, 9, 8, 1, 9]
85893:[0, 4, 8, 8, 4, 0, 5, 2, 9, 4]
859423:[6, 6, 9, 3, 1, 7, 7, 5, 8, 7]
85994:[0, 5, 9, 3, 8, 7, 3, 1, 4, 2]
860083:[7, 0, 4, 9, 4, 7, 4, 1, 2, 9]
863064:[4, 5, 3, 7, 1, 6, 4, 5, 0, 9]
864055:[7, 8, 8, 5, 6, 9, 8, 6, 1, 3]
866253:[1, 4, 9, 9, 2, 6, 2, 2, 3, 6]
866902:[7, 3, 8, 3, 3, 1, 5, 6, 7, 3]
872534:[5, 0, 0, 7, 8, 7, 2, 8, 5, 0]
876468:[7, 0, 2, 0, 7, 8, 7, 3, 1, 8]
878541:[8, 7, 6, 7, 2, 9, 8, 0, 1, 0]
879060:[5, 0, 0, 4, 0, 3, 9, 0, 8, 0]
880564:[6, 4, 1, 9, 8, 3, 1, 4, 5, 7]
881187:[9, 1, 1, 3, 7, 8, 5, 6, 9, 8]
881714:[5, 2, 3, 1, 3, 0, 8, 2, 6, 2]
882112:[9, 4, 3, 0, 5, 4, 7, 1, 4, 7]
882396:[3, 7, 0, 6, 4, 7, 2, 6, 8, 3]
883166:[4, 8, 8, 9, 1, 4, 9, 8, 7, 6]
884954:[7, 8, 7, 5, 4, 6, 5, 8, 6, 5]
885706:[4, 3, 7, 8, 4, 9, 9, 9, 6, 2]
886648:[7, 8, 7, 7, 5, 1, 7, 3, 4, 5]
887149:[9, 8, 6, 7, 2, 4, 8, 7, 4, 6]
888591:[3, 6, 6, 9, 1, 0, 3, 6, 6, 3]
889959:[0, 7, 7, 0, 0, 0, 9, 1, 1, 4]
892886:[6, 2, 2, 8, 9, 7, 2, 2, 5, 0]
893391:[6, 3, 7, 9, 7, 3, 6, 9, 7, 4]
894289:[3, 4, 9, 6, 6, 9, 3, 4, 5, 0]
894676:[5, 9, 0, 7, 9, 8, 5, 6, 2, 4]
895174:[3, 2, 0, 1, 3, 7, 3, 4, 4, 9]
898113:[3, 9, 2, 0, 8, 7, 8, 0, 8, 6]
899268:[3, 7, 1, 0, 0, 2, 4, 3, 8, 9]
900187:[2, 4, 0, 9, 8, 3, 0, 3, 2, 4]
903540:[4, 8, 8, 0, 6, 3, 9, 0, 4, 9]
904184:[5, 4, 9, 5, 6, 8, 9, 6, 2, 8]
906747:[5, 9, 7, 0, 3, 0, 5, 2, 8, 4]
906754:[6, 6, 2, 4, 9, 1, 0, 4, 4, 9]
907732:[6, 1, 9, 9, 6, 3, 2, 3, 1, 3]
907760:[4, 6, 2, 8, 6, 0, 6, 7, 1, 5]
909664:[5, 9, 5, 7, 3, 8, 6, 3, 0, 3]
912079:[6, 4, 8, 5, 4, 6, 0, 2, 1, 8]
914910:[9, 0, 3, 7, 3, 6, 5, 5, 6, 5]
915805:[0, 8, 9, 8, 7, 6, 3, 9, 7, 4]
916398:[8, 3, 1, 9, 5, 6, 0, 6, 6, 4]
917197:[0, 1, 7, 5, 2, 6, 7, 5, 2, 9]
91834:[3, 7, 8, 6, 3, 7, 8, 1, 1, 1]
920917:[3, 0, 8, 4, 5, 2, 8, 1, 5, 4]
924325:[5, 3, 5, 1, 4, 2, 6, 4, 9, 7]
92444:[5, 1, 9, 5, 8, 9, 0, 2, 6, 1]
925842:[9, 1, 3, 3, 7, 4, 7, 7, 0, 7]
928105:[2, 1, 1, 1, 8, 2, 9, 3, 2, 0]
930139:[7, 5, 4, 3, 0, 7, 0, 7, 7, 5]
93233:[1, 7, 0, 8, 7, 6, 0, 3, 8, 7]
933127:[2, 7, 5, 8, 2, 7, 5, 6, 7, 0]
933915:[8, 6, 8, 7, 8, 2, 0, 5, 0, 1]
935516:[4, 7, 1, 0, 3, 5, 7, 7, 4, 3]
936532:[4, 1, 6, 4, 7, 3, 5, 0, 2, 4]
937286:[6, 7, 2, 8, 6, 1, 4, 2, 0, 7]
943061:[3, 4, 4, 3, 8, 4, 8, 0, 9, 4]
943164:[7, 4, 1, 6, 0, 6, 4, 6, 3, 8]
945024:[1, 5, 6, 4, 9, 4, 5, 8, 5, 9]
949625:[4, 3, 4, 4, 5, 9, 7, 7, 6, 8]
950216:[5, 1, 4, 7, 3, 0, 8, 9, 7, 0]
950494:[7, 6, 1, 1, 3, 2, 0, 2, 8, 0]
950924:[5, 1, 0, 6, 0, 1, 3, 4, 4, 4]
951200:[0, 2, 2, 0, 8, 8, 1, 3, 9, 1]
951846:[2, 0, 8, 1, 6, 8, 1, 9, 0, 8]
956351:[9, 8, 9, 9, 3, 2, 7, 9, 4, 9]
956776:[9, 9, 1, 0, 1, 0, 6, 0, 0, 0]
960189:[0, 9, 2, 3, 1, 5, 8, 9, 7, 8]
962025:[9, 3, 6, 3, 6, 0, 0, 9, 5, 0]
962877:[2, 0, 6, 5, 3, 2, 1, 2, 7, 2]
962935:[3, 9, 7, 1, 1, 7, 7, 7, 9, 0]
963341:[1, 3, 7, 7, 9, 4, 4, 7, 6, 6]
965248:[1, 1, 9, 2, 2, 2, 2, 2, 5, 0]
965626:[4, 3, 6, 9, 7, 9, 1, 7, 1, 7]
966009:[1, 4, 6, 6, 0, 3, 4, 1, 6, 5]
966295:[9, 6, 8, 6, 8, 8, 1, 1, 2, 4]
968544:[5, 3, 7, 0, 8, 3, 9, 9, 5, 8]
968655:[1, 8, 8, 5, 7, 4, 3, 4, 0, 6]
969964:[6, 9, 4, 9, 9, 7, 4, 1, 0, 2]
970328:[7, 2, 6, 7, 9, 7, 2, 5, 8, 4]
970779:[9, 0, 0, 1, 8, 1, 7, 4, 0, 0]
971790:[0, 9, 6, 1, 4, 2, 1, 5, 7, 1]
972044:[4, 8, 9, 7, 1, 1, 7, 2, 9, 7]
972797:[3, 2, 3, 3, 8, 2, 1, 6, 6, 4]
974783:[6, 1, 7, 1, 9, 4, 4, 2, 8, 5]
975237:[8, 6, 0, 3, 3, 0, 7, 8, 7, 5]
978315:[8, 0, 5, 7, 7, 1, 8, 0, 3, 4]
97867:[9, 0, 5, 5, 5, 9, 4, 5, 7, 6]
980450:[6, 6, 3, 2, 6, 9, 7, 3, 5, 2]
980831:[6, 0, 7, 6, 5, 8, 5, 4, 0, 0]
982496:[5, 9, 3, 0, 3, 9, 9, 1, 5, 6]
982533:[8, 7, 7, 5, 3, 2, 4, 1, 8, 6]
984243:[3, 1, 6, 1, 3, 0, 2, 9, 5, 3]
98812:[6, 7, 0, 4, 9, 9, 0, 7, 5, 1]
988513:[5, 7, 3, 9, 7, 7, 4, 8, 6, 9]
990066:[7, 9, 7, 9, 9, 6, 3, 5, 4, 3]
991085:[7, 6, 3, 8, 1, 2, 6, 8, 6, 6]
995841:[5, 7, 2, 5, 2, 1, 9, 9, 5, 4]
995920:[1, 7, 6, 0, 3, 2, 8, 7, 5, 1]
997263:[2, 0, 9, 2, 9, 4, 4, 0, 8, 5]
998929:[9, 5, 6, 3, 2, 6, 4, 6, 1, 6]
999795:[3, 1, 0, 3, 8, 2, 3, 8, 3, 2]
