1003034:[0, 8, 8, 7, 4, 2, 7, 7, 3, 6]
1012959:[8, 2, 0, 0, 7, 4, 2, 4, 1, 3]
1017304:[5, 7, 2, 4, 5, 3, 2, 7, 8, 2]
1021943:[1, 8, 0, 8, 1, 5, 8, 1, 6, 2]
1023936:[9, 8, 8, 1, 0, 7, 4, 0, 1, 0]
1025340:[4, 4, 5, 8, 0, 0, 4, 7, 4, 9]
1025375:[1, 4, 5, 8, 1, 9, 1, 8, 1, 9]
10262:[7, 6, 0, 4, 4, 2, 0, 0, 9, 8]
1039151:[8, 0, 8, 6, 8, 4, 8, 5, 1, 6]
1040524:[7, 3, 2, 0, 1, 6, 0, 5, 4, 3]
1041440:[0, 7, 7, 9, 8, 6, 8, 4, 2, 0]
1044767:[1, 3, 8, 7, 6, 5, 2, 1, 8, 0]
1046015:[0, 5, 9, 7, 3, 8, 0, 8, 9, 6]
1046922:[5, 0, 0, 6, 7, 4, 5, 8, 2, 5]
1047874:[8, 2, 9, 6, 7, 5, 2, 0, 3, 5]
1048106:[3, 5, 7, 5, 4, 3, 3, 8, 2, 3]
1052433:[9, 5, 7, 9, 0, 8, 6, 6, 8, 8]
10547:[7, 4, 0, 7, 9, 1, 6, 9, 5, 1]
1061243:[7, 9, 5, 0, 2, 5, 0, 0, 5, 7]
1062203:[1, 4, 9, 1, 1, 4, 7, 8, 1, 0]
1065257:[2, 1, 4, 3, 5, 6, 5, 6, 2, 6]
106969:[0, 6, 4, 4, 1, 2, 8, 7, 8, 0]
1076470:[2, 7, 4, 2, 6, 7, 7, 9, 0, 9]
1092513:[6, 6, 7, 4, 2, 7, 1, 1, 1, 1]
1092704:[4, 4, 0, 7, 6, 9, 3, 3, 1, 4]
109989:[7, 4, 0, 2, 1, 7, 0, 0, 6, 1]
1108353:[7, 4, 4, 1, 4, 3, 7, 3, 0, 1]
1115648:[7, 0, 4, 2, 4, 1, 8, 0, 9, 8]
1117074:[7, 5, 8, 2, 4, 5, 0, 0, 2, 7]
1125075:[0, 7, 4, 2, 6, 4, 1, 3, 5, 9]
1134302:[8, 1, 9, 8, 6, 1, 0, 1, 4, 7]
1138386:[8, 4, 6, 6, 3, 5, 4, 4, 3, 2]
1140192:[4, 5, 9, 3, 2, 1, 6, 8, 8, 5]
1143345:[1, 3, 5, 0, 9, 3, 3, 1, 1, 8]
1145313:[5, 1, 9, 1, 7, 4, 2, 1, 0, 6]
114652:[3, 6, 4, 1, 7, 8, 5, 4, 7, 6]
1147523:[6, 5, 1, 4, 6, 8, 5, 3, 5, 1]
1148377:[6, 2, 9, 8, 7, 5, 2, 4, 1, 0]
1151452:[3, 1, 8, 2, 3, 1, 4, 2, 2, 8]
1165745:[7, 7, 5, 9, 6, 4, 7, 9, 6, 1]
1169728:[4, 9, 5, 6, 2, 4, 9, 2, 9, 6]
1172388:[7, 2, 0, 2, 8, 9, 9, 4, 8, 5]
1178752:[5, 2, 2, 7, 7, 7, 0, 0, 6, 0]
1180989:[1, 5, 1, 6, 6, 2, 3, 5, 5, 4]
1182112:[9, 6, 3, 8, 3, 3, 7, 0, 2, 2]
1184784:[7, 4, 5, 1, 8, 3, 9, 5, 7, 1]
1188424:[6, 6, 4, 4, 9, 3, 9, 5, 4, 8]
1197449:[0, 0, 1, 4, 1, 8, 2, 6, 3, 7]
1198241:[1, 6, 2, 5, 8, 4, 0, 7, 5, 9]
1204935:[8, 9, 1, 7, 9, 9, 3, 7, 3, 3]
12073:[3, 3, 8, 7, 9, 2, 6, 3, 9, 1]
1213225:[3, 1, 5, 1, 8, 4, 6, 4, 4, 0]
1213396:[6, 3, 7, 6, 3, 3, 8, 4, 4, 1]
1226682:[6, 8, 6, 4, 8, 8, 8, 8, 4, 3]
123184:[5, 8, 1, 6, 3, 8, 4, 7, 8, 0]
1245958:[3, 0, 3, 0, 9, 1, 0, 6, 2, 5]
1249080:[3, 9, 3, 2, 8, 5, 3, 2, 7, 1]
1265405:[6, 1, 9, 4, 0, 0, 7, 2, 3, 5]
1283011:[9, 1, 5, 9, 3, 4, 4, 4, 0, 5]
1293193:[7, 2, 5, 5, 8, 5, 9, 9, 7, 9]
129473:[8, 3, 0, 3, 8, 5, 5, 4, 6, 9]
1318586:[2, 4, 2, 6, 0, 3, 4, 9, 7, 1]
1323571:[3, 3, 7, 3, 1, 0, 0, 1, 4, 2]
1323656:[5, 3, 0, 5, 7, 3, 0, 2, 3, 4]
1327141:[7, 9, 6, 2, 4, 3, 1, 2, 6, 6]
1328734:[2, 6, 6, 5, 7, 1, 2, 6, 6, 1]
1342666:[2, 4, 2, 2, 2, 2, 2, 9, 6, 3]
1349996:[7, 3, 0, 8, 2, 5, 1, 9, 9, 2]
1351491:[0, 6, 8, 2, 9, 7, 7, 3, 1, 2]
135628:[2, 4, 8, 9, 7, 9, 0, 6, 1, 8]
1357429:[8, 2, 5, 1, 2, 7, 0, 2, 9, 5]
1359593:[2, 0, 3, 5, 0, 8, 7, 0, 9, 3]
1371839:[3, 5, 8, 9, 4, 2, 7, 5, 8, 5]
1371976:[9, 2, 1, 6, 6, 4, 7, 8, 8, 1]
1373510:[7, 5, 5, 7, 4, 6, 3, 9, 0, 5]
1378927:[2, 7, 5, 2, 7, 2, 1, 9, 3, 9]
1382888:[8, 4, 6, 9, 5, 9, 4, 9, 4, 5]
1383133:[3, 3, 5, 3, 7, 7, 1, 3, 6, 0]
139237:[3, 1, 3, 8, 5, 6, 9, 6, 2, 0]
1393243:[2, 0, 7, 7, 3, 8, 3, 4, 8, 5]
1395730:[7, 2, 8, 7, 3, 7, 4, 9, 8, 7]
1398220:[0, 1, 8, 4, 2, 4, 7, 3, 7, 5]
1402490:[8, 2, 1, 3, 0, 7, 5, 3, 4, 4]
1418727:[0, 8, 0, 8, 6, 5, 7, 2, 5, 1]
1442725:[7, 9, 4, 0, 5, 7, 0, 1, 0, 0]
1445194:[5, 7, 2, 4, 5, 3, 2, 7, 8, 2]
1454491:[4, 4, 9, 6, 9, 2, 7, 3, 1, 1]
1458834:[5, 4, 9, 4, 9, 3, 3, 6, 7, 1]
1468699:[3, 8, 0, 9, 7, 9, 3, 4, 0, 2]
147195:[7, 7, 3, 7, 9, 8, 2, 0, 8, 4]
1472067:[9, 7, 7, 3, 2, 6, 9, 2, 0, 3]
1473813:[9, 9, 3, 4, 6, 2, 6, 3, 1, 7]
1474021:[5, 6, 3, 9, 0, 2, 4, 3, 8, 8]
1475671:[2, 4, 0, 8, 3, 6, 7, 9, 3, 6]
1480007:[4, 4, 8, 9, 5, 5, 1, 0, 6, 0]
1481003:[5, 9, 9, 9, 8, 6, 8, 9, 9, 9]
1483388:[1, 1, 3, 0, 3, 0, 3, 7, 4, 4]
1483508:[6, 6, 5, 6, 9, 8, 5, 2, 5, 1]
148587:[0, 2, 4, 5, 6, 4, 2, 6, 2, 3]
1485920:[7, 8, 4, 6, 5, 8, 9, 8, 6, 8]
1492078:[4, 8, 5, 1, 4, 5, 1, 9, 5, 2]
14927:[2, 7, 7, 0, 4, 7, 1, 4, 2, 9]
1494910:[2, 0, 2, 0, 2, 3, 7, 7, 1, 2]
150553:[7, 7, 5, 8, 1, 6, 4, 0, 8, 2]
1521639:[2, 5, 8, 7, 9, 9, 2, 2, 7, 0]
1521780:[1, 0, 7, 1, 5, 5, 8, 2, 0, 3]
1524164:[4, 0, 9, 5, 4, 2, 1, 0, 6, 7]
15281:[7, 4, 3, 8, 4, 9, 8, 4, 6, 4]
1529117:[5, 6, 3, 4, 6, 8, 0, 8, 3, 3]
1533528:[0, 5, 8, 8, 6, 7, 4, 6, 7, 4]
15350:[8, 9, 5, 5, 3, 7, 9, 2, 5, 2]
1538441:[6, 9, 5, 3, 4, 1, 8, 1, 8, 2]
1539038:[5, 5, 9, 0, 6, 4, 8, 8, 2, 9]
1539410:[8, 4, 9, 6, 0, 2, 9, 6, 6, 0]
1542334:[9, 5, 5, 9, 1, 9, 1, 1, 2, 2]
1545997:[8, 5, 7, 6, 2, 7, 3, 4, 4, 8]
1552428:[8, 8, 3, 9, 7, 1, 5, 9, 6, 8]
1571017:[8, 6, 8, 5, 5, 0, 6, 2, 0, 3]
1571963:[6, 9, 4, 1, 5, 3, 4, 2, 3, 2]
1573969:[9, 2, 4, 3, 7, 6, 5, 7, 1, 5]
1574258:[2, 3, 3, 5, 6, 8, 6, 7, 6, 5]
1588031:[5, 1, 9, 3, 4, 3, 2, 3, 5, 7]
1601046:[8, 2, 0, 2, 4, 7, 5, 8, 3, 3]
1606656:[6, 8, 0, 0, 4, 5, 9, 6, 6, 9]
1620025:[7, 9, 5, 4, 1, 3, 9, 2, 5, 2]
1630738:[2, 5, 5, 9, 7, 2, 4, 1, 3, 7]
1652128:[7, 8, 9, 6, 6, 8, 9, 5, 8, 0]
165573:[6, 6, 4, 8, 2, 1, 8, 2, 7, 1]
1663348:[5, 6, 5, 6, 7, 3, 8, 3, 5, 8]
1667601:[3, 5, 2, 5, 0, 1, 7, 3, 5, 9]
166886:[1, 6, 8, 2, 4, 5, 6, 0, 8, 0]
1671099:[9, 6, 5, 0, 8, 4, 3, 7, 0, 8]
1671811:[7, 8, 7, 3, 4, 8, 2, 8, 8, 3]
1674280:[1, 4, 1, 5, 7, 4, 3, 0, 5, 7]
1682249:[8, 5, 8, 4, 5, 6, 6, 6, 9, 2]
1682279:[8, 2, 2, 2, 6, 5, 8, 2, 6, 3]
1685477:[3, 9, 1, 1, 7, 9, 9, 3, 7, 1]
168558:[6, 1, 6, 9, 7, 1, 7, 8, 2, 8]
1687532:[7, 3, 0, 5, 4, 1, 8, 4, 9, 6]
1692447:[5, 9, 9, 2, 7, 7, 9, 2, 7, 6]
169614:[2, 6, 2, 7, 7, 9, 2, 9, 3, 0]
1708438:[4, 5, 0, 9, 8, 0, 5, 9, 9, 1]
1715835:[6, 8, 2, 7, 0, 0, 8, 5, 1, 6]
1719287:[2, 7, 4, 3, 9, 1, 3, 1, 9, 6]
1721970:[5, 7, 3, 2, 1, 7, 4, 7, 7, 5]
1726183:[4, 1, 3, 9, 9, 7, 0, 4, 1, 8]
1727964:[1, 0, 7, 9, 1, 5, 9, 7, 9, 0]
1728827:[8, 2, 9, 8, 4, 3, 1, 7, 5, 6]
1738570:[1, 6, 3, 0, 1, 2, 6, 2, 2, 5]
1744678:[9, 6, 6, 6, 5, 4, 8, 7, 9, 3]
1746500:[9, 7, 3, 1, 5, 3, 0, 9, 2, 2]
1747974:[3, 2, 4, 6, 9, 9, 6, 9, 5, 9]
1752640:[9, 0, 5, 7, 4, 0, 2, 5, 2, 2]
1756707:[8, 9, 4, 1, 7, 6, 7, 5, 5, 6]
1759562:[0, 2, 2, 7, 1, 0, 6, 9, 9, 7]
1761986:[8, 0, 7, 7, 4, 1, 8, 5, 5, 3]
1767057:[8, 3, 9, 8, 2, 7, 8, 1, 3, 1]
1768198:[8, 1, 8, 8, 0, 5, 8, 3, 4, 2]
1775209:[0, 3, 4, 6, 5, 6, 5, 9, 5, 9]
1775284:[1, 2, 6, 8, 8, 7, 0, 3, 9, 9]
1781784:[4, 5, 6, 1, 5, 8, 1, 1, 8, 7]
178309:[1, 0, 8, 7, 1, 6, 5, 3, 4, 8]
1792109:[9, 9, 7, 3, 0, 9, 4, 9, 3, 4]
1795323:[5, 4, 0, 4, 3, 3, 7, 1, 7, 7]
1796492:[2, 3, 8, 3, 5, 2, 7, 7, 3, 9]
1797685:[4, 5, 8, 5, 0, 6, 1, 9, 6, 9]
1799286:[0, 5, 6, 9, 6, 7, 9, 9, 3, 6]
180247:[4, 0, 3, 6, 1, 4, 6, 7, 6, 5]
1818969:[9, 5, 7, 2, 2, 1, 0, 9, 6, 1]
182421:[0, 9, 3, 1, 9, 6, 5, 9, 8, 5]
1824450:[6, 1, 9, 4, 9, 6, 6, 5, 1, 6]
1834552:[3, 7, 2, 6, 0, 3, 7, 8, 3, 3]
1837654:[9, 2, 5, 9, 8, 6, 6, 4, 4, 5]
1847994:[4, 1, 8, 5, 0, 4, 0, 4, 9, 2]
1856320:[5, 1, 2, 5, 4, 7, 5, 3, 7, 8]
1862237:[7, 7, 7, 3, 6, 0, 1, 3, 3, 9]
1866225:[6, 5, 9, 1, 2, 2, 9, 9, 7, 8]
1868980:[4, 0, 3, 5, 9, 8, 4, 6, 7, 2]
187014:[2, 5, 7, 7, 8, 2, 9, 4, 9, 4]
187567:[5, 1, 7, 8, 9, 4, 7, 9, 7, 8]
1885682:[5, 7, 2, 4, 5, 3, 2, 7, 8, 2]
1889845:[5, 3, 5, 1, 9, 0, 9, 8, 3, 6]
1905021:[5, 7, 0, 8, 4, 4, 0, 7, 2, 8]
1908465:[2, 2, 4, 5, 1, 0, 7, 0, 7, 9]
1908920:[4, 5, 7, 4, 4, 9, 9, 1, 8, 0]
1911272:[5, 1, 4, 8, 5, 4, 2, 1, 3, 2]
1912372:[5, 7, 3, 4, 3, 3, 5, 6, 0, 4]
1928228:[3, 9, 6, 9, 5, 4, 1, 0, 0, 4]
1929449:[9, 4, 1, 6, 7, 1, 1, 2, 7, 3]
1933951:[7, 6, 2, 1, 9, 7, 2, 3, 8, 2]
1936988:[7, 5, 8, 3, 3, 5, 3, 7, 0, 7]
1944435:[6, 2, 3, 1, 3, 6, 3, 5, 2, 9]
1955115:[0, 9, 7, 2, 5, 4, 2, 0, 1, 7]
195570:[4, 5, 9, 4, 0, 8, 0, 2, 6, 9]
1967040:[0, 4, 8, 4, 8, 7, 7, 0, 0, 9]
1974467:[4, 4, 9, 2, 5, 9, 5, 5, 8, 2]
1982697:[8, 8, 8, 9, 4, 6, 3, 3, 7, 9]
198362:[7, 0, 2, 8, 4, 2, 4, 2, 4, 8]
1998579:[3, 3, 2, 8, 3, 5, 4, 1, 9, 6]
2000081:[3, 4, 4, 1, 5, 4, 5, 6, 7, 9]
2005047:[5, 8, 3, 1, 5, 4, 1, 4, 6, 2]
2005717:[1, 5, 7, 2, 0, 2, 9, 6, 3, 9]
2007380:[4, 9, 9, 9, 3, 9, 4, 3, 1, 0]
2010418:[0, 6, 8, 6, 5, 7, 5, 6, 2, 3]
2010869:[5, 9, 8, 2, 6, 7, 2, 4, 7, 3]
2019907:[1, 9, 1, 8, 3, 8, 6, 3, 1, 2]
2020398:[3, 1, 9, 6, 5, 2, 8, 6, 5, 7]
2022985:[6, 6, 4, 3, 5, 8, 8, 3, 5, 8]
2027676:[8, 6, 7, 1, 9, 6, 9, 0, 7, 1]
2028481:[1, 7, 7, 8, 6, 4, 6, 9, 2, 5]
2033005:[1, 5, 8, 2, 2, 5, 6, 7, 6, 8]
2034166:[4, 5, 1, 4, 6, 2, 0, 7, 1, 6]
2035650:[2, 2, 3, 6, 2, 4, 3, 8, 6, 6]
2056712:[1, 9, 6, 9, 1, 6, 9, 6, 5, 3]
2057707:[6, 2, 6, 6, 6, 6, 9, 1, 9, 5]
2062258:[5, 0, 3, 9, 2, 8, 7, 4, 9, 3]
2063331:[6, 1, 0, 3, 7, 6, 1, 7, 0, 8]
206354:[3, 8, 1, 6, 3, 3, 3, 3, 3, 9]
206651:[8, 2, 6, 5, 3, 3, 0, 5, 9, 1]
2066837:[9, 3, 5, 5, 9, 8, 1, 1, 6, 6]
2073935:[3, 7, 4, 0, 0, 2, 8, 9, 0, 3]
2074246:[3, 0, 9, 9, 4, 5, 2, 9, 7, 9]
2078966:[3, 1, 0, 9, 0, 4, 7, 6, 3, 2]
2083252:[8, 6, 8, 5, 5, 0, 6, 2, 0, 3]
208405:[4, 4, 7, 8, 1, 4, 9, 9, 0, 0]
2089164:[5, 0, 8, 6, 6, 0, 7, 7, 3, 9]
2089510:[3, 8, 6, 6, 8, 8, 0, 7, 5, 3]
2096424:[5, 4, 4, 8, 3, 7, 0, 1, 6, 1]
2097275:[8, 1, 6, 6, 0, 2, 1, 6, 9, 7]
211036:[5, 5, 6, 8, 3, 4, 3, 6, 5, 0]
2115315:[3, 4, 7, 6, 3, 3, 6, 6, 6, 0]
2117875:[0, 7, 6, 6, 8, 2, 4, 1, 9, 3]
2127632:[5, 8, 2, 4, 7, 2, 5, 8, 1, 7]
2130093:[9, 1, 9, 4, 8, 0, 5, 6, 6, 3]
2132496:[5, 5, 3, 0, 3, 5, 7, 5, 5, 4]
2137448:[9, 4, 2, 2, 4, 3, 0, 5, 7, 4]
2137693:[8, 3, 8, 5, 4, 9, 0, 3, 7, 2]
2139232:[0, 2, 2, 9, 5, 7, 0, 0, 1, 5]
2141778:[5, 6, 9, 7, 7, 3, 6, 7, 8, 8]
214825:[2, 5, 8, 9, 9, 0, 0, 1, 5, 6]
2154676:[7, 7, 2, 3, 1, 7, 4, 0, 8, 1]
2158850:[1, 0, 8, 0, 1, 9, 8, 2, 9, 6]
2166368:[6, 2, 1, 7, 8, 6, 4, 0, 7, 2]
2168068:[9, 6, 3, 8, 5, 8, 2, 0, 1, 1]
2172657:[0, 0, 7, 2, 5, 9, 9, 9, 6, 3]
2176872:[3, 4, 6, 3, 4, 6, 5, 9, 9, 7]
2180338:[5, 7, 1, 6, 4, 2, 4, 3, 7, 2]
218150:[3, 3, 5, 2, 4, 6, 2, 7, 4, 9]
2188618:[0, 2, 6, 1, 1, 8, 4, 7, 2, 3]
2191480:[7, 0, 2, 4, 1, 8, 0, 7, 3, 6]
2204720:[5, 5, 1, 6, 4, 8, 7, 9, 4, 8]
221202:[4, 9, 9, 8, 3, 3, 5, 9, 0, 5]
2220435:[9, 1, 4, 9, 0, 6, 4, 8, 5, 4]
2221503:[4, 2, 1, 1, 5, 6, 6, 6, 7, 8]
2226151:[0, 3, 0, 1, 4, 1, 8, 0, 6, 4]
2226163:[2, 8, 2, 2, 7, 4, 5, 0, 6, 2]
2237587:[7, 0, 7, 6, 2, 1, 6, 8, 2, 6]
224680:[5, 6, 4, 3, 9, 4, 9, 3, 9, 1]
2246876:[2, 0, 6, 6, 2, 6, 4, 6, 7, 0]
2248509:[9, 0, 9, 9, 0, 9, 6, 9, 1, 3]
2250287:[5, 4, 4, 3, 6, 9, 9, 2, 7, 9]
2251119:[5, 6, 7, 3, 8, 9, 8, 6, 6, 5]
2251120:[6, 0, 0, 5, 7, 7, 1, 8, 4, 2]
2254951:[7, 6, 8, 5, 3, 3, 3, 1, 9, 1]
2263748:[7, 8, 0, 9, 8, 4, 5, 4, 8, 5]
2265308:[1, 2, 5, 0, 4, 7, 9, 0, 6, 0]
2265712:[8, 8, 8, 3, 4, 4, 8, 7, 8, 5]
2268290:[5, 5, 7, 5, 1, 1, 1, 4, 7, 4]
2271925:[6, 0, 7, 2, 4, 5, 7, 8, 6, 7]
227363:[4, 9, 2, 3, 1, 3, 5, 5, 8, 4]
2283976:[3, 1, 2, 2, 3, 5, 3, 5, 7, 4]
2285581:[6, 6, 4, 9, 0, 7, 2, 5, 5, 8]
2295840:[3, 5, 7, 7, 1, 2, 7, 8, 4, 0]
2313699:[7, 3, 8, 5, 1, 0, 1, 5, 0, 7]
2315618:[4, 9, 4, 6, 2, 5, 3, 5, 6, 8]
231993:[6, 2, 8, 6, 2, 9, 3, 2, 8, 4]
2320143:[5, 7, 0, 6, 1, 4, 3, 0, 5, 6]
2326697:[2, 7, 5, 7, 4, 5, 4, 6, 3, 5]
2332792:[2, 9, 5, 5, 7, 8, 0, 5, 9, 8]
2345068:[3, 0, 9, 7, 7, 5, 1, 3, 2, 6]
2349221:[7, 7, 7, 7, 1, 8, 1, 2, 1, 7]
2360722:[1, 9, 6, 3, 9, 7, 2, 2, 2, 9]
2363214:[0, 3, 1, 1, 8, 4, 2, 8, 0, 7]
2371135:[6, 2, 7, 1, 1, 2, 8, 3, 9, 9]
2371948:[0, 5, 0, 8, 9, 8, 9, 8, 3, 3]
2382274:[1, 2, 7, 2, 9, 9, 4, 2, 0, 5]
2386030:[5, 1, 6, 6, 1, 5, 7, 8, 1, 7]
2390148:[1, 7, 6, 9, 5, 2, 5, 9, 8, 5]
2392564:[1, 9, 0, 1, 7, 3, 5, 0, 8, 4]
239631:[4, 2, 8, 9, 6, 5, 0, 4, 1, 3]
2408661:[2, 6, 0, 1, 5, 0, 7, 7, 8, 6]
2426949:[5, 0, 2, 0, 2, 0, 4, 9, 5, 8]
2428428:[3, 9, 5, 1, 7, 1, 1, 2, 3, 5]
2429069:[8, 7, 9, 8, 4, 6, 9, 7, 2, 5]
2431660:[7, 9, 5, 7, 8, 1, 4, 0, 8, 2]
2433698:[4, 5, 5, 0, 5, 2, 2, 1, 6, 7]
2442616:[0, 3, 9, 7, 4, 8, 9, 2, 1, 0]
2443380:[7, 8, 3, 4, 3, 3, 7, 6, 6, 4]
2448729:[0, 4, 9, 1, 8, 9, 1, 6, 6, 7]
2452802:[0, 0, 3, 8, 8, 2, 0, 4, 9, 3]
2457708:[3, 7, 2, 7, 2, 7, 7, 2, 7, 6]
2461609:[8, 3, 9, 8, 0, 6, 8, 4, 6, 3]
2464897:[9, 0, 4, 8, 3, 3, 6, 4, 0, 5]
2469115:[1, 3, 2, 7, 7, 6, 5, 4, 5, 7]
2469404:[9, 5, 4, 9, 7, 2, 0, 5, 1, 8]
2471726:[5, 2, 6, 7, 1, 5, 1, 6, 9, 3]
2478173:[5, 7, 3, 4, 3, 3, 5, 6, 0, 4]
2479276:[5, 0, 4, 6, 9, 4, 8, 3, 3, 1]
2480125:[0, 3, 3, 7, 3, 2, 0, 8, 1, 1]
2496618:[0, 3, 2, 6, 4, 1, 3, 8, 3, 3]
2497091:[6, 0, 0, 6, 9, 4, 5, 7, 7, 1]
2507351:[4, 1, 0, 3, 9, 3, 7, 2, 9, 6]
2514258:[0, 0, 9, 4, 5, 4, 4, 3, 7, 5]
2525473:[5, 8, 6, 7, 5, 5, 3, 9, 6, 5]
2526405:[0, 6, 4, 0, 2, 7, 1, 9, 3, 4]
2527776:[4, 1, 5, 5, 9, 5, 2, 7, 9, 7]
2528253:[5, 2, 4, 3, 8, 1, 9, 8, 8, 5]
2529628:[3, 5, 0, 4, 8, 8, 7, 2, 6, 5]
2540218:[9, 6, 6, 2, 3, 0, 1, 2, 2, 4]
2540982:[8, 1, 8, 4, 3, 0, 3, 9, 9, 7]
2543198:[7, 7, 7, 4, 7, 2, 9, 6, 4, 4]
2546009:[4, 0, 6, 1, 7, 4, 6, 3, 6, 2]
2547979:[3, 2, 5, 1, 2, 8, 8, 2, 2, 8]
2550731:[4, 3, 1, 7, 7, 5, 6, 8, 4, 4]
2558524:[1, 4, 9, 8, 8, 5, 8, 5, 6, 8]
2558842:[5, 1, 9, 4, 8, 4, 1, 7, 6, 5]
2559330:[0, 9, 0, 2, 9, 5, 7, 1, 7, 5]
2563437:[7, 8, 1, 5, 6, 1, 8, 0, 1, 2]
2567709:[3, 2, 0, 1, 0, 8, 7, 2, 5, 9]
2568514:[1, 7, 3, 4, 7, 4, 7, 2, 8, 4]
2577771:[0, 0, 8, 2, 4, 8, 5, 1, 7, 2]
2580352:[9, 0, 3, 9, 2, 0, 8, 7, 6, 9]
258208:[0, 1, 2, 4, 4, 9, 0, 4, 7, 5]
2596654:[2, 1, 3, 4, 3, 3, 5, 1, 5, 0]
2597498:[5, 8, 3, 3, 9, 1, 3, 8, 7, 1]
2601853:[3, 0, 3, 0, 9, 1, 0, 6, 2, 5]
260779:[2, 6, 8, 4, 9, 2, 9, 7, 1, 1]
2611771:[0, 9, 3, 7, 4, 3, 2, 9, 6, 4]
2613650:[9, 2, 6, 6, 9, 0, 0, 4, 1, 6]
2614008:[3, 5, 6, 7, 7, 3, 3, 0, 4, 5]
2633182:[1, 6, 3, 8, 5, 9, 8, 8, 3, 7]
2639483:[9, 6, 1, 0, 8, 1, 0, 1, 9, 8]
2642459:[3, 0, 2, 9, 5, 9, 6, 7, 3, 5]
2655081:[3, 8, 1, 0, 1, 5, 1, 9, 4, 9]
2655353:[4, 7, 6, 1, 1, 6, 3, 5, 7, 7]
266743:[4, 8, 7, 1, 9, 8, 5, 1, 9, 0]
2668526:[7, 2, 1, 3, 0, 7, 2, 2, 6, 0]
2677035:[2, 5, 1, 3, 8, 4, 3, 1, 1, 5]
2679221:[7, 8, 4, 7, 4, 1, 4, 7, 5, 7]
2686302:[7, 1, 4, 4, 9, 1, 1, 2, 3, 6]
2689411:[8, 1, 6, 2, 3, 8, 3, 6, 3, 7]
2691795:[8, 2, 1, 4, 3, 1, 2, 4, 1, 0]
2698257:[7, 3, 0, 9, 5, 4, 7, 4, 1, 2]
2700318:[4, 3, 3, 4, 5, 9, 8, 1, 2, 2]
2704458:[3, 2, 6, 5, 4, 3, 2, 1, 2, 4]
2706642:[8, 7, 2, 2, 0, 9, 3, 0, 9, 9]
2710599:[1, 9, 9, 5, 5, 1, 2, 5, 5, 6]
2712889:[8, 5, 9, 7, 0, 4, 1, 5, 5, 5]
2718388:[9, 2, 6, 5, 6, 4, 6, 8, 1, 3]
2718608:[0, 7, 5, 9, 8, 3, 7, 3, 3, 0]
2720129:[2, 3, 9, 4, 8, 2, 8, 4, 2, 3]
2726441:[6, 2, 1, 5, 3, 6, 5, 4, 0, 5]
2728500:[9, 1, 1, 3, 6, 5, 4, 4, 5, 2]
2728667:[1, 2, 8, 4, 9, 6, 9, 8, 6, 0]
2739908:[7, 4, 9, 9, 5, 6, 6, 4, 4, 6]
2746012:[1, 3, 4, 0, 3, 9, 5, 9, 3, 8]
2748212:[8, 1, 9, 2, 0, 8, 0, 2, 0, 2]
2750501:[1, 4, 1, 1, 2, 2, 6, 1, 1, 3]
2755289:[7, 7, 2, 8, 1, 0, 0, 4, 9, 8]
2762786:[2, 4, 5, 7, 6, 6, 8, 8, 1, 7]
2763461:[5, 2, 3, 2, 6, 0, 5, 5, 3, 3]
2769230:[8, 5, 0, 4, 8, 1, 7, 8, 2, 9]
2772639:[0, 7, 1, 0, 3, 0, 5, 9, 0, 2]
2775893:[2, 9, 2, 6, 1, 4, 5, 6, 3, 3]
2785678:[4, 2, 5, 9, 2, 4, 6, 2, 9, 0]
2787162:[6, 0, 5, 8, 3, 7, 7, 5, 2, 1]
2817660:[3, 7, 5, 8, 6, 9, 4, 2, 6, 6]
2818341:[8, 4, 0, 3, 0, 3, 6, 0, 2, 9]
2825558:[3, 3, 0, 6, 1, 3, 5, 4, 2, 5]
2846169:[6, 1, 3, 8, 3, 6, 8, 1, 2, 4]
2846918:[5, 6, 6, 6, 4, 9, 0, 1, 7, 1]
2848005:[1, 7, 3, 6, 4, 7, 5, 9, 8, 3]
2848381:[3, 3, 0, 7, 2, 6, 2, 5, 9, 0]
2855760:[2, 8, 9, 4, 0, 9, 2, 3, 7, 4]
2863582:[8, 0, 6, 8, 3, 0, 0, 8, 5, 2]
286422:[1, 1, 6, 0, 7, 4, 6, 9, 0, 5]
2864686:[0, 2, 1, 6, 6, 6, 2, 5, 8, 6]
2877329:[5, 4, 8, 7, 6, 6, 7, 0, 5, 1]
2879532:[6, 1, 3, 3, 0, 7, 8, 3, 1, 4]
2889569:[5, 6, 0, 5, 3, 5, 0, 0, 1, 2]
2893879:[9, 0, 0, 5, 6, 1, 2, 3, 4, 1]
2900706:[6, 3, 7, 0, 8, 6, 7, 8, 6, 0]
2910532:[7, 4, 4, 4, 5, 8, 5, 9, 3, 9]
2914385:[2, 5, 5, 3, 2, 6, 9, 4, 8, 5]
2924058:[4, 2, 7, 6, 4, 7, 4, 4, 8, 0]
2945967:[8, 5, 8, 5, 7, 3, 1, 6, 2, 0]
2946594:[4, 3, 5, 1, 1, 8, 6, 8, 5, 1]
294744:[5, 3, 0, 0, 0, 1, 5, 8, 4, 8]
2947986:[1, 1, 3, 0, 5, 9, 2, 6, 4, 4]
2948685:[5, 3, 2, 2, 0, 8, 0, 5, 5, 4]
2951953:[4, 9, 6, 1, 8, 3, 6, 2, 6, 0]
2959135:[8, 4, 2, 0, 6, 8, 5, 4, 7, 3]
2961762:[6, 4, 0, 7, 9, 7, 4, 0, 5, 6]
2964212:[4, 6, 4, 2, 6, 7, 7, 3, 7, 5]
2978199:[8, 1, 7, 0, 6, 3, 3, 2, 6, 7]
2987205:[0, 5, 5, 4, 7, 9, 2, 4, 5, 5]
2994769:[0, 0, 5, 5, 2, 8, 2, 6, 0, 0]
3001875:[0, 2, 7, 0, 5, 9, 9, 9, 5, 8]
3006661:[5, 6, 7, 4, 4, 9, 3, 8, 0, 8]
3016567:[9, 3, 6, 7, 1, 0, 1, 9, 3, 9]
3017651:[4, 8, 4, 6, 3, 4, 4, 6, 4, 8]
3024955:[8, 4, 5, 0, 2, 3, 8, 3, 0, 0]
3026125:[0, 3, 4, 7, 1, 2, 3, 3, 4, 5]
3029652:[2, 7, 4, 3, 7, 2, 8, 3, 9, 8]
3029981:[9, 1, 2, 5, 1, 3, 9, 1, 1, 2]
303321:[9, 8, 1, 2, 0, 1, 7, 0, 9, 8]
3036479:[9, 4, 6, 5, 2, 6, 1, 4, 2, 9]
303903:[8, 4, 7, 5, 5, 3, 0, 8, 3, 9]
3040406:[4, 9, 1, 1, 6, 2, 0, 5, 2, 0]
304219:[1, 9, 9, 5, 8, 7, 9, 5, 4, 9]
3044640:[5, 0, 8, 4, 0, 2, 4, 0, 7, 6]
3044920:[7, 1, 4, 9, 0, 0, 8, 1, 7, 2]
3047952:[3, 8, 2, 8, 3, 6, 0, 0, 2, 1]
3053170:[9, 3, 9, 9, 0, 8, 2, 9, 7, 1]
3056421:[4, 2, 4, 6, 8, 9, 5, 5, 2, 3]
3064605:[5, 5, 4, 0, 6, 6, 7, 4, 9, 0]
3071540:[3, 6, 2, 7, 5, 0, 4, 5, 9, 7]
307555:[6, 5, 0, 2, 0, 9, 2, 9, 8, 1]
3102699:[7, 7, 7, 3, 0, 4, 7, 5, 1, 7]
3107713:[1, 3, 7, 2, 8, 4, 7, 6, 8, 7]
311420:[9, 4, 9, 2, 9, 4, 4, 2, 7, 8]
3118805:[2, 8, 0, 0, 3, 3, 3, 6, 1, 6]
3141682:[0, 1, 8, 2, 5, 0, 9, 3, 3, 8]
3144067:[0, 4, 2, 2, 6, 7, 3, 1, 4, 2]
3154687:[8, 6, 7, 3, 0, 9, 4, 4, 2, 6]
3165389:[4, 4, 0, 8, 6, 3, 3, 4, 4, 3]
3168735:[3, 0, 5, 6, 2, 0, 8, 8, 6, 9]
3174071:[6, 7, 9, 0, 7, 1, 0, 6, 7, 2]
3185485:[6, 0, 6, 7, 6, 5, 4, 9, 0, 2]
3188393:[9, 5, 0, 0, 7, 8, 5, 6, 3, 5]
3191338:[5, 5, 2, 4, 6, 8, 0, 6, 0, 7]
3195167:[5, 8, 8, 2, 7, 2, 7, 1, 7, 1]
3199166:[3, 5, 5, 9, 9, 9, 2, 8, 6, 7]
3208443:[8, 2, 2, 3, 9, 0, 6, 8, 1, 4]
3219509:[3, 4, 5, 9, 8, 8, 1, 7, 6, 2]
3219821:[4, 5, 1, 4, 7, 6, 0, 3, 3, 8]
3223372:[5, 0, 8, 2, 4, 2, 1, 9, 4, 7]
323440:[9, 2, 8, 9, 0, 1, 6, 2, 5, 8]
3237345:[4, 5, 5, 4, 3, 0, 7, 1, 9, 3]
3244221:[3, 4, 9, 2, 2, 3, 3, 3, 6, 7]
3244:[8, 0, 0, 0, 7, 3, 3, 1, 7, 6]
3252966:[8, 0, 7, 5, 8, 3, 5, 4, 6, 6]
3253244:[7, 7, 0, 8, 2, 2, 3, 7, 4, 3]
3256526:[5, 3, 9, 1, 5, 0, 0, 9, 0, 3]
3257688:[8, 2, 6, 6, 6, 9, 8, 9, 0, 9]
3258738:[1, 1, 2, 0, 4, 3, 7, 5, 2, 0]
3260041:[6, 4, 5, 7, 4, 9, 6, 8, 0, 4]
3261743:[7, 1, 4, 9, 1, 8, 2, 2, 7, 8]
3263700:[7, 9, 5, 0, 2, 6, 1, 0, 2, 5]
327289:[9, 4, 9, 2, 8, 9, 5, 2, 7, 1]
329193:[4, 3, 4, 5, 9, 2, 7, 6, 3, 5]
333327:[4, 9, 7, 9, 1, 9, 6, 4, 5, 4]
337623:[6, 1, 4, 8, 6, 6, 1, 3, 6, 1]
343583:[6, 9, 7, 6, 2, 2, 1, 1, 7, 2]
345315:[4, 4, 1, 5, 8, 9, 3, 8, 4, 7]
34592:[7, 6, 9, 9, 4, 0, 0, 0, 6, 4]
347364:[5, 5, 3, 6, 1, 8, 8, 3, 6, 6]
34785:[8, 4, 4, 7, 4, 3, 5, 3, 5, 3]
35270:[2, 9, 2, 7, 8, 7, 5, 8, 7, 6]
35299:[7, 2, 1, 2, 5, 1, 3, 4, 3, 2]
353528:[0, 5, 4, 9, 8, 3, 0, 6, 9, 6]
358731:[6, 5, 6, 4, 4, 7, 3, 4, 1, 0]
363737:[9, 4, 1, 6, 7, 1, 1, 2, 7, 3]
365513:[7, 0, 9, 5, 3, 8, 0, 1, 2, 1]
376831:[3, 7, 0, 8, 8, 5, 2, 4, 8, 9]
381714:[9, 6, 6, 7, 1, 3, 9, 0, 4, 9]
39963:[2, 8, 9, 5, 8, 1, 4, 2, 5, 5]
406355:[7, 5, 5, 0, 7, 2, 2, 7, 8, 8]
420784:[7, 5, 3, 5, 6, 9, 2, 8, 0, 2]
425860:[6, 5, 3, 2, 0, 4, 3, 9, 2, 7]
43609:[0, 6, 0, 9, 0, 4, 9, 7, 4, 7]
447926:[2, 8, 0, 5, 9, 1, 6, 1, 7, 1]
450175:[3, 0, 3, 0, 6, 2, 8, 3, 5, 8]
454297:[0, 8, 2, 1, 6, 2, 5, 6, 4, 9]
454991:[5, 7, 0, 9, 7, 5, 0, 3, 5, 7]
455874:[2, 8, 9, 3, 9, 3, 4, 1, 6, 5]
456193:[1, 0, 7, 0, 4, 7, 5, 2, 5, 3]
460043:[8, 3, 2, 7, 3, 8, 2, 2, 6, 9]
467404:[9, 6, 9, 6, 6, 2, 4, 3, 1, 3]
47117:[7, 1, 9, 4, 5, 1, 6, 6, 6, 6]
478319:[6, 3, 8, 9, 9, 1, 5, 8, 5, 3]
485250:[5, 4, 5, 6, 4, 0, 9, 6, 2, 6]
486819:[1, 8, 4, 2, 6, 5, 5, 1, 9, 6]
489078:[9, 3, 2, 3, 5, 8, 9, 7, 1, 9]
495975:[3, 2, 7, 7, 3, 5, 3, 6, 3, 0]
49617:[5, 4, 3, 9, 2, 1, 4, 8, 0, 4]
509559:[1, 8, 9, 5, 7, 5, 3, 3, 9, 7]
510874:[2, 4, 5, 3, 0, 4, 6, 4, 6, 9]
514036:[4, 7, 3, 5, 7, 9, 9, 6, 8, 7]
526522:[1, 2, 0, 4, 0, 8, 9, 0, 6, 8]
530680:[6, 5, 6, 9, 4, 9, 4, 7, 8, 1]
540067:[1, 5, 6, 5, 0, 8, 0, 6, 4, 9]
5432:[3, 4, 7, 2, 8, 1, 3, 2, 1, 3]
548426:[2, 5, 7, 5, 8, 8, 7, 5, 3, 7]
554945:[3, 0, 8, 7, 6, 9, 1, 7, 1, 3]
567792:[2, 0, 8, 4, 1, 0, 4, 7, 3, 4]
56836:[4, 2, 7, 9, 1, 7, 6, 1, 7, 0]
570000:[8, 8, 9, 4, 2, 8, 4, 0, 4, 1]
57013:[5, 3, 7, 3, 6, 1, 9, 4, 2, 8]
571372:[1, 4, 7, 9, 9, 5, 5, 9, 6, 8]
572299:[8, 2, 2, 2, 5, 8, 3, 4, 1, 9]
574772:[4, 9, 1, 1, 6, 2, 0, 5, 2, 0]
575186:[8, 5, 4, 3, 7, 3, 8, 8, 1, 4]
590842:[0, 6, 4, 4, 9, 3, 5, 8, 1, 5]
599572:[6, 2, 7, 9, 4, 7, 5, 9, 6, 8]
600121:[9, 0, 4, 1, 0, 3, 0, 4, 5, 4]
617451:[9, 1, 7, 2, 1, 3, 0, 2, 3, 3]
621068:[2, 4, 5, 5, 1, 8, 6, 5, 4, 5]
627020:[2, 3, 9, 7, 2, 9, 3, 7, 9, 2]
635045:[2, 0, 6, 3, 3, 4, 5, 5, 6, 6]
639677:[2, 4, 3, 9, 3, 1, 0, 3, 6, 6]
643877:[9, 3, 7, 2, 1, 2, 9, 8, 5, 3]
648858:[8, 1, 5, 1, 6, 7, 5, 5, 4, 0]
649331:[9, 3, 5, 7, 1, 1, 9, 6, 8, 1]
654166:[2, 6, 8, 0, 1, 0, 6, 3, 9, 8]
654488:[0, 0, 3, 2, 9, 5, 7, 1, 1, 5]
659786:[4, 3, 1, 2, 4, 2, 5, 7, 6, 1]
664714:[1, 4, 6, 8, 7, 3, 0, 9, 8, 2]
668558:[8, 6, 4, 9, 5, 0, 5, 8, 9, 3]
676390:[4, 2, 7, 3, 5, 0, 9, 0, 3, 9]
681962:[8, 1, 5, 3, 1, 0, 9, 1, 7, 3]
686122:[4, 9, 6, 0, 9, 8, 8, 8, 6, 8]
693106:[1, 5, 3, 2, 5, 6, 6, 4, 3, 6]
695668:[3, 1, 7, 4, 4, 6, 1, 4, 5, 8]
69578:[9, 4, 9, 0, 1, 1, 7, 8, 0, 5]
696406:[1, 3, 4, 9, 1, 8, 3, 8, 9, 9]
70254:[8, 5, 0, 8, 2, 9, 3, 4, 7, 4]
707141:[6, 5, 2, 5, 8, 6, 5, 0, 8, 2]
722237:[9, 2, 7, 9, 8, 9, 5, 2, 1, 7]
731376:[9, 7, 0, 7, 3, 8, 7, 6, 0, 3]
732841:[3, 3, 5, 5, 3, 4, 3, 2, 8, 7]
736983:[5, 3, 0, 3, 5, 2, 8, 5, 4, 0]
737429:[2, 8, 6, 3, 2, 8, 1, 0, 8, 5]
742774:[3, 3, 8, 2, 0, 3, 1, 2, 1, 8]
756874:[5, 9, 7, 2, 4, 1, 3, 6, 6, 1]
768164:[7, 1, 0, 3, 9, 6, 8, 3, 0, 5]
772593:[2, 5, 4, 5, 2, 8, 1, 3, 5, 8]
777432:[5, 7, 3, 4, 3, 3, 5, 6, 0, 4]
793509:[3, 3, 5, 0, 1, 3, 8, 4, 3, 7]
793549:[8, 8, 6, 1, 5, 3, 3, 0, 0, 7]
821322:[2, 7, 9, 0, 4, 7, 1, 8, 0, 0]
830740:[0, 7, 7, 6, 2, 9, 1, 2, 3, 3]
836931:[4, 9, 3, 0, 3, 6, 6, 6, 9, 0]
836964:[8, 2, 1, 2, 2, 1, 7, 2, 5, 8]
840267:[1, 8, 2, 2, 6, 7, 4, 9, 3, 3]
843748:[0, 6, 3, 2, 5, 6, 9, 0, 8, 1]
844308:[3, 1, 1, 1, 0, 8, 0, 3, 5, 9]
848631:[8, 2, 4, 3, 3, 9, 9, 5, 9, 9]
852969:[2, 8, 4, 4, 4, 1, 5, 4, 2, 0]
857636:[6, 5, 4, 4, 5, 3, 6, 4, 6, 5]
862230:[4, 0, 9, 3, 4, 8, 2, 7, 3, 2]
864503:[1, 7, 3, 1, 0, 5, 1, 9, 1, 8]
877845:[3, 1, 9, 7, 9, 5, 4, 3, 9, 0]
88223:[8, 6, 8, 5, 5, 0, 6, 2, 0, 3]
886780:[8, 6, 7, 1, 5, 7, 2, 9, 3, 7]
896346:[6, 4, 1, 6, 8, 9, 4, 5, 9, 7]
912746:[2, 7, 6, 1, 4, 2, 0, 3, 9, 2]
918724:[5, 9, 9, 8, 4, 7, 2, 1, 8, 3]
923362:[7, 6, 6, 0, 0, 9, 3, 9, 6, 0]
926927:[9, 5, 5, 0, 2, 3, 9, 3, 3, 3]
930347:[5, 6, 3, 7, 8, 4, 4, 3, 2, 7]
931156:[8, 4, 2, 8, 8, 7, 0, 7, 4, 9]
932994:[3, 4, 0, 0, 3, 0, 4, 1, 3, 2]
93407:[7, 6, 9, 7, 5, 8, 3, 1, 1, 4]
934833:[3, 3, 6, 9, 9, 9, 2, 4, 3, 5]
941871:[0, 9, 1, 2, 4, 3, 2, 8, 9, 2]
94462:[9, 5, 3, 3, 0, 0, 4, 4, 2, 1]
949170:[0, 2, 8, 3, 2, 6, 5, 2, 9, 5]
95166:[4, 2, 0, 7, 3, 0, 6, 1, 1, 6]
953080:[1, 9, 5, 2, 3, 8, 7, 6, 1, 0]
956786:[3, 3, 8, 8, 9, 0, 9, 9, 7, 6]
957138:[6, 9, 4, 7, 4, 3, 7, 3, 6, 1]
958917:[8, 7, 3, 2, 9, 1, 1, 7, 8, 2]
962661:[0, 6, 4, 4, 9, 2, 0, 6, 6, 1]
963115:[9, 8, 8, 1, 7, 3, 2, 2, 6, 2]
966112:[0, 2, 1, 1, 5, 2, 2, 6, 5, 1]
972653:[4, 9, 1, 0, 1, 0, 3, 8, 3, 8]
974093:[7, 9, 3, 0, 2, 3, 2, 0, 9, 7]
975048:[5, 1, 8, 4, 3, 5, 3, 8, 8, 4]
977026:[3, 2, 8, 4, 2, 7, 3, 2, 7, 6]
981343:[1, 3, 4, 3, 8, 4, 5, 4, 6, 2]
987752:[8, 1, 5, 5, 4, 2, 3, 2, 3, 8]
989959:[2, 7, 2, 4, 8, 2, 9, 6, 7, 7]
992694:[5, 6, 7, 2, 2, 7, 3, 0, 5, 4]
996832:[6, 4, 6, 5, 6, 0, 7, 7, 6, 0]
