1002504:[0, 6, 2, 7, 6, 2, 4, 0, 3, 1]
1076146:[5, 8, 5, 9, 8, 2, 2, 8, 3, 8]
1123060:[7, 0, 7, 8, 5, 8, 0, 5, 7, 4]
1163827:[5, 8, 4, 7, 5, 8, 2, 5, 4, 7]
1196198:[0, 6, 9, 6, 3, 9, 3, 3, 3, 9]
1197931:[6, 1, 4, 0, 6, 4, 5, 2, 1, 3]
1281494:[9, 9, 7, 0, 9, 7, 7, 5, 0, 6]
1291295:[1, 6, 5, 2, 5, 0, 7, 1, 1, 5]
1369163:[8, 0, 2, 4, 8, 3, 4, 7, 8, 3]
137397:[8, 2, 0, 3, 7, 9, 5, 3, 0, 7]
1375932:[9, 6, 0, 7, 3, 1, 6, 6, 3, 8]
1402002:[2, 3, 5, 5, 8, 6, 4, 2, 6, 3]
1413341:[8, 3, 6, 7, 3, 3, 6, 0, 8, 4]
1426669:[5, 0, 1, 9, 5, 1, 7, 9, 8, 1]
1430884:[2, 1, 3, 3, 6, 6, 9, 8, 1, 1]
1431030:[6, 6, 3, 8, 6, 8, 8, 8, 5, 9]
1449597:[7, 9, 6, 1, 3, 5, 4, 9, 3, 8]
1497364:[3, 4, 5, 9, 4, 9, 3, 1, 4, 9]
1588714:[6, 0, 0, 2, 2, 3, 1, 3, 2, 4]
1591438:[3, 0, 6, 8, 1, 2, 7, 9, 2, 8]
1632595:[7, 3, 9, 7, 9, 1, 0, 8, 1, 3]
1641602:[2, 9, 1, 3, 7, 8, 3, 5, 9, 1]
1644996:[7, 5, 1, 4, 5, 7, 8, 5, 5, 7]
1679813:[3, 6, 7, 8, 8, 0, 2, 7, 3, 5]
1703750:[7, 2, 5, 5, 7, 4, 3, 1, 0, 4]
1744652:[7, 2, 7, 2, 8, 3, 5, 1, 4, 5]
1764624:[3, 3, 9, 3, 8, 5, 6, 7, 0, 9]
177721:[3, 6, 1, 8, 6, 1, 0, 8, 1, 0]
1783078:[1, 2, 1, 6, 9, 8, 7, 0, 1, 5]
179465:[4, 2, 7, 3, 1, 6, 4, 8, 1, 5]
1819196:[0, 3, 5, 8, 5, 6, 0, 9, 1, 7]
1841373:[5, 5, 6, 5, 8, 5, 2, 5, 8, 3]
1861203:[0, 9, 5, 6, 7, 1, 6, 1, 7, 8]
1870261:[2, 1, 9, 3, 2, 2, 0, 6, 3, 8]
1875088:[2, 6, 5, 9, 6, 8, 3, 4, 6, 4]
2010913:[4, 0, 2, 9, 4, 9, 5, 6, 1, 8]
2036989:[6, 6, 3, 9, 5, 7, 6, 0, 8, 8]
2047704:[6, 9, 4, 0, 9, 9, 6, 3, 9, 1]
2059341:[9, 3, 2, 6, 8, 6, 6, 1, 2, 9]
208443:[4, 2, 7, 3, 5, 6, 0, 9, 0, 9]
2151738:[6, 5, 1, 7, 5, 0, 9, 5, 5, 8]
2165030:[3, 4, 9, 7, 0, 2, 8, 2, 1, 3]
2199710:[2, 3, 7, 8, 9, 1, 0, 7, 5, 8]
221738:[0, 8, 0, 9, 4, 7, 9, 7, 1, 3]
222570:[2, 9, 8, 3, 7, 6, 9, 0, 2, 5]
2229659:[9, 6, 4, 3, 9, 4, 8, 9, 1, 0]
2265361:[3, 2, 0, 9, 1, 3, 6, 1, 0, 5]
2281050:[2, 5, 9, 5, 2, 6, 1, 0, 6, 5]
2283194:[3, 8, 7, 2, 0, 2, 2, 5, 6, 2]
2362540:[1, 6, 2, 7, 6, 2, 2, 0, 3, 4]
2498814:[1, 6, 8, 1, 9, 2, 4, 7, 1, 4]
2513203:[5, 0, 0, 8, 0, 9, 7, 0, 4, 1]
2519154:[2, 9, 4, 6, 8, 7, 3, 5, 5, 3]
2532569:[5, 2, 7, 9, 0, 3, 6, 0, 5, 1]
2572430:[7, 4, 2, 5, 7, 4, 5, 8, 8, 3]
2676426:[0, 9, 4, 8, 1, 1, 9, 5, 4, 7]
2677461:[3, 0, 6, 2, 9, 5, 6, 5, 7, 2]
2680173:[8, 5, 4, 2, 8, 6, 5, 1, 4, 0]
2707097:[4, 2, 4, 6, 1, 2, 2, 1, 4, 5]
2730255:[3, 3, 8, 8, 3, 2, 1, 8, 7, 8]
2744353:[1, 8, 3, 3, 6, 7, 5, 2, 3, 4]
2745818:[6, 7, 9, 5, 1, 3, 7, 6, 1, 0]
2802074:[7, 4, 2, 0, 3, 2, 5, 8, 1, 5]
2843547:[6, 5, 9, 3, 2, 2, 3, 0, 7, 6]
284422:[1, 1, 8, 9, 4, 4, 9, 3, 6, 0]
2857255:[7, 2, 3, 4, 3, 0, 4, 4, 6, 9]
2871589:[6, 2, 0, 8, 3, 8, 2, 5, 4, 3]
2881484:[4, 7, 6, 2, 5, 9, 9, 4, 6, 8]
2941099:[0, 2, 5, 1, 0, 1, 6, 1, 5, 9]
294552:[9, 3, 7, 8, 0, 0, 7, 5, 4, 2]
2985573:[8, 3, 4, 3, 8, 6, 4, 3, 5, 1]
2987587:[1, 7, 1, 7, 4, 1, 6, 3, 0, 6]
3038256:[2, 0, 8, 7, 3, 2, 9, 2, 6, 3]
3056232:[8, 4, 5, 9, 6, 3, 3, 2, 6, 4]
309824:[2, 0, 9, 8, 3, 8, 0, 4, 5, 2]
3100898:[7, 8, 8, 8, 3, 2, 8, 6, 6, 8]
3200576:[8, 5, 5, 1, 7, 5, 1, 9, 4, 0]
3204307:[6, 9, 5, 7, 5, 9, 3, 4, 7, 0]
3259240:[8, 2, 5, 1, 8, 4, 5, 6, 9, 6]
330433:[6, 5, 2, 0, 4, 8, 9, 8, 0, 1]
347084:[1, 3, 6, 8, 5, 3, 0, 1, 9, 5]
350494:[4, 6, 4, 5, 6, 1, 8, 7, 8, 9]
387696:[0, 2, 2, 0, 3, 0, 7, 4, 8, 9]
389319:[2, 3, 7, 0, 2, 0, 1, 8, 6, 8]
450194:[7, 6, 6, 3, 6, 6, 7, 2, 5, 1]
458302:[7, 2, 6, 8, 2, 3, 2, 9, 1, 5]
592413:[8, 7, 0, 3, 0, 3, 9, 5, 5, 1]
62924:[5, 2, 8, 4, 0, 0, 9, 8, 0, 6]
700122:[4, 4, 0, 4, 4, 0, 0, 0, 0, 8]
701289:[2, 4, 3, 3, 8, 1, 8, 0, 2, 5]
708627:[0, 4, 3, 6, 3, 5, 8, 9, 6, 1]
732213:[5, 8, 6, 6, 2, 2, 7, 2, 5, 2]
744507:[2, 3, 5, 4, 5, 3, 7, 5, 8, 4]
770911:[0, 7, 8, 7, 1, 4, 6, 3, 9, 3]
786340:[0, 8, 6, 0, 1, 8, 8, 5, 0, 1]
78833:[8, 6, 3, 7, 5, 6, 7, 2, 0, 7]
84302:[2, 9, 0, 9, 1, 5, 5, 9, 1, 3]
890960:[3, 1, 1, 9, 2, 1, 6, 1, 4, 8]
976494:[2, 5, 8, 0, 2, 3, 9, 2, 2, 8]
993941:[0, 7, 5, 0, 0, 8, 7, 1, 2, 1]
