1030083:[9, 7, 9, 0, 9, 2, 4, 0, 3, 2]
1067545:[9, 1, 0, 1, 0, 2, 2, 7, 3, 5]
1083698:[6, 5, 1, 7, 3, 3, 2, 0, 8, 2]
1166590:[5, 2, 9, 9, 6, 7, 7, 8, 4, 4]
1209336:[3, 4, 3, 5, 2, 7, 4, 4, 5, 0]
1214792:[7, 2, 4, 6, 6, 5, 9, 0, 6, 5]
1228417:[0, 4, 0, 9, 4, 8, 9, 5, 9, 7]
130411:[6, 7, 2, 5, 6, 7, 6, 1, 2, 7]
1327538:[5, 4, 3, 0, 8, 9, 8, 8, 7, 3]
1346663:[0, 4, 2, 6, 3, 5, 5, 6, 6, 2]
1368261:[0, 6, 0, 8, 5, 7, 9, 6, 5, 2]
1385105:[4, 2, 2, 7, 0, 4, 7, 9, 5, 2]
1442930:[1, 6, 1, 7, 9, 0, 7, 0, 9, 4]
1453188:[8, 6, 4, 0, 6, 3, 3, 7, 5, 4]
1455367:[5, 3, 2, 9, 5, 6, 7, 7, 8, 1]
1463692:[9, 7, 8, 3, 5, 8, 4, 1, 9, 9]
1512889:[3, 3, 0, 0, 5, 9, 0, 6, 5, 5]
1514947:[0, 5, 0, 1, 8, 0, 2, 7, 1, 8]
152502:[2, 2, 4, 4, 1, 5, 5, 3, 4, 5]
1533186:[5, 9, 4, 4, 8, 0, 9, 1, 8, 5]
1539717:[4, 4, 7, 5, 7, 7, 5, 0, 8, 4]
1610747:[3, 5, 5, 2, 2, 2, 7, 0, 1, 5]
1690388:[9, 2, 9, 3, 0, 9, 7, 8, 4, 0]
1718499:[8, 9, 4, 9, 8, 6, 2, 2, 7, 2]
1739172:[7, 8, 8, 3, 5, 2, 9, 5, 0, 1]
1743301:[5, 9, 0, 3, 5, 3, 0, 6, 2, 0]
1757726:[9, 5, 9, 7, 9, 3, 9, 4, 0, 9]
1780898:[9, 3, 8, 9, 1, 7, 3, 4, 5, 8]
1841918:[6, 3, 4, 2, 3, 7, 7, 9, 2, 2]
1892033:[8, 3, 0, 0, 4, 0, 7, 0, 4, 4]
1927012:[8, 7, 7, 1, 4, 1, 0, 0, 2, 8]
1946901:[0, 6, 8, 4, 4, 7, 9, 0, 6, 7]
1981416:[1, 5, 1, 0, 2, 6, 3, 3, 8, 3]
2005475:[9, 4, 9, 7, 8, 8, 7, 8, 1, 4]
2024570:[4, 7, 3, 3, 7, 9, 5, 7, 4, 3]
2029493:[6, 8, 6, 6, 7, 6, 6, 3, 9, 3]
2048053:[5, 1, 8, 9, 2, 5, 7, 0, 1, 0]
2124061:[1, 1, 9, 3, 1, 1, 9, 8, 4, 3]
2170461:[0, 5, 9, 0, 4, 0, 4, 2, 0, 8]
2241351:[0, 2, 6, 2, 3, 4, 7, 0, 0, 0]
2267839:[4, 5, 6, 2, 2, 8, 1, 3, 8, 2]
229754:[9, 6, 5, 6, 9, 1, 2, 0, 6, 7]
2327942:[0, 6, 7, 1, 2, 0, 8, 0, 0, 2]
2361424:[2, 4, 2, 3, 5, 5, 0, 2, 0, 0]
2449028:[3, 3, 5, 5, 7, 7, 1, 0, 1, 2]
251472:[6, 2, 4, 4, 0, 7, 8, 3, 8, 2]
252351:[7, 5, 3, 7, 1, 0, 3, 2, 3, 6]
252970:[5, 1, 7, 3, 9, 8, 1, 8, 3, 0]
2532550:[4, 8, 7, 1, 1, 7, 1, 7, 4, 6]
2635278:[4, 8, 6, 8, 7, 9, 0, 1, 2, 6]
2807306:[0, 9, 9, 0, 1, 0, 4, 3, 7, 7]
2829998:[1, 7, 8, 4, 4, 8, 1, 1, 4, 0]
2909608:[9, 5, 9, 0, 7, 5, 4, 6, 8, 1]
2942610:[0, 1, 4, 9, 0, 5, 0, 4, 3, 1]
2965438:[8, 1, 4, 9, 9, 7, 8, 7, 8, 0]
3012020:[8, 7, 3, 6, 5, 0, 3, 5, 4, 8]
3018876:[5, 2, 7, 8, 4, 5, 6, 1, 2, 2]
3023692:[4, 3, 2, 8, 1, 9, 1, 8, 8, 0]
3032074:[5, 4, 5, 2, 2, 5, 1, 1, 5, 0]
3037567:[5, 9, 8, 9, 8, 3, 6, 9, 7, 2]
3071580:[3, 9, 3, 2, 2, 6, 4, 0, 4, 8]
310190:[6, 6, 7, 5, 6, 9, 8, 0, 3, 7]
3133394:[6, 8, 4, 4, 3, 8, 5, 6, 3, 7]
3139449:[0, 0, 6, 3, 6, 3, 3, 1, 6, 9]
314585:[3, 3, 5, 5, 7, 7, 1, 0, 1, 2]
330824:[3, 3, 1, 6, 5, 3, 4, 1, 0, 4]
435042:[8, 9, 6, 4, 2, 6, 0, 4, 9, 1]
457733:[7, 6, 7, 5, 2, 8, 3, 4, 4, 2]
472916:[6, 9, 4, 3, 8, 3, 6, 1, 2, 7]
49695:[0, 2, 8, 0, 0, 2, 8, 9, 8, 5]
524204:[8, 5, 8, 9, 2, 8, 4, 6, 3, 9]
544019:[0, 1, 4, 9, 3, 1, 9, 0, 5, 3]
657883:[2, 2, 8, 9, 0, 3, 1, 8, 7, 3]
696582:[9, 6, 2, 3, 9, 8, 2, 3, 0, 9]
69664:[5, 1, 4, 7, 2, 2, 5, 3, 8, 8]
698186:[3, 4, 2, 3, 0, 6, 1, 9, 9, 4]
762326:[5, 4, 4, 0, 9, 7, 2, 1, 2, 0]
888667:[0, 1, 2, 2, 4, 2, 8, 6, 4, 3]
896476:[4, 7, 2, 6, 2, 1, 9, 0, 7, 4]
906955:[6, 9, 4, 3, 8, 3, 7, 1, 2, 7]
925444:[5, 4, 0, 7, 9, 1, 6, 2, 1, 3]
