1046326:[2, 7, 7, 1, 1, 5, 4, 9, 9, 9]
1150641:[1, 6, 0, 3, 6, 9, 9, 2, 3, 6]
1842511:[6, 9, 1, 5, 3, 1, 6, 1, 4, 9]
1874648:[2, 7, 5, 5, 2, 7, 5, 7, 6, 3]
2205918:[4, 4, 6, 4, 4, 2, 8, 5, 3, 3]
228357:[5, 2, 2, 5, 5, 7, 7, 5, 8, 0]
2381675:[7, 6, 8, 9, 5, 7, 4, 9, 1, 1]
2399214:[0, 8, 2, 2, 6, 8, 7, 3, 7, 4]
2441622:[3, 6, 5, 6, 0, 3, 5, 5, 8, 8]
2491478:[0, 7, 6, 7, 1, 7, 4, 7, 2, 7]
2789231:[3, 1, 4, 2, 9, 4, 6, 4, 8, 2]
2802198:[5, 1, 3, 5, 4, 4, 1, 0, 0, 7]
2985963:[7, 7, 0, 7, 3, 0, 9, 2, 5, 8]
3034276:[1, 0, 1, 1, 9, 2, 0, 1, 5, 8]
324229:[7, 6, 8, 5, 1, 7, 3, 1, 7, 6]
3257220:[2, 1, 8, 9, 3, 9, 7, 7, 6, 1]
399638:[8, 5, 4, 5, 3, 4, 9, 0, 7, 4]
442894:[4, 5, 4, 3, 3, 6, 4, 5, 1, 7]
