1246783:[9, 0, 2, 0, 5, 4, 7, 5, 7, 3]
1368411:[8, 8, 9, 8, 4, 8, 5, 5, 3, 1]
1498420:[1, 7, 8, 2, 5, 8, 8, 4, 5, 2]
1499934:[0, 9, 6, 6, 2, 6, 1, 0, 6, 4]
1542346:[7, 1, 9, 1, 7, 3, 3, 2, 5, 2]
1739594:[2, 6, 9, 4, 4, 1, 0, 2, 1, 4]
2190276:[8, 3, 5, 8, 5, 7, 7, 8, 3, 5]
2224645:[5, 5, 9, 4, 4, 4, 6, 1, 2, 3]
2529734:[6, 3, 0, 8, 4, 2, 7, 6, 9, 6]
2647650:[8, 1, 2, 0, 1, 0, 4, 5, 9, 9]
2651739:[3, 4, 1, 8, 2, 2, 7, 0, 5, 5]
295862:[5, 3, 2, 0, 3, 6, 0, 6, 5, 1]
3114697:[3, 3, 4, 3, 5, 6, 3, 8, 2, 7]
