1009035:[3, 7, 7, 2, 6, 1, 3, 2, 8, 9]
1073077:[9, 5, 8, 0, 8, 2, 4, 0, 7, 7]
1159214:[0, 7, 9, 6, 9, 3, 8, 2, 7, 5]
1213190:[1, 3, 4, 2, 2, 2, 9, 8, 9, 7]
1231017:[0, 8, 4, 4, 9, 1, 0, 6, 9, 4]
1299781:[2, 3, 8, 5, 3, 6, 7, 8, 0, 6]
1360731:[8, 1, 9, 5, 9, 4, 3, 6, 3, 0]
1453592:[4, 4, 7, 5, 8, 3, 2, 7, 6, 2]
1536442:[6, 2, 3, 5, 9, 1, 6, 4, 0, 8]
1640362:[7, 9, 2, 7, 5, 9, 7, 1, 9, 2]
1805351:[9, 1, 4, 2, 0, 5, 0, 5, 1, 7]
1824086:[1, 2, 0, 7, 8, 6, 3, 7, 4, 8]
1862226:[9, 4, 5, 7, 5, 8, 1, 0, 7, 1]
1908833:[0, 5, 0, 5, 7, 5, 0, 3, 0, 1]
1984447:[3, 0, 7, 6, 6, 9, 5, 4, 2, 9]
2015274:[8, 8, 5, 0, 1, 7, 1, 5, 9, 6]
2021337:[3, 6, 3, 4, 5, 2, 8, 3, 8, 9]
2036908:[4, 9, 3, 1, 0, 6, 6, 1, 7, 3]
2115435:[2, 2, 9, 6, 7, 2, 7, 5, 8, 3]
2288769:[3, 9, 8, 4, 1, 6, 4, 7, 4, 3]
2291954:[9, 2, 7, 2, 5, 6, 1, 0, 2, 5]
2328011:[2, 0, 1, 9, 9, 2, 8, 2, 9, 8]
2480162:[5, 0, 0, 2, 2, 0, 6, 2, 2, 9]
2512045:[1, 9, 4, 9, 7, 7, 6, 1, 5, 9]
2615060:[6, 1, 8, 6, 1, 9, 4, 2, 1, 5]
2816993:[7, 1, 8, 6, 4, 1, 9, 4, 6, 8]
2950043:[5, 4, 0, 8, 2, 5, 4, 1, 6, 7]
2978255:[8, 7, 2, 5, 1, 7, 3, 7, 3, 4]
3154806:[3, 6, 0, 7, 3, 8, 2, 6, 1, 5]
3185919:[1, 8, 4, 8, 4, 6, 6, 0, 7, 6]
3216288:[5, 3, 9, 5, 2, 2, 3, 1, 5, 4]
3239544:[2, 7, 8, 8, 6, 4, 7, 5, 0, 4]
373402:[2, 5, 7, 4, 6, 8, 6, 6, 3, 1]
444729:[9, 4, 5, 7, 5, 8, 1, 0, 7, 1]
523475:[6, 5, 3, 7, 3, 8, 1, 6, 0, 0]
52894:[7, 0, 8, 8, 0, 3, 1, 2, 0, 6]
550623:[3, 9, 9, 2, 4, 6, 7, 2, 9, 6]
672637:[6, 0, 5, 9, 2, 0, 1, 6, 0, 7]
765007:[4, 3, 1, 9, 3, 4, 0, 9, 7, 0]
882661:[1, 6, 5, 9, 9, 6, 9, 9, 5, 6]
906109:[8, 9, 7, 4, 9, 2, 0, 9, 5, 3]
906914:[8, 0, 3, 7, 7, 4, 7, 4, 9, 6]
933573:[4, 6, 8, 6, 1, 4, 7, 0, 6, 8]
967700:[6, 0, 5, 9, 8, 9, 7, 3, 4, 8]
970331:[9, 3, 8, 8, 4, 2, 0, 4, 8, 6]
984372:[7, 4, 9, 6, 2, 7, 0, 6, 8, 1]
989691:[8, 7, 2, 5, 1, 7, 3, 7, 3, 4]
