1007281:[7, 2, 1, 8, 4, 8, 2, 1, 0, 4]
1025737:[0, 4, 8, 9, 1, 9, 8, 2, 2, 0]
1035494:[5, 4, 5, 8, 7, 9, 3, 6, 0, 3]
1036003:[3, 5, 5, 5, 6, 4, 1, 5, 6, 0]
1037889:[2, 1, 7, 8, 4, 3, 4, 8, 4, 7]
1040411:[9, 2, 7, 5, 8, 3, 8, 6, 4, 7]
1041452:[9, 2, 2, 3, 8, 9, 3, 9, 9, 8]
1044102:[9, 6, 6, 0, 3, 4, 0, 8, 7, 6]
1044134:[6, 2, 4, 9, 7, 1, 7, 2, 9, 8]
1044242:[2, 9, 7, 3, 2, 0, 4, 4, 0, 2]
1049248:[8, 4, 7, 1, 1, 1, 4, 0, 9, 5]
1051856:[1, 0, 1, 4, 4, 7, 1, 9, 7, 2]
1057926:[8, 5, 2, 3, 6, 9, 4, 4, 9, 7]
1058691:[0, 7, 8, 7, 8, 2, 8, 6, 2, 2]
105987:[3, 5, 7, 9, 9, 7, 6, 6, 3, 5]
106478:[0, 3, 7, 7, 9, 4, 5, 6, 0, 9]
1072085:[0, 7, 2, 8, 6, 8, 1, 5, 3, 3]
1086275:[8, 6, 9, 0, 0, 6, 3, 5, 1, 5]
109194:[2, 3, 8, 9, 4, 1, 7, 0, 5, 0]
1094151:[8, 4, 1, 5, 7, 7, 8, 6, 5, 8]
1098061:[7, 0, 9, 2, 4, 0, 4, 8, 3, 9]
1100873:[3, 3, 2, 2, 2, 2, 6, 3, 0, 6]
1101744:[2, 1, 9, 8, 2, 3, 1, 7, 7, 1]
110923:[1, 9, 0, 4, 8, 9, 4, 6, 0, 3]
1111408:[8, 9, 9, 9, 7, 9, 1, 4, 2, 7]
1118372:[3, 4, 0, 3, 0, 4, 0, 3, 8, 2]
1123783:[2, 6, 0, 4, 6, 9, 5, 8, 4, 1]
1124542:[4, 0, 0, 9, 2, 3, 9, 6, 0, 3]
1127979:[2, 0, 0, 2, 8, 1, 5, 2, 0, 0]
1135925:[7, 1, 7, 6, 7, 9, 6, 4, 4, 7]
1137489:[9, 8, 3, 0, 0, 2, 6, 9, 1, 5]
1139067:[3, 9, 1, 1, 9, 4, 6, 3, 1, 6]
1140552:[8, 1, 8, 1, 9, 6, 6, 3, 7, 1]
1147926:[0, 1, 6, 3, 4, 0, 4, 7, 3, 2]
11594:[0, 5, 4, 5, 9, 7, 8, 0, 3, 9]
116537:[1, 8, 8, 1, 1, 5, 8, 6, 4, 3]
1167414:[8, 8, 9, 1, 2, 9, 2, 9, 1, 8]
1168693:[8, 6, 9, 5, 9, 8, 7, 5, 8, 8]
1171057:[4, 8, 6, 9, 8, 9, 5, 2, 3, 9]
1177953:[5, 0, 2, 7, 3, 3, 2, 0, 4, 8]
1181258:[2, 3, 9, 7, 7, 7, 2, 8, 0, 3]
1185266:[1, 5, 3, 4, 0, 5, 5, 7, 2, 2]
118814:[8, 9, 2, 9, 9, 3, 4, 7, 8, 5]
1188651:[8, 8, 7, 9, 6, 1, 9, 9, 3, 7]
1189598:[6, 5, 8, 5, 7, 1, 9, 3, 7, 2]
1194801:[1, 8, 8, 3, 5, 9, 1, 7, 4, 0]
1202813:[4, 1, 7, 6, 9, 9, 6, 5, 4, 4]
1209468:[1, 8, 6, 5, 9, 9, 1, 9, 5, 8]
1213524:[9, 6, 5, 0, 6, 9, 6, 0, 8, 6]
1216563:[6, 1, 0, 0, 0, 3, 2, 9, 3, 4]
1234177:[2, 9, 1, 1, 8, 4, 8, 6, 4, 8]
1237332:[8, 0, 7, 1, 0, 8, 9, 2, 6, 5]
1242732:[4, 9, 5, 3, 2, 5, 8, 6, 5, 1]
1244606:[0, 9, 0, 1, 1, 7, 5, 2, 9, 6]
1248415:[8, 0, 0, 4, 6, 8, 8, 1, 9, 5]
1252847:[3, 9, 3, 2, 3, 1, 3, 7, 8, 1]
1255557:[6, 9, 0, 7, 1, 1, 3, 3, 5, 0]
1258498:[4, 5, 7, 4, 1, 4, 6, 8, 6, 5]
1259918:[6, 6, 5, 2, 1, 2, 0, 3, 0, 8]
1264642:[7, 7, 2, 9, 7, 2, 6, 1, 9, 6]
1266843:[3, 3, 8, 9, 5, 1, 6, 3, 6, 3]
1266951:[4, 0, 5, 0, 3, 9, 1, 3, 5, 8]
1272138:[5, 5, 8, 9, 4, 9, 9, 2, 2, 4]
1275113:[5, 1, 3, 7, 0, 7, 5, 6, 5, 5]
127978:[8, 6, 9, 3, 8, 8, 0, 7, 3, 8]
1302320:[9, 2, 0, 1, 9, 7, 3, 9, 0, 4]
1304413:[1, 4, 0, 6, 0, 1, 7, 2, 0, 0]
1305291:[3, 5, 5, 0, 8, 7, 1, 0, 2, 3]
1307303:[8, 2, 1, 4, 7, 9, 2, 2, 3, 6]
1307679:[2, 6, 8, 1, 4, 6, 0, 0, 3, 7]
131088:[1, 8, 2, 7, 8, 1, 9, 7, 6, 8]
1317751:[1, 7, 2, 4, 6, 6, 0, 7, 3, 6]
1318398:[4, 8, 5, 1, 5, 0, 2, 6, 9, 8]
1329694:[8, 9, 4, 1, 6, 5, 6, 0, 3, 1]
1330010:[1, 8, 4, 5, 5, 8, 7, 2, 1, 1]
1332027:[0, 8, 1, 7, 2, 8, 3, 9, 4, 4]
1336001:[9, 8, 4, 7, 1, 6, 9, 5, 0, 0]
1339164:[4, 4, 7, 6, 1, 1, 8, 2, 7, 8]
1342886:[3, 7, 9, 4, 2, 2, 3, 7, 1, 8]
1366959:[4, 8, 7, 0, 3, 4, 2, 5, 2, 3]
1372707:[1, 1, 5, 7, 5, 9, 6, 5, 4, 7]
1388825:[9, 6, 4, 8, 7, 4, 7, 0, 4, 9]
1389456:[0, 8, 8, 6, 2, 6, 7, 2, 9, 4]
1391506:[2, 8, 9, 5, 4, 9, 0, 5, 3, 0]
1397437:[0, 0, 0, 1, 6, 2, 1, 5, 3, 2]
140384:[2, 6, 2, 3, 9, 4, 6, 0, 9, 2]
1405467:[3, 8, 1, 6, 8, 4, 1, 0, 5, 0]
1408587:[6, 0, 6, 1, 3, 6, 9, 9, 2, 9]
1410196:[0, 9, 7, 5, 5, 0, 7, 4, 4, 6]
1415487:[0, 9, 7, 0, 9, 8, 2, 5, 5, 2]
1418472:[8, 7, 3, 2, 3, 3, 8, 4, 4, 8]
1424006:[2, 3, 0, 4, 5, 4, 5, 0, 5, 4]
142577:[3, 8, 2, 0, 1, 5, 7, 2, 0, 0]
1429913:[4, 3, 8, 8, 0, 4, 5, 3, 4, 8]
1430878:[2, 9, 9, 4, 3, 6, 5, 5, 6, 1]
1431133:[1, 0, 9, 8, 0, 1, 8, 7, 4, 9]
1435410:[7, 7, 3, 7, 4, 9, 6, 1, 0, 8]
1439542:[6, 9, 4, 7, 6, 2, 7, 8, 6, 3]
1439866:[4, 4, 8, 1, 9, 3, 1, 9, 1, 1]
1441310:[1, 9, 2, 0, 0, 4, 3, 5, 0, 0]
1447391:[5, 8, 0, 4, 2, 9, 8, 9, 5, 7]
1448347:[2, 2, 2, 0, 1, 0, 2, 0, 8, 6]
1453650:[8, 7, 9, 9, 3, 0, 3, 6, 6, 4]
1460816:[8, 6, 1, 5, 0, 6, 8, 9, 4, 8]
1466784:[1, 4, 5, 9, 6, 3, 7, 4, 2, 3]
147023:[4, 7, 3, 4, 4, 5, 6, 9, 1, 4]
1470728:[8, 0, 4, 9, 0, 1, 5, 5, 3, 8]
1473253:[7, 6, 7, 4, 0, 6, 4, 7, 0, 8]
1474609:[1, 3, 9, 1, 7, 7, 1, 5, 7, 0]
1476209:[3, 9, 3, 8, 9, 1, 9, 5, 6, 8]
1478781:[0, 6, 3, 4, 8, 3, 5, 3, 0, 6]
1483680:[0, 0, 6, 3, 1, 1, 7, 0, 2, 0]
1491924:[8, 5, 4, 2, 5, 9, 7, 5, 8, 9]
1493421:[3, 1, 3, 0, 6, 3, 4, 0, 6, 6]
1497761:[0, 8, 3, 1, 5, 3, 0, 6, 2, 5]
1500410:[0, 5, 7, 4, 4, 4, 8, 9, 0, 0]
1507136:[0, 6, 3, 1, 9, 9, 4, 3, 2, 6]
151407:[6, 4, 4, 0, 0, 0, 4, 3, 3, 8]
1522180:[3, 3, 7, 1, 8, 6, 8, 1, 0, 3]
1526442:[5, 7, 1, 0, 0, 1, 3, 3, 5, 1]
1531466:[0, 3, 8, 5, 8, 5, 4, 3, 6, 0]
1532557:[3, 4, 7, 1, 9, 2, 8, 3, 8, 0]
153609:[9, 1, 0, 1, 1, 0, 8, 7, 8, 8]
1540888:[4, 6, 2, 0, 7, 9, 9, 1, 5, 2]
154435:[1, 3, 8, 6, 6, 6, 8, 2, 2, 9]
1546180:[8, 9, 1, 3, 4, 4, 7, 2, 9, 5]
1551222:[2, 1, 5, 5, 3, 3, 9, 3, 2, 3]
1555538:[1, 7, 5, 1, 7, 7, 0, 6, 0, 3]
156407:[0, 8, 6, 4, 2, 2, 6, 0, 8, 6]
1567759:[4, 3, 9, 4, 6, 7, 0, 2, 2, 3]
1568204:[0, 7, 8, 3, 2, 6, 8, 8, 2, 6]
1574608:[1, 0, 9, 2, 2, 6, 8, 8, 9, 6]
1576526:[1, 1, 4, 3, 9, 5, 2, 6, 0, 1]
1579993:[6, 7, 6, 7, 3, 4, 2, 6, 7, 0]
1591135:[1, 2, 9, 0, 2, 5, 2, 9, 7, 3]
1592569:[1, 8, 1, 5, 6, 5, 5, 1, 3, 7]
1601289:[1, 2, 6, 5, 2, 9, 1, 5, 4, 2]
1609610:[3, 3, 8, 9, 2, 8, 1, 5, 3, 8]
1617155:[1, 2, 8, 4, 0, 6, 4, 7, 2, 3]
1617419:[7, 0, 3, 7, 6, 4, 5, 6, 4, 5]
1619786:[1, 9, 5, 5, 4, 8, 1, 5, 2, 0]
1625112:[6, 8, 3, 5, 7, 9, 1, 2, 3, 2]
163002:[3, 9, 5, 8, 6, 3, 7, 2, 8, 2]
1633784:[1, 7, 9, 8, 2, 8, 2, 9, 5, 3]
165166:[6, 8, 5, 0, 1, 4, 7, 5, 8, 6]
165375:[1, 3, 7, 8, 2, 4, 8, 2, 9, 3]
1658168:[5, 2, 6, 8, 8, 0, 9, 7, 0, 4]
1661123:[5, 1, 0, 2, 1, 3, 3, 0, 6, 8]
1664477:[2, 3, 1, 1, 2, 3, 2, 6, 5, 4]
166789:[1, 8, 9, 0, 3, 6, 8, 6, 5, 1]
1669213:[0, 2, 3, 8, 9, 9, 0, 3, 8, 2]
1670547:[8, 2, 1, 3, 2, 9, 7, 0, 1, 2]
1671653:[0, 5, 3, 6, 8, 4, 0, 5, 2, 9]
1674616:[5, 9, 7, 6, 9, 1, 3, 8, 0, 6]
1676838:[0, 6, 4, 2, 0, 6, 6, 7, 3, 6]
1679562:[6, 9, 4, 6, 0, 4, 6, 4, 2, 2]
1682448:[0, 8, 5, 5, 2, 2, 7, 5, 4, 2]
168838:[1, 6, 5, 0, 5, 3, 1, 5, 0, 2]
1691759:[4, 1, 8, 3, 3, 4, 0, 0, 2, 1]
1702968:[5, 6, 4, 6, 7, 7, 5, 0, 3, 0]
1704266:[9, 9, 0, 3, 7, 9, 9, 3, 7, 7]
1704398:[9, 9, 5, 5, 1, 9, 0, 0, 7, 0]
1705945:[2, 0, 9, 6, 1, 1, 7, 9, 5, 4]
1708520:[3, 8, 3, 4, 3, 5, 3, 0, 4, 2]
1714700:[1, 3, 0, 9, 7, 4, 1, 6, 8, 6]
1715171:[2, 7, 7, 4, 4, 1, 2, 3, 2, 4]
1716533:[2, 0, 5, 0, 2, 3, 4, 7, 5, 5]
1720423:[2, 6, 5, 7, 8, 4, 7, 8, 4, 2]
1729992:[2, 6, 1, 9, 0, 8, 0, 9, 8, 2]
173533:[2, 4, 4, 7, 5, 1, 0, 8, 3, 6]
1735658:[3, 9, 8, 5, 8, 6, 9, 5, 5, 0]
1740126:[1, 9, 1, 5, 1, 9, 7, 9, 4, 7]
1740138:[0, 3, 9, 7, 3, 2, 4, 5, 3, 0]
1744131:[0, 0, 9, 2, 2, 5, 1, 1, 6, 3]
1750565:[8, 4, 6, 9, 9, 4, 4, 0, 0, 5]
1776539:[8, 0, 1, 1, 7, 9, 4, 2, 5, 0]
1790731:[8, 6, 6, 7, 5, 3, 9, 5, 5, 1]
1807285:[1, 3, 4, 6, 7, 8, 0, 2, 8, 4]
1814275:[0, 0, 6, 1, 5, 2, 2, 3, 6, 2]
1834730:[3, 0, 7, 4, 3, 1, 0, 4, 5, 2]
1835161:[3, 0, 6, 9, 9, 0, 2, 0, 3, 6]
1841679:[1, 0, 6, 6, 0, 4, 7, 9, 1, 4]
184446:[1, 9, 9, 7, 5, 4, 8, 2, 9, 5]
1849859:[0, 4, 1, 6, 7, 0, 7, 5, 1, 1]
1856819:[8, 9, 7, 0, 6, 6, 3, 2, 3, 6]
1865086:[4, 1, 3, 8, 4, 3, 8, 7, 0, 5]
1869254:[2, 6, 0, 9, 0, 0, 5, 6, 5, 7]
1881096:[3, 4, 1, 1, 3, 7, 3, 7, 2, 7]
1889864:[7, 7, 8, 6, 7, 7, 9, 4, 6, 7]
1890596:[0, 9, 3, 4, 1, 1, 7, 1, 9, 4]
1909409:[9, 4, 7, 7, 3, 2, 1, 5, 3, 0]
1912489:[8, 6, 4, 3, 3, 2, 2, 8, 4, 2]
1918306:[2, 3, 9, 0, 2, 8, 8, 9, 4, 6]
1918862:[6, 2, 7, 4, 2, 5, 9, 1, 6, 7]
1933773:[3, 7, 7, 8, 6, 2, 0, 2, 0, 0]
1940284:[8, 1, 3, 3, 8, 8, 8, 9, 6, 0]
1942757:[2, 8, 1, 7, 5, 4, 1, 6, 3, 1]
1944307:[9, 8, 5, 2, 5, 9, 4, 5, 0, 9]
1945796:[0, 3, 9, 9, 4, 3, 2, 3, 3, 6]
1948227:[6, 9, 7, 6, 6, 9, 9, 9, 4, 0]
1948791:[1, 4, 7, 4, 9, 2, 3, 0, 0, 4]
1956958:[7, 4, 6, 8, 6, 0, 1, 1, 3, 2]
1958871:[2, 5, 5, 1, 8, 4, 2, 2, 8, 6]
196422:[3, 9, 5, 5, 8, 7, 8, 6, 3, 3]
197269:[8, 1, 0, 9, 7, 4, 5, 0, 4, 4]
1973327:[1, 8, 1, 5, 0, 5, 8, 2, 4, 4]
1979039:[5, 1, 2, 7, 6, 9, 1, 8, 8, 6]
197936:[1, 0, 7, 0, 7, 1, 8, 6, 9, 0]
1980913:[3, 2, 3, 8, 8, 6, 7, 1, 3, 0]
1985430:[3, 7, 8, 7, 0, 0, 1, 0, 6, 6]
1987666:[9, 7, 6, 0, 0, 1, 0, 0, 1, 9]
1989350:[1, 3, 8, 7, 6, 5, 0, 8, 4, 1]
1996203:[5, 8, 5, 7, 4, 3, 1, 5, 4, 7]
2003316:[3, 7, 9, 6, 5, 6, 8, 2, 9, 0]
2003859:[9, 0, 3, 6, 4, 2, 7, 7, 9, 5]
2005852:[2, 9, 3, 0, 1, 6, 3, 3, 1, 4]
2006128:[1, 7, 3, 2, 4, 6, 7, 2, 0, 7]
2006393:[2, 5, 6, 8, 1, 9, 8, 0, 6, 9]
2020344:[1, 0, 2, 7, 0, 2, 8, 2, 8, 0]
2025768:[3, 2, 4, 3, 8, 8, 5, 0, 4, 5]
2025945:[8, 3, 4, 2, 2, 5, 9, 1, 2, 7]
2033350:[0, 3, 2, 8, 3, 2, 5, 2, 6, 2]
2041108:[3, 3, 7, 7, 7, 2, 8, 5, 2, 0]
2046595:[3, 8, 6, 9, 7, 6, 9, 7, 2, 2]
2053010:[0, 3, 1, 7, 3, 1, 7, 9, 0, 8]
2053:[9, 3, 1, 6, 7, 1, 2, 9, 6, 9]
206551:[5, 2, 9, 5, 9, 3, 5, 3, 1, 7]
2067474:[9, 3, 7, 3, 9, 7, 6, 7, 6, 1]
2083641:[3, 3, 1, 0, 7, 4, 9, 5, 0, 0]
2084437:[7, 6, 3, 4, 4, 1, 5, 0, 0, 1]
2089727:[2, 9, 8, 1, 1, 3, 6, 7, 4, 2]
2089786:[6, 6, 8, 5, 5, 4, 0, 0, 3, 8]
2093877:[3, 6, 3, 6, 5, 8, 9, 5, 4, 7]
2098229:[9, 6, 2, 3, 7, 1, 1, 3, 1, 7]
2100253:[1, 4, 3, 9, 1, 6, 0, 0, 7, 2]
2102515:[7, 6, 7, 1, 2, 5, 2, 2, 5, 8]
2109911:[0, 4, 1, 0, 3, 0, 8, 5, 8, 2]
2110019:[8, 4, 4, 3, 3, 4, 8, 2, 2, 8]
2112387:[1, 2, 8, 8, 7, 3, 1, 2, 5, 6]
2119672:[0, 9, 4, 6, 0, 9, 7, 9, 4, 2]
2123561:[8, 7, 0, 8, 5, 9, 8, 5, 8, 8]
2124815:[2, 9, 4, 4, 4, 5, 8, 6, 8, 7]
2125564:[1, 2, 3, 0, 1, 1, 7, 7, 0, 6]
2125623:[0, 9, 7, 5, 7, 6, 0, 5, 1, 0]
2136957:[4, 0, 5, 8, 4, 7, 6, 6, 6, 5]
2138281:[6, 4, 2, 8, 1, 7, 2, 5, 7, 3]
2140401:[7, 6, 3, 9, 8, 1, 3, 5, 8, 4]
2142499:[5, 2, 0, 6, 0, 4, 5, 2, 0, 6]
2143851:[1, 6, 8, 5, 0, 4, 2, 7, 5, 1]
2145164:[8, 4, 1, 6, 4, 9, 1, 7, 4, 3]
2146738:[0, 4, 7, 1, 1, 9, 6, 2, 3, 0]
2148813:[0, 8, 1, 8, 4, 6, 8, 2, 6, 0]
2169392:[9, 2, 7, 5, 9, 4, 0, 3, 1, 3]
2169453:[2, 1, 4, 8, 4, 7, 5, 1, 9, 9]
2180778:[5, 4, 4, 6, 9, 3, 3, 8, 3, 6]
2186764:[0, 3, 8, 8, 2, 3, 8, 3, 0, 6]
220316:[2, 7, 9, 2, 9, 6, 9, 6, 4, 3]
2205776:[6, 3, 1, 3, 6, 7, 2, 0, 1, 0]
2206088:[4, 1, 0, 5, 7, 1, 3, 5, 5, 7]
2219908:[1, 6, 2, 3, 8, 3, 6, 5, 4, 2]
2224648:[2, 9, 0, 6, 8, 3, 5, 1, 6, 2]
2237708:[0, 9, 5, 9, 9, 4, 0, 6, 3, 3]
2239453:[2, 5, 7, 6, 7, 1, 4, 5, 8, 6]
2244489:[4, 4, 7, 7, 2, 9, 8, 8, 3, 8]
2252380:[9, 8, 6, 0, 7, 1, 2, 3, 3, 5]
2253027:[6, 0, 3, 9, 4, 4, 0, 2, 6, 2]
225630:[2, 9, 0, 8, 6, 2, 9, 9, 2, 0]
2259848:[2, 4, 8, 4, 8, 7, 0, 9, 1, 7]
226325:[3, 7, 3, 0, 8, 6, 5, 0, 4, 3]
2270755:[2, 0, 9, 8, 2, 5, 3, 3, 0, 6]
227292:[1, 2, 9, 2, 7, 8, 6, 8, 6, 9]
2278031:[0, 1, 9, 0, 0, 1, 0, 6, 9, 5]
2278212:[1, 2, 3, 2, 4, 6, 9, 7, 0, 3]
2283689:[8, 2, 3, 3, 0, 2, 4, 0, 8, 2]
2285099:[6, 1, 5, 6, 6, 9, 8, 6, 8, 4]
2285832:[0, 0, 6, 2, 8, 6, 4, 0, 7, 6]
2286182:[6, 5, 2, 5, 1, 6, 9, 5, 5, 6]
2291199:[6, 6, 9, 0, 5, 0, 9, 9, 4, 0]
2295455:[0, 9, 8, 7, 4, 4, 6, 0, 1, 4]
2301724:[2, 9, 6, 9, 3, 1, 0, 1, 4, 7]
2319388:[9, 2, 5, 1, 7, 3, 6, 8, 6, 7]
2333328:[7, 1, 4, 8, 2, 5, 1, 9, 6, 1]
2345321:[4, 5, 2, 0, 7, 5, 0, 5, 4, 0]
2353165:[4, 4, 3, 0, 8, 4, 0, 8, 7, 3]
2355013:[1, 1, 1, 7, 7, 7, 0, 4, 0, 5]
2370824:[1, 2, 5, 1, 8, 7, 9, 1, 1, 3]
2381663:[2, 9, 8, 0, 9, 2, 4, 3, 0, 8]
2387:[4, 8, 3, 9, 5, 6, 1, 0, 9, 4]
2388099:[1, 2, 7, 3, 3, 0, 2, 8, 1, 4]
238948:[3, 6, 1, 3, 1, 2, 1, 5, 1, 4]
2393279:[9, 6, 7, 7, 8, 2, 9, 5, 8, 5]
239354:[8, 5, 0, 1, 7, 0, 7, 4, 6, 2]
2399369:[2, 4, 3, 4, 6, 4, 7, 2, 9, 5]
2408402:[4, 6, 3, 1, 3, 4, 4, 0, 3, 8]
2426772:[8, 3, 7, 5, 6, 9, 6, 2, 5, 4]
2428985:[8, 7, 2, 8, 5, 8, 4, 2, 2, 0]
2430741:[2, 1, 8, 4, 9, 2, 8, 3, 7, 5]
2440920:[1, 7, 3, 4, 9, 4, 3, 2, 9, 3]
2441961:[9, 8, 0, 4, 5, 3, 1, 0, 8, 1]
2442739:[4, 1, 0, 3, 9, 0, 3, 3, 1, 7]
2444074:[5, 8, 0, 9, 2, 1, 2, 7, 2, 5]
2446315:[6, 8, 5, 7, 0, 3, 6, 7, 2, 8]
2447764:[7, 3, 5, 0, 8, 7, 8, 0, 6, 9]
2452698:[3, 9, 8, 5, 5, 7, 7, 0, 9, 4]
2453572:[6, 6, 2, 8, 7, 8, 9, 6, 8, 9]
2455947:[9, 5, 3, 4, 8, 6, 5, 4, 3, 5]
2459061:[6, 4, 4, 3, 0, 1, 3, 3, 4, 2]
2463707:[1, 1, 2, 7, 3, 4, 2, 9, 3, 0]
2466066:[6, 5, 6, 5, 7, 4, 9, 9, 3, 4]
2472374:[5, 6, 4, 9, 6, 6, 9, 5, 6, 3]
2475081:[3, 7, 1, 2, 4, 2, 6, 7, 3, 2]
2485008:[9, 8, 9, 1, 9, 5, 2, 6, 6, 3]
24861:[6, 4, 9, 2, 8, 8, 2, 6, 6, 0]
2498929:[1, 3, 3, 4, 6, 7, 7, 0, 8, 0]
2501955:[7, 2, 3, 2, 0, 2, 3, 7, 9, 0]
250580:[2, 6, 4, 6, 1, 6, 9, 1, 9, 0]
2511588:[1, 6, 8, 9, 4, 0, 1, 2, 0, 2]
2515017:[3, 4, 4, 2, 2, 8, 5, 3, 4, 6]
2515378:[2, 3, 8, 7, 3, 8, 6, 7, 2, 5]
2515471:[1, 7, 5, 6, 2, 8, 4, 5, 8, 6]
2522386:[9, 1, 7, 4, 5, 7, 4, 5, 2, 1]
2523011:[0, 0, 5, 8, 4, 6, 4, 2, 5, 6]
2523078:[5, 4, 5, 8, 9, 7, 9, 2, 9, 5]
252373:[0, 3, 4, 1, 1, 3, 4, 2, 8, 0]
2523792:[0, 8, 5, 5, 2, 2, 7, 5, 4, 2]
2525924:[9, 6, 8, 1, 9, 4, 6, 0, 2, 1]
252700:[2, 6, 9, 8, 4, 5, 9, 7, 1, 3]
2527262:[7, 9, 3, 5, 2, 5, 4, 2, 8, 5]
2541566:[8, 6, 5, 8, 2, 6, 9, 4, 2, 0]
2566033:[4, 9, 1, 9, 2, 9, 8, 3, 2, 0]
2570959:[1, 6, 1, 4, 0, 3, 2, 7, 6, 8]
2581040:[4, 6, 7, 3, 2, 2, 7, 6, 6, 2]
2584461:[0, 7, 9, 0, 9, 8, 4, 6, 2, 1]
2587099:[3, 0, 3, 0, 8, 3, 9, 7, 7, 1]
2587288:[5, 8, 7, 8, 6, 0, 8, 0, 5, 3]
2598994:[3, 0, 3, 9, 9, 8, 9, 3, 9, 0]
260030:[1, 8, 9, 7, 1, 9, 9, 5, 9, 2]
2607805:[8, 3, 8, 4, 4, 8, 4, 2, 3, 0]
261506:[8, 0, 8, 4, 6, 4, 4, 2, 0, 2]
2617005:[1, 9, 8, 9, 4, 8, 1, 2, 3, 3]
2625199:[5, 6, 8, 5, 6, 2, 6, 8, 5, 2]
2633132:[1, 2, 4, 7, 7, 7, 4, 8, 0, 0]
264186:[8, 5, 5, 8, 5, 0, 5, 1, 3, 2]
2645731:[0, 0, 8, 8, 4, 1, 6, 7, 7, 5]
2646331:[3, 0, 5, 7, 8, 1, 8, 9, 4, 0]
2651648:[4, 9, 3, 5, 5, 7, 9, 2, 7, 4]
2654135:[9, 9, 3, 7, 3, 6, 5, 9, 2, 6]
2657378:[8, 0, 0, 0, 1, 3, 6, 4, 2, 5]
2662693:[7, 7, 9, 3, 5, 3, 3, 8, 0, 4]
2665323:[8, 5, 5, 1, 0, 2, 0, 0, 4, 0]
2681307:[1, 9, 0, 6, 0, 7, 3, 1, 2, 7]
2692553:[1, 4, 9, 3, 2, 9, 3, 0, 9, 4]
2693882:[1, 4, 1, 6, 0, 8, 4, 2, 7, 0]
2696249:[8, 5, 2, 5, 0, 5, 6, 7, 5, 1]
2704952:[9, 4, 2, 8, 5, 4, 4, 2, 2, 7]
2709187:[9, 9, 5, 2, 2, 6, 0, 6, 7, 7]
2713360:[7, 1, 8, 5, 2, 4, 9, 6, 6, 6]
2714571:[0, 8, 3, 3, 2, 5, 4, 3, 5, 6]
2721987:[2, 4, 7, 7, 0, 6, 4, 3, 7, 2]
2735641:[9, 1, 8, 8, 2, 2, 6, 2, 0, 1]
2746166:[0, 3, 5, 0, 9, 4, 4, 5, 4, 0]
2749979:[6, 1, 3, 2, 1, 4, 5, 5, 1, 5]
2756562:[0, 3, 4, 5, 4, 3, 6, 0, 0, 6]
2757695:[3, 3, 1, 2, 4, 8, 6, 5, 7, 1]
2768625:[6, 7, 8, 1, 2, 2, 4, 5, 9, 5]
2772578:[3, 8, 7, 5, 9, 7, 4, 7, 3, 3]
2774978:[5, 0, 4, 4, 4, 8, 2, 8, 2, 3]
2775509:[1, 2, 5, 6, 6, 1, 5, 0, 0, 5]
2785680:[9, 1, 5, 0, 5, 4, 1, 5, 0, 4]
279984:[6, 7, 1, 6, 7, 3, 9, 9, 5, 7]
2809309:[4, 5, 6, 5, 7, 8, 0, 9, 7, 2]
2813898:[3, 5, 6, 2, 9, 2, 3, 0, 7, 7]
2814710:[6, 7, 1, 3, 1, 5, 0, 2, 4, 4]
281664:[2, 8, 2, 9, 7, 1, 4, 5, 9, 7]
2829887:[3, 1, 7, 3, 2, 9, 2, 2, 7, 0]
2851474:[2, 5, 6, 2, 9, 6, 7, 8, 9, 3]
2851573:[2, 4, 0, 7, 2, 8, 7, 3, 1, 0]
2852204:[2, 9, 1, 4, 5, 9, 3, 7, 3, 0]
2855536:[9, 0, 8, 3, 0, 1, 7, 0, 2, 0]
2856219:[4, 2, 3, 2, 7, 2, 5, 4, 8, 4]
2858282:[1, 1, 3, 0, 9, 6, 0, 8, 8, 3]
285970:[1, 8, 4, 7, 9, 0, 4, 8, 2, 2]
2890278:[1, 2, 5, 1, 1, 2, 2, 7, 8, 2]
2891331:[1, 4, 0, 4, 7, 3, 8, 2, 4, 2]
2896375:[9, 6, 2, 0, 8, 6, 2, 6, 1, 6]
289703:[0, 8, 1, 9, 3, 7, 7, 7, 6, 0]
2905597:[3, 8, 6, 0, 8, 5, 9, 5, 8, 9]
2921177:[2, 3, 3, 4, 0, 3, 1, 9, 6, 5]
2930396:[5, 6, 7, 8, 9, 0, 9, 8, 2, 6]
2932004:[3, 4, 3, 4, 5, 6, 8, 1, 0, 1]
2934142:[6, 0, 8, 5, 7, 2, 7, 3, 0, 7]
2941375:[3, 7, 9, 9, 1, 7, 8, 1, 8, 1]
2947829:[9, 1, 6, 0, 3, 8, 1, 8, 7, 1]
2948698:[1, 0, 1, 4, 4, 7, 1, 9, 7, 2]
2960660:[0, 6, 5, 1, 7, 4, 3, 0, 9, 7]
2962107:[9, 6, 4, 1, 6, 3, 9, 5, 3, 2]
2970377:[0, 5, 6, 6, 1, 6, 6, 0, 4, 9]
2971991:[2, 3, 3, 7, 0, 7, 0, 2, 3, 1]
2976052:[7, 8, 2, 7, 9, 6, 0, 6, 2, 8]
2996171:[7, 9, 2, 7, 3, 5, 5, 0, 1, 8]
300345:[2, 5, 8, 4, 6, 2, 5, 2, 4, 5]
3004759:[4, 6, 7, 3, 3, 3, 5, 5, 5, 2]
300689:[2, 1, 5, 4, 0, 4, 7, 1, 6, 1]
3015956:[8, 9, 0, 4, 1, 6, 1, 0, 8, 6]
3016831:[5, 9, 7, 7, 5, 0, 4, 7, 3, 6]
3018454:[8, 8, 0, 7, 7, 5, 5, 2, 4, 5]
3024092:[0, 7, 7, 0, 9, 9, 9, 5, 5, 3]
3024119:[1, 8, 5, 0, 4, 0, 1, 5, 4, 3]
3028903:[2, 4, 0, 7, 3, 8, 6, 6, 0, 0]
3036803:[1, 4, 0, 4, 6, 8, 7, 2, 8, 5]
3040572:[2, 9, 8, 4, 1, 3, 1, 9, 5, 4]
3046352:[2, 6, 7, 9, 0, 1, 7, 8, 2, 5]
3049787:[9, 7, 3, 8, 7, 5, 1, 2, 4, 3]
3070671:[0, 5, 9, 4, 1, 4, 5, 2, 0, 6]
3081652:[6, 1, 4, 7, 4, 3, 0, 6, 6, 2]
3085908:[6, 3, 4, 6, 2, 7, 3, 9, 8, 6]
3104835:[6, 8, 5, 1, 3, 4, 9, 2, 1, 8]
3106161:[4, 7, 6, 7, 6, 2, 5, 5, 1, 3]
3125779:[0, 3, 6, 6, 6, 6, 0, 2, 5, 0]
3128776:[3, 0, 2, 4, 0, 4, 8, 0, 8, 0]
312909:[1, 8, 7, 0, 2, 3, 3, 2, 4, 3]
3131271:[4, 3, 1, 7, 4, 5, 7, 1, 0, 1]
3136509:[2, 3, 3, 9, 5, 2, 1, 7, 0, 5]
3153316:[2, 9, 3, 4, 2, 5, 9, 9, 0, 8]
3156000:[7, 4, 7, 9, 6, 2, 9, 9, 3, 3]
3167332:[1, 9, 4, 7, 5, 2, 8, 5, 9, 3]
3177238:[0, 2, 4, 6, 5, 7, 2, 6, 0, 4]
3182498:[3, 3, 2, 2, 6, 3, 8, 3, 9, 1]
3187307:[5, 5, 8, 6, 5, 6, 1, 0, 6, 4]
3193153:[1, 9, 3, 7, 6, 4, 9, 4, 4, 1]
3193489:[3, 7, 1, 8, 8, 9, 1, 2, 2, 6]
3197396:[0, 3, 8, 8, 4, 6, 6, 7, 8, 6]
3206631:[2, 9, 5, 5, 8, 3, 3, 2, 2, 4]
3206987:[8, 4, 5, 9, 1, 3, 3, 9, 4, 9]
3209723:[1, 0, 6, 7, 7, 6, 6, 9, 7, 0]
3211479:[0, 1, 6, 1, 7, 6, 0, 8, 4, 9]
3211907:[0, 9, 8, 0, 7, 9, 8, 5, 2, 6]
3217287:[0, 7, 9, 9, 6, 1, 5, 2, 0, 4]
3219403:[3, 9, 1, 1, 4, 3, 2, 5, 6, 0]
3220196:[0, 6, 1, 1, 2, 0, 0, 2, 5, 2]
3221696:[0, 9, 5, 6, 7, 6, 4, 2, 8, 6]
3222718:[3, 1, 2, 6, 7, 6, 3, 3, 1, 1]
3225945:[1, 7, 5, 0, 6, 2, 9, 5, 3, 2]
3231747:[1, 8, 7, 5, 2, 7, 6, 5, 4, 2]
3231813:[9, 4, 6, 3, 0, 7, 6, 2, 6, 8]
3235619:[2, 3, 1, 4, 2, 8, 0, 6, 9, 5]
3243946:[0, 7, 1, 1, 6, 6, 1, 0, 3, 6]
3244237:[8, 6, 4, 8, 4, 6, 2, 6, 2, 9]
3246611:[2, 3, 3, 6, 7, 3, 7, 9, 6, 8]
3247941:[7, 9, 9, 5, 9, 8, 9, 2, 9, 2]
3249023:[7, 4, 9, 2, 3, 1, 7, 4, 0, 4]
3252988:[0, 3, 2, 2, 9, 8, 0, 8, 9, 5]
3262838:[0, 7, 7, 7, 1, 7, 8, 5, 5, 3]
3265740:[0, 2, 2, 0, 2, 8, 0, 2, 5, 2]
3268767:[6, 9, 7, 4, 4, 1, 8, 4, 4, 5]
32761:[4, 8, 1, 5, 5, 0, 3, 0, 4, 9]
333083:[0, 9, 8, 9, 8, 5, 5, 3, 3, 4]
333374:[8, 4, 3, 7, 4, 5, 1, 0, 6, 8]
337802:[5, 2, 7, 3, 7, 0, 2, 1, 8, 8]
340222:[2, 1, 5, 7, 6, 7, 6, 5, 8, 1]
347862:[0, 1, 7, 0, 1, 9, 4, 4, 0, 9]
351931:[6, 0, 5, 6, 8, 4, 2, 9, 5, 2]
356383:[7, 3, 6, 4, 8, 4, 4, 2, 1, 2]
356718:[0, 6, 5, 7, 0, 4, 3, 3, 8, 2]
367309:[5, 9, 1, 8, 3, 0, 2, 6, 4, 4]
381655:[8, 0, 4, 1, 0, 7, 9, 6, 3, 9]
387853:[2, 5, 6, 8, 1, 3, 8, 2, 2, 1]
389187:[0, 7, 6, 7, 0, 9, 0, 3, 0, 6]
39194:[0, 5, 8, 6, 9, 4, 2, 9, 9, 1]
398476:[3, 0, 5, 5, 4, 7, 1, 0, 1, 5]
400624:[6, 2, 1, 6, 1, 4, 5, 2, 1, 0]
401595:[0, 1, 7, 8, 6, 6, 4, 2, 3, 1]
40361:[9, 7, 8, 8, 0, 2, 4, 9, 0, 0]
403734:[2, 8, 4, 3, 5, 6, 3, 2, 2, 1]
405574:[6, 3, 8, 4, 7, 9, 4, 9, 0, 1]
406481:[2, 5, 5, 2, 8, 5, 3, 5, 1, 0]
407147:[6, 2, 1, 3, 7, 2, 0, 0, 0, 3]
411792:[9, 9, 8, 9, 6, 0, 4, 9, 9, 4]
413410:[2, 7, 1, 1, 3, 2, 1, 9, 8, 2]
413900:[2, 6, 3, 4, 3, 0, 2, 3, 4, 5]
415952:[6, 5, 2, 7, 2, 7, 1, 5, 9, 0]
417146:[0, 3, 1, 4, 0, 4, 6, 3, 4, 6]
418773:[2, 0, 8, 5, 2, 1, 3, 6, 6, 0]
419990:[3, 4, 5, 3, 9, 1, 4, 9, 2, 2]
421931:[4, 9, 6, 4, 4, 1, 4, 3, 9, 2]
425762:[5, 4, 9, 0, 0, 1, 1, 2, 4, 9]
425794:[9, 5, 6, 3, 8, 9, 3, 0, 6, 6]
430497:[2, 6, 0, 3, 5, 5, 5, 5, 0, 8]
43674:[2, 9, 4, 7, 9, 2, 4, 3, 6, 3]
437878:[0, 5, 5, 4, 2, 1, 0, 2, 0, 4]
445179:[0, 4, 1, 0, 3, 0, 8, 5, 8, 2]
448727:[5, 8, 3, 7, 2, 6, 4, 7, 8, 7]
455267:[6, 3, 2, 3, 0, 5, 3, 5, 9, 5]
460142:[6, 2, 6, 9, 2, 4, 7, 1, 9, 1]
468475:[8, 3, 1, 9, 2, 7, 8, 4, 4, 2]
473701:[4, 6, 8, 2, 5, 6, 2, 3, 3, 3]
475648:[9, 4, 2, 7, 4, 5, 3, 3, 5, 1]
479783:[1, 2, 8, 9, 7, 4, 7, 0, 3, 9]
482781:[7, 4, 3, 9, 1, 8, 0, 9, 7, 3]
488497:[0, 7, 9, 6, 4, 0, 3, 5, 5, 0]
489144:[1, 3, 4, 6, 7, 1, 0, 3, 4, 8]
496484:[3, 5, 5, 3, 3, 6, 6, 0, 0, 5]
508343:[2, 8, 3, 4, 1, 8, 3, 2, 6, 8]
510049:[3, 1, 6, 1, 5, 1, 1, 4, 8, 2]
510550:[6, 2, 6, 1, 1, 4, 5, 5, 0, 7]
512255:[0, 8, 4, 7, 5, 4, 5, 5, 8, 6]
514294:[5, 1, 6, 8, 4, 5, 2, 2, 5, 5]
515219:[1, 3, 3, 9, 1, 4, 8, 2, 2, 3]
517782:[5, 9, 4, 7, 4, 1, 4, 3, 6, 8]
519192:[8, 8, 0, 7, 0, 9, 1, 9, 5, 4]
525536:[8, 3, 5, 9, 4, 8, 4, 2, 3, 4]
52660:[7, 6, 9, 8, 7, 9, 1, 0, 0, 8]
528173:[3, 9, 0, 9, 1, 4, 0, 3, 9, 3]
528773:[2, 9, 4, 7, 2, 6, 9, 0, 4, 7]
549363:[1, 5, 0, 4, 4, 3, 9, 2, 9, 3]
554132:[0, 7, 1, 4, 9, 3, 4, 6, 4, 2]
574197:[2, 3, 5, 5, 9, 2, 1, 6, 4, 1]
574577:[1, 6, 6, 3, 9, 0, 7, 5, 2, 7]
576992:[0, 8, 7, 0, 7, 4, 4, 5, 2, 3]
577992:[0, 4, 6, 5, 4, 2, 9, 4, 1, 2]
590645:[1, 3, 8, 4, 0, 0, 3, 4, 9, 6]
597919:[1, 0, 1, 1, 0, 7, 8, 5, 6, 9]
614902:[8, 2, 7, 9, 7, 0, 7, 2, 0, 2]
615037:[2, 8, 3, 7, 6, 6, 2, 8, 9, 3]
618218:[2, 6, 5, 8, 4, 4, 8, 3, 3, 2]
638931:[0, 7, 3, 6, 4, 6, 4, 4, 3, 9]
64704:[6, 8, 2, 3, 2, 4, 8, 5, 7, 3]
654233:[0, 8, 9, 8, 6, 4, 8, 0, 0, 5]
665988:[0, 3, 6, 3, 3, 7, 9, 0, 2, 5]
669782:[3, 8, 8, 4, 2, 7, 8, 4, 6, 6]
670736:[8, 9, 6, 1, 2, 8, 5, 2, 8, 3]
676732:[8, 1, 1, 5, 7, 4, 4, 0, 0, 8]
677630:[2, 1, 1, 4, 4, 5, 2, 6, 2, 9]
683001:[4, 8, 0, 5, 6, 1, 6, 7, 8, 0]
683563:[0, 0, 1, 2, 7, 9, 2, 0, 4, 0]
684742:[8, 9, 6, 6, 3, 2, 1, 9, 5, 2]
688361:[0, 5, 7, 8, 9, 6, 1, 0, 3, 1]
688823:[5, 2, 4, 2, 2, 9, 8, 1, 2, 6]
694188:[0, 7, 2, 6, 1, 8, 5, 2, 4, 4]
703248:[3, 3, 7, 6, 5, 1, 2, 2, 9, 0]
704929:[6, 5, 6, 6, 2, 5, 3, 9, 6, 8]
70787:[1, 4, 1, 1, 4, 8, 2, 2, 3, 0]
713775:[0, 2, 0, 5, 0, 4, 4, 2, 7, 6]
718512:[2, 4, 2, 9, 4, 7, 6, 0, 3, 0]
722258:[1, 3, 2, 1, 2, 4, 4, 4, 7, 2]
723816:[1, 4, 9, 9, 1, 9, 5, 2, 6, 4]
727848:[3, 4, 5, 9, 1, 1, 6, 6, 0, 8]
729194:[2, 4, 4, 8, 9, 3, 6, 6, 2, 0]
731737:[7, 9, 5, 5, 8, 7, 1, 9, 4, 2]
73459:[3, 7, 7, 7, 1, 7, 0, 3, 2, 6]
739467:[0, 6, 3, 0, 0, 2, 8, 0, 4, 4]
743523:[2, 1, 4, 8, 9, 0, 8, 6, 4, 8]
747713:[4, 4, 3, 6, 2, 4, 0, 3, 1, 6]
753143:[0, 9, 3, 1, 9, 7, 3, 0, 0, 2]
763160:[3, 3, 9, 7, 2, 9, 4, 7, 3, 6]
763201:[0, 5, 2, 4, 7, 2, 9, 7, 4, 0]
769088:[9, 2, 6, 2, 3, 3, 3, 1, 3, 6]
775947:[9, 8, 8, 0, 0, 7, 2, 6, 4, 2]
776464:[1, 3, 4, 0, 4, 1, 5, 6, 1, 1]
780810:[7, 0, 1, 5, 3, 1, 1, 0, 2, 1]
786860:[2, 4, 4, 8, 6, 0, 4, 2, 2, 6]
790485:[2, 4, 7, 9, 9, 6, 5, 3, 4, 1]
791025:[8, 3, 6, 3, 5, 2, 4, 2, 4, 2]
800216:[2, 1, 1, 7, 2, 1, 9, 4, 7, 9]
803672:[2, 7, 4, 1, 3, 8, 4, 3, 0, 8]
806698:[9, 8, 9, 9, 1, 7, 2, 2, 7, 0]
808183:[1, 7, 0, 5, 4, 3, 9, 3, 5, 2]
813205:[2, 8, 6, 2, 0, 9, 5, 5, 6, 3]
814702:[4, 4, 1, 6, 0, 7, 9, 4, 6, 7]
815293:[9, 1, 1, 6, 5, 3, 6, 6, 3, 7]
816523:[1, 9, 8, 6, 0, 4, 4, 5, 2, 3]
818563:[0, 4, 7, 1, 0, 5, 0, 4, 1, 8]
821378:[1, 8, 4, 5, 8, 7, 2, 4, 6, 2]
82403:[7, 9, 1, 4, 7, 2, 5, 4, 8, 5]
826050:[7, 8, 3, 5, 6, 3, 3, 9, 5, 3]
836870:[3, 8, 9, 5, 2, 2, 8, 3, 5, 2]
846136:[5, 6, 0, 5, 2, 9, 1, 6, 3, 0]
850011:[0, 8, 5, 1, 2, 9, 6, 2, 3, 2]
855752:[0, 5, 8, 5, 2, 5, 5, 3, 8, 7]
858807:[4, 8, 7, 1, 3, 0, 7, 4, 5, 7]
859830:[1, 2, 4, 5, 0, 6, 0, 2, 4, 6]
867435:[0, 3, 8, 4, 8, 9, 0, 4, 0, 3]
867652:[6, 9, 0, 1, 8, 9, 9, 6, 9, 8]
887132:[1, 5, 9, 7, 1, 3, 5, 2, 1, 7]
899807:[8, 1, 5, 3, 3, 4, 5, 9, 0, 2]
902269:[9, 2, 0, 8, 5, 7, 8, 8, 1, 9]
907969:[3, 4, 9, 5, 4, 6, 8, 5, 8, 0]
91899:[6, 2, 5, 5, 2, 4, 0, 5, 4, 0]
920767:[5, 4, 8, 2, 9, 1, 3, 3, 8, 3]
923637:[2, 1, 4, 1, 0, 4, 1, 6, 2, 9]
924725:[3, 6, 4, 4, 0, 0, 9, 4, 8, 0]
931871:[6, 6, 7, 1, 9, 5, 3, 2, 1, 7]
940703:[9, 8, 2, 8, 7, 4, 6, 5, 0, 8]
942489:[9, 0, 8, 2, 4, 9, 9, 0, 7, 2]
942545:[2, 4, 6, 9, 0, 5, 4, 0, 8, 5]
945099:[6, 9, 8, 4, 4, 4, 4, 0, 9, 6]
95440:[3, 4, 1, 0, 2, 7, 7, 1, 3, 0]
956963:[9, 7, 6, 8, 2, 5, 2, 6, 1, 9]
959503:[7, 8, 5, 9, 5, 8, 3, 9, 0, 2]
963988:[0, 7, 2, 5, 7, 6, 3, 5, 2, 4]
97166:[7, 1, 2, 2, 1, 8, 5, 2, 4, 2]
971764:[0, 5, 8, 7, 8, 4, 9, 3, 5, 5]
972006:[9, 7, 3, 6, 0, 9, 0, 7, 1, 4]
973123:[6, 3, 1, 0, 9, 1, 3, 3, 8, 6]
978589:[3, 6, 2, 7, 9, 1, 0, 2, 5, 8]
996377:[6, 6, 0, 5, 1, 8, 9, 0, 0, 8]
996811:[2, 8, 3, 6, 6, 6, 0, 2, 9, 2]
