1168010:[1, 9, 7, 8, 1, 9, 2, 7, 9, 5]
1368635:[2, 2, 5, 4, 4, 4, 4, 8, 3, 4]
1588664:[7, 6, 1, 3, 4, 1, 2, 9, 8, 4]
1910132:[7, 0, 0, 7, 6, 0, 0, 7, 1, 2]
1950383:[6, 0, 7, 8, 6, 1, 9, 6, 3, 9]
1981804:[7, 6, 1, 3, 4, 1, 2, 9, 8, 4]
1984792:[7, 0, 0, 9, 7, 5, 5, 9, 1, 2]
2240129:[6, 1, 2, 7, 2, 3, 3, 4, 7, 4]
2274069:[9, 5, 1, 6, 5, 9, 7, 3, 7, 4]
2899564:[0, 4, 8, 6, 8, 2, 2, 6, 5, 2]
2975618:[7, 6, 1, 3, 4, 1, 2, 9, 8, 4]
3028902:[7, 6, 9, 3, 4, 7, 4, 8, 5, 8]
3153187:[4, 8, 5, 2, 7, 3, 8, 0, 3, 3]
560878:[7, 0, 2, 2, 3, 5, 8, 6, 5, 7]
