107648:[4, 0, 8, 0, 5, 4, 9, 2, 9, 8]
1128806:[6, 8, 1, 2, 4, 1, 1, 3, 8, 1]
1140911:[0, 3, 1, 3, 6, 5, 0, 5, 8, 8]
1143460:[1, 2, 5, 0, 0, 7, 5, 5, 2, 7]
1175362:[9, 9, 9, 7, 3, 3, 1, 9, 4, 0]
1201149:[8, 4, 2, 5, 8, 0, 5, 3, 2, 5]
121310:[8, 1, 0, 0, 9, 4, 2, 6, 0, 8]
1216446:[3, 1, 9, 9, 5, 1, 3, 0, 7, 7]
1253217:[9, 2, 0, 5, 3, 2, 8, 8, 6, 5]
1267652:[0, 1, 0, 3, 0, 1, 3, 5, 7, 8]
1273268:[7, 6, 6, 3, 8, 0, 5, 2, 4, 9]
130742:[7, 8, 6, 0, 8, 9, 8, 3, 4, 2]
1347376:[4, 6, 9, 1, 8, 1, 6, 4, 2, 7]
134911:[5, 9, 3, 1, 4, 6, 7, 5, 0, 9]
1358737:[0, 2, 4, 1, 6, 7, 3, 8, 6, 0]
1363496:[8, 8, 7, 5, 0, 5, 1, 0, 9, 9]
1363:[9, 4, 2, 9, 7, 1, 9, 2, 5, 5]
1373239:[7, 6, 9, 0, 9, 6, 8, 9, 4, 1]
1386098:[6, 2, 2, 9, 1, 1, 7, 7, 8, 3]
139019:[3, 8, 4, 2, 5, 3, 4, 4, 4, 7]
1402259:[0, 8, 1, 7, 5, 4, 1, 9, 6, 1]
1411447:[4, 8, 6, 2, 0, 7, 1, 2, 9, 5]
1438209:[2, 2, 8, 8, 2, 3, 9, 5, 2, 2]
147055:[6, 2, 7, 9, 6, 6, 2, 1, 3, 5]
1475588:[1, 9, 4, 6, 2, 3, 9, 5, 2, 6]
1498726:[9, 4, 1, 5, 9, 3, 9, 1, 4, 4]
149989:[9, 5, 3, 8, 4, 9, 9, 8, 1, 1]
1502665:[9, 8, 3, 0, 0, 0, 9, 4, 9, 5]
1515815:[2, 1, 5, 9, 1, 7, 3, 1, 5, 7]
1529450:[9, 9, 3, 0, 1, 0, 1, 9, 9, 5]
1538464:[6, 2, 4, 1, 4, 5, 0, 6, 2, 6]
1551984:[3, 1, 3, 7, 8, 0, 5, 1, 4, 9]
1552976:[4, 8, 1, 9, 7, 9, 8, 0, 7, 1]
1558130:[0, 0, 7, 2, 5, 6, 0, 2, 8, 8]
1572798:[1, 1, 0, 0, 5, 8, 9, 1, 6, 0]
1576790:[6, 1, 3, 2, 9, 1, 8, 9, 0, 7]
1586691:[6, 9, 2, 3, 8, 2, 9, 9, 0, 3]
1586915:[2, 6, 2, 7, 1, 3, 0, 6, 2, 6]
1653809:[7, 1, 8, 2, 3, 8, 0, 6, 9, 1]
1667896:[0, 3, 1, 1, 3, 6, 0, 6, 5, 0]
1721954:[6, 3, 9, 1, 0, 8, 1, 9, 3, 0]
1735255:[3, 1, 9, 9, 5, 1, 3, 0, 7, 7]
1786228:[8, 6, 4, 0, 5, 0, 4, 0, 6, 1]
1841719:[9, 9, 5, 9, 6, 5, 0, 9, 0, 4]
1873819:[4, 6, 1, 5, 7, 4, 9, 2, 5, 0]
1874378:[2, 6, 4, 1, 3, 6, 7, 8, 1, 2]
1884508:[5, 0, 7, 1, 6, 0, 8, 2, 6, 1]
1897293:[9, 1, 1, 5, 8, 2, 5, 9, 5, 0]
1906733:[4, 2, 1, 1, 7, 7, 8, 4, 4, 3]
191348:[8, 0, 6, 0, 4, 1, 1, 4, 6, 4]
1918052:[7, 0, 0, 5, 0, 6, 9, 2, 4, 7]
1929920:[3, 3, 1, 6, 6, 9, 3, 8, 7, 5]
1949568:[8, 7, 6, 7, 5, 2, 5, 1, 7, 1]
1969997:[3, 2, 1, 4, 5, 1, 3, 5, 1, 9]
200020:[3, 9, 5, 2, 5, 9, 3, 6, 9, 8]
2000788:[7, 5, 0, 1, 4, 8, 8, 0, 7, 9]
2021087:[0, 9, 0, 7, 2, 3, 8, 6, 3, 8]
205900:[4, 9, 8, 8, 2, 0, 7, 2, 0, 0]
2106677:[5, 5, 4, 9, 3, 2, 3, 9, 6, 1]
2110095:[9, 7, 3, 7, 6, 8, 5, 2, 9, 2]
2127994:[3, 4, 3, 8, 0, 9, 4, 2, 9, 4]
2129153:[5, 5, 5, 7, 7, 1, 4, 5, 3, 3]
2150075:[3, 3, 1, 7, 8, 1, 1, 4, 7, 8]
2159149:[6, 5, 4, 9, 2, 4, 0, 8, 4, 6]
2221338:[2, 9, 8, 5, 8, 0, 6, 1, 5, 1]
2221985:[9, 9, 1, 4, 9, 4, 0, 4, 7, 7]
2239715:[7, 8, 6, 2, 2, 0, 5, 1, 6, 1]
2287899:[2, 9, 9, 5, 7, 0, 2, 2, 6, 4]
2329254:[9, 2, 0, 5, 3, 2, 8, 8, 6, 5]
2377076:[7, 2, 7, 8, 6, 5, 2, 6, 8, 3]
2415180:[7, 1, 0, 7, 8, 4, 7, 8, 1, 8]
2425913:[6, 0, 5, 5, 3, 9, 2, 9, 8, 7]
2459177:[2, 3, 0, 0, 0, 5, 1, 0, 0, 4]
2477944:[7, 0, 6, 5, 3, 0, 1, 2, 5, 4]
2481968:[0, 3, 4, 8, 2, 2, 5, 8, 9, 8]
2504895:[9, 2, 5, 4, 0, 6, 6, 8, 7, 4]
2515128:[3, 2, 9, 9, 5, 1, 7, 5, 7, 9]
2526:[7, 8, 6, 6, 4, 9, 5, 2, 8, 2]
2532145:[0, 4, 5, 1, 3, 2, 4, 6, 8, 2]
2555536:[7, 8, 8, 8, 2, 1, 0, 1, 6, 6]
2557527:[3, 6, 2, 5, 5, 3, 6, 9, 4, 0]
2588580:[8, 5, 1, 9, 7, 6, 2, 6, 7, 3]
2686421:[4, 3, 8, 2, 0, 9, 3, 2, 6, 2]
269290:[2, 7, 5, 7, 5, 4, 3, 5, 0, 4]
2697523:[0, 3, 0, 9, 9, 6, 3, 8, 0, 8]
269843:[2, 0, 2, 3, 4, 6, 3, 8, 5, 8]
2706754:[2, 6, 6, 8, 7, 2, 1, 1, 8, 8]
2707171:[0, 1, 7, 2, 4, 4, 8, 3, 1, 6]
2783789:[0, 9, 1, 3, 9, 1, 7, 8, 7, 3]
2793929:[8, 3, 3, 6, 6, 1, 9, 9, 8, 5]
2802192:[2, 4, 0, 0, 4, 6, 7, 5, 6, 1]
2830019:[2, 8, 2, 2, 4, 3, 3, 9, 4, 1]
2846171:[7, 1, 0, 7, 9, 5, 5, 7, 6, 1]
2853925:[9, 6, 6, 7, 8, 7, 7, 0, 2, 4]
2882531:[6, 1, 9, 4, 7, 7, 3, 2, 6, 2]
2901031:[3, 1, 9, 9, 5, 1, 3, 0, 7, 7]
2942689:[0, 3, 0, 9, 3, 6, 3, 8, 3, 0]
2951115:[5, 0, 3, 5, 0, 2, 4, 0, 0, 3]
2961385:[8, 6, 5, 3, 8, 0, 7, 8, 1, 4]
2975793:[6, 1, 5, 7, 7, 0, 5, 9, 9, 9]
2979154:[7, 3, 6, 0, 3, 1, 8, 4, 0, 1]
2984425:[6, 9, 8, 2, 4, 1, 5, 4, 9, 9]
2989717:[1, 6, 1, 9, 7, 6, 6, 6, 0, 8]
3019502:[9, 8, 5, 7, 5, 4, 6, 2, 9, 9]
3030572:[0, 3, 8, 9, 3, 5, 9, 1, 0, 2]
3034599:[2, 5, 6, 0, 6, 0, 5, 0, 0, 0]
3039582:[8, 1, 1, 7, 5, 1, 7, 5, 9, 8]
3088501:[9, 8, 3, 7, 3, 6, 7, 7, 5, 3]
3102710:[6, 5, 5, 1, 2, 9, 5, 8, 9, 7]
3187208:[7, 8, 8, 8, 2, 1, 0, 1, 6, 6]
3200504:[8, 8, 9, 8, 4, 3, 6, 8, 3, 1]
3222089:[6, 7, 8, 4, 2, 2, 8, 3, 0, 0]
3232895:[5, 9, 1, 1, 6, 6, 9, 8, 5, 5]
324075:[6, 3, 9, 2, 7, 0, 4, 2, 5, 6]
345767:[3, 6, 6, 1, 4, 5, 5, 2, 4, 3]
376848:[5, 9, 1, 8, 7, 5, 9, 8, 5, 4]
379944:[9, 8, 2, 4, 8, 5, 9, 8, 9, 1]
400831:[5, 9, 4, 0, 6, 0, 5, 1, 8, 9]
419129:[3, 8, 7, 4, 1, 3, 0, 2, 8, 8]
478957:[3, 0, 6, 9, 5, 4, 1, 3, 9, 9]
487553:[3, 2, 9, 2, 1, 9, 2, 1, 8, 7]
489647:[6, 3, 9, 7, 6, 3, 6, 1, 7, 5]
535517:[6, 2, 3, 8, 9, 0, 5, 9, 0, 2]
539727:[7, 8, 4, 7, 3, 7, 8, 0, 3, 4]
562539:[3, 3, 0, 9, 3, 1, 9, 5, 6, 0]
572244:[3, 1, 9, 9, 5, 1, 3, 0, 7, 7]
576582:[4, 7, 7, 8, 4, 9, 9, 3, 2, 5]
585678:[6, 2, 5, 1, 0, 4, 1, 6, 6, 9]
590355:[8, 5, 3, 0, 5, 0, 6, 7, 2, 9]
598379:[3, 1, 1, 2, 6, 6, 0, 7, 9, 6]
600581:[3, 4, 5, 5, 5, 4, 6, 4, 5, 0]
609688:[7, 9, 5, 5, 9, 2, 4, 0, 6, 1]
644516:[5, 9, 3, 1, 4, 6, 7, 5, 0, 9]
66223:[2, 1, 2, 3, 5, 7, 4, 2, 4, 8]
673317:[6, 1, 8, 9, 4, 5, 5, 3, 5, 3]
686440:[1, 9, 7, 5, 2, 5, 5, 9, 7, 9]
694024:[6, 2, 5, 9, 6, 4, 1, 0, 8, 2]
724028:[8, 3, 5, 0, 6, 8, 7, 7, 0, 6]
745132:[9, 0, 1, 0, 5, 8, 8, 0, 0, 4]
773208:[6, 6, 9, 4, 8, 7, 0, 4, 3, 2]
805294:[9, 8, 5, 6, 2, 3, 7, 4, 8, 2]
847011:[4, 3, 7, 9, 4, 4, 3, 6, 5, 7]
903060:[2, 3, 5, 9, 8, 4, 4, 6, 4, 7]
908595:[6, 3, 7, 8, 7, 4, 2, 9, 0, 7]
94902:[0, 3, 7, 8, 5, 3, 8, 5, 6, 3]
973139:[0, 6, 1, 8, 8, 0, 6, 9, 8, 8]
983208:[9, 1, 6, 3, 2, 8, 5, 6, 1, 4]
