1002776:[7, 9, 4, 8, 0, 3, 6, 4, 2, 6]
100809:[1, 5, 6, 9, 7, 4, 4, 1, 4, 5]
101469:[1, 5, 3, 5, 0, 2, 8, 3, 1, 6]
1018277:[1, 9, 1, 6, 1, 9, 3, 5, 9, 7]
1018408:[2, 3, 2, 1, 2, 7, 3, 8, 8, 8]
1018485:[4, 5, 8, 0, 2, 2, 4, 7, 0, 0]
1026206:[1, 5, 0, 0, 8, 5, 2, 1, 3, 3]
1037164:[4, 2, 9, 6, 2, 0, 3, 2, 8, 0]
104850:[4, 7, 5, 4, 6, 9, 3, 4, 8, 4]
1050796:[3, 6, 9, 0, 3, 7, 3, 4, 4, 5]
1051430:[9, 4, 6, 8, 2, 2, 1, 8, 1, 5]
1051719:[7, 7, 9, 7, 3, 8, 4, 3, 8, 6]
1057320:[0, 0, 2, 0, 2, 4, 5, 8, 0, 5]
1060570:[2, 9, 2, 2, 5, 4, 4, 7, 4, 2]
1064544:[9, 0, 0, 9, 4, 5, 8, 4, 8, 9]
1065969:[5, 5, 6, 1, 9, 7, 9, 7, 9, 4]
1066061:[1, 6, 2, 5, 9, 6, 7, 2, 3, 5]
1089070:[0, 6, 8, 5, 3, 7, 0, 8, 7, 3]
1098043:[8, 2, 3, 4, 2, 4, 8, 8, 4, 3]
1099863:[2, 3, 7, 8, 3, 7, 5, 1, 8, 1]
1107271:[1, 4, 1, 8, 1, 6, 4, 4, 5, 0]
1108947:[0, 0, 3, 5, 9, 1, 1, 9, 8, 4]
111075:[2, 2, 8, 8, 7, 5, 7, 3, 0, 8]
1121248:[0, 2, 3, 9, 9, 2, 6, 6, 1, 1]
1128170:[8, 0, 0, 9, 0, 2, 4, 5, 5, 8]
1129112:[9, 9, 4, 0, 2, 8, 8, 7, 4, 6]
1133326:[2, 5, 2, 3, 0, 2, 0, 4, 5, 4]
1135645:[6, 8, 3, 2, 0, 2, 2, 4, 4, 3]
1144256:[2, 1, 6, 0, 4, 7, 4, 7, 6, 3]
1150623:[1, 8, 9, 2, 5, 4, 6, 8, 1, 6]
1159919:[7, 8, 7, 0, 4, 1, 2, 0, 8, 5]
116216:[0, 0, 1, 3, 8, 5, 8, 3, 2, 9]
1175366:[8, 5, 2, 9, 1, 3, 7, 9, 9, 2]
1186131:[9, 3, 1, 9, 4, 0, 3, 8, 5, 4]
1186228:[6, 2, 7, 6, 1, 4, 7, 7, 6, 6]
119568:[5, 2, 6, 0, 9, 5, 3, 5, 0, 7]
119715:[0, 1, 0, 2, 4, 5, 1, 3, 0, 2]
1206194:[4, 1, 6, 0, 0, 8, 4, 0, 5, 9]
1210095:[2, 8, 7, 1, 8, 4, 9, 9, 8, 2]
1216389:[3, 8, 5, 5, 7, 4, 0, 6, 1, 4]
1219536:[5, 6, 0, 1, 9, 6, 8, 7, 7, 7]
1249107:[1, 2, 8, 8, 8, 0, 2, 2, 4, 3]
1254569:[0, 5, 4, 8, 2, 8, 4, 1, 5, 5]
1257094:[6, 7, 1, 5, 0, 3, 7, 9, 2, 9]
1264779:[5, 4, 6, 4, 1, 3, 3, 5, 1, 1]
1271147:[3, 9, 3, 9, 8, 0, 9, 1, 5, 4]
1273738:[8, 6, 5, 0, 4, 1, 2, 0, 5, 4]
1283730:[7, 0, 7, 8, 1, 4, 9, 9, 2, 3]
1293226:[8, 6, 2, 5, 3, 7, 9, 9, 8, 4]
1297141:[2, 1, 8, 1, 4, 2, 5, 0, 8, 4]
1301325:[6, 5, 1, 8, 5, 1, 6, 1, 5, 8]
1316049:[1, 7, 1, 6, 2, 4, 1, 1, 8, 8]
1316571:[6, 3, 4, 3, 1, 0, 4, 1, 4, 8]
132082:[4, 4, 4, 4, 1, 5, 5, 6, 8, 3]
1331265:[0, 2, 3, 0, 5, 3, 3, 5, 2, 6]
1339835:[5, 3, 5, 0, 5, 7, 4, 7, 2, 6]
1340661:[3, 7, 5, 0, 7, 3, 7, 1, 7, 9]
1343761:[1, 2, 4, 1, 4, 9, 8, 9, 7, 8]
1345031:[3, 6, 0, 1, 3, 4, 1, 4, 7, 7]
1350597:[6, 2, 1, 7, 1, 4, 3, 6, 4, 0]
135835:[5, 9, 6, 8, 1, 4, 8, 8, 5, 0]
1359322:[7, 9, 8, 6, 9, 9, 4, 9, 9, 6]
1375526:[5, 0, 4, 9, 8, 8, 2, 7, 6, 1]
1387229:[6, 2, 1, 1, 1, 8, 5, 3, 1, 2]
1390862:[3, 5, 3, 3, 6, 4, 2, 2, 9, 2]
1412551:[0, 4, 8, 1, 6, 0, 1, 1, 4, 5]
1414944:[4, 2, 7, 5, 2, 1, 2, 4, 1, 0]
1419336:[1, 9, 9, 6, 9, 9, 9, 9, 8, 8]
1420058:[5, 4, 6, 5, 7, 2, 8, 0, 4, 0]
1429858:[4, 8, 7, 9, 7, 1, 5, 2, 5, 2]
1435756:[6, 4, 2, 9, 7, 2, 9, 0, 5, 2]
1436328:[8, 8, 0, 8, 7, 2, 6, 9, 2, 6]
1440791:[3, 5, 8, 1, 2, 8, 0, 1, 9, 0]
1446323:[7, 3, 4, 1, 4, 6, 5, 6, 5, 9]
144636:[2, 6, 4, 6, 8, 0, 4, 4, 0, 8]
1464688:[5, 5, 5, 7, 5, 6, 0, 1, 6, 6]
1479804:[8, 8, 9, 5, 3, 5, 1, 8, 6, 7]
1482696:[3, 0, 5, 3, 9, 0, 2, 9, 8, 5]
1487419:[8, 0, 3, 2, 4, 2, 4, 3, 1, 0]
1497919:[9, 6, 5, 3, 8, 0, 1, 1, 0, 7]
1502695:[9, 8, 5, 6, 7, 3, 7, 7, 9, 5]
1520733:[2, 8, 8, 4, 7, 7, 4, 2, 3, 0]
1526605:[5, 4, 7, 5, 1, 1, 0, 4, 2, 2]
1527453:[1, 7, 5, 8, 0, 0, 4, 6, 9, 9]
1528534:[3, 7, 4, 2, 8, 0, 8, 3, 0, 9]
1534451:[4, 1, 0, 9, 2, 6, 7, 5, 6, 3]
1538569:[3, 3, 8, 9, 4, 7, 5, 1, 7, 7]
1539543:[8, 1, 0, 7, 5, 2, 9, 0, 7, 2]
1547747:[7, 1, 1, 1, 1, 8, 7, 0, 0, 2]
1547840:[4, 4, 8, 6, 4, 5, 9, 6, 4, 9]
1550920:[7, 5, 1, 9, 9, 8, 2, 5, 0, 8]
1556457:[0, 8, 3, 1, 1, 4, 8, 0, 5, 9]
1561142:[0, 6, 9, 7, 5, 5, 6, 6, 6, 4]
1563889:[6, 6, 3, 7, 1, 3, 4, 3, 7, 5]
1571752:[5, 3, 3, 5, 2, 4, 6, 5, 0, 9]
1573710:[0, 8, 8, 7, 6, 7, 6, 9, 5, 1]
158056:[0, 4, 8, 9, 3, 1, 8, 1, 0, 0]
1601736:[1, 2, 1, 7, 7, 4, 4, 9, 1, 4]
1608076:[0, 2, 7, 6, 2, 4, 2, 9, 9, 5]
1618130:[9, 3, 2, 8, 1, 7, 8, 7, 8, 7]
1621532:[3, 8, 5, 1, 5, 7, 1, 5, 3, 8]
1624511:[2, 1, 0, 0, 6, 1, 4, 1, 9, 4]
1628218:[0, 4, 2, 5, 9, 2, 8, 8, 7, 6]
1632637:[1, 3, 1, 1, 0, 0, 5, 9, 4, 3]
1634345:[7, 1, 9, 9, 7, 4, 4, 0, 5, 3]
1639801:[0, 5, 9, 1, 6, 4, 8, 8, 4, 1]
1641601:[0, 2, 5, 0, 1, 9, 6, 6, 4, 5]
1652899:[4, 9, 7, 8, 2, 1, 1, 3, 5, 1]
1658696:[1, 0, 6, 0, 4, 4, 2, 3, 9, 8]
1678460:[4, 9, 9, 7, 4, 4, 2, 3, 7, 4]
169406:[9, 5, 0, 9, 3, 7, 4, 1, 1, 7]
1696385:[1, 3, 4, 7, 4, 4, 1, 0, 1, 1]
1697238:[5, 4, 2, 2, 8, 8, 0, 5, 8, 8]
1699412:[6, 0, 9, 6, 7, 6, 9, 8, 9, 8]
1699571:[5, 8, 1, 0, 1, 8, 7, 9, 4, 0]
1710743:[8, 6, 5, 0, 4, 1, 2, 0, 5, 4]
1713162:[7, 4, 7, 1, 2, 7, 5, 0, 8, 7]
1715246:[3, 2, 0, 2, 3, 4, 6, 8, 6, 4]
1732591:[8, 9, 5, 8, 1, 4, 9, 6, 9, 2]
173613:[1, 9, 5, 4, 5, 3, 2, 1, 6, 9]
1751485:[1, 3, 1, 7, 2, 2, 8, 8, 6, 2]
1754625:[3, 5, 5, 5, 7, 7, 0, 6, 1, 4]
1766572:[0, 1, 5, 0, 2, 4, 2, 2, 8, 2]
1773894:[5, 7, 5, 9, 6, 8, 9, 4, 8, 2]
1780196:[4, 4, 6, 0, 2, 3, 7, 3, 9, 0]
1793707:[9, 8, 1, 9, 7, 7, 8, 9, 2, 5]
1795736:[7, 4, 1, 1, 8, 7, 0, 8, 8, 7]
1806996:[2, 1, 4, 1, 9, 4, 1, 7, 9, 9]
1811742:[7, 3, 1, 9, 0, 2, 4, 2, 5, 6]
1816930:[6, 7, 5, 1, 7, 7, 9, 3, 2, 4]
1817385:[1, 7, 7, 5, 9, 8, 8, 7, 1, 5]
1821050:[5, 9, 8, 8, 7, 7, 0, 9, 4, 1]
1824560:[9, 3, 2, 9, 0, 3, 4, 1, 7, 9]
1845996:[5, 2, 5, 0, 8, 7, 1, 8, 6, 0]
1865755:[8, 6, 4, 9, 4, 6, 6, 7, 7, 6]
186855:[0, 0, 4, 3, 2, 7, 9, 7, 4, 0]
1871211:[3, 1, 7, 4, 6, 3, 9, 2, 2, 0]
187476:[3, 8, 3, 6, 4, 2, 6, 3, 8, 9]
1876174:[9, 8, 3, 0, 7, 2, 9, 6, 4, 6]
1899689:[4, 1, 4, 8, 5, 1, 7, 8, 0, 4]
1909698:[2, 4, 4, 1, 6, 4, 3, 0, 5, 7]
1922334:[4, 2, 7, 7, 3, 7, 3, 2, 7, 4]
1924520:[9, 0, 8, 2, 8, 4, 9, 3, 9, 3]
1932632:[4, 0, 6, 7, 7, 2, 9, 7, 7, 2]
1937410:[3, 7, 7, 8, 6, 5, 9, 9, 6, 7]
1939424:[2, 5, 0, 5, 6, 7, 7, 0, 4, 2]
1952407:[7, 7, 4, 2, 5, 0, 8, 9, 7, 2]
1960437:[1, 9, 3, 7, 8, 4, 0, 7, 4, 2]
196633:[1, 7, 2, 5, 5, 8, 8, 0, 4, 6]
1983590:[0, 0, 0, 4, 4, 4, 2, 7, 7, 0]
1991937:[3, 4, 5, 3, 5, 8, 9, 7, 0, 4]
1994415:[5, 3, 7, 2, 1, 7, 4, 8, 3, 1]
1996129:[3, 8, 0, 5, 6, 6, 4, 4, 0, 7]
1998180:[9, 3, 4, 7, 9, 7, 2, 1, 9, 8]
2002876:[0, 7, 1, 7, 6, 5, 9, 3, 9, 9]
20063:[3, 8, 9, 5, 5, 6, 9, 9, 3, 1]
2016643:[1, 2, 5, 0, 1, 4, 1, 8, 1, 0]
2018610:[5, 8, 9, 1, 7, 0, 0, 4, 8, 0]
2025996:[1, 3, 6, 5, 9, 8, 6, 5, 2, 4]
2026342:[3, 8, 4, 4, 1, 0, 3, 7, 5, 0]
2032385:[9, 1, 2, 4, 7, 0, 4, 8, 1, 5]
204657:[9, 5, 5, 4, 3, 5, 8, 2, 4, 8]
2060836:[9, 2, 7, 8, 6, 7, 9, 6, 7, 0]
2091106:[2, 6, 2, 9, 4, 3, 3, 7, 0, 8]
2101765:[8, 7, 6, 4, 8, 9, 6, 7, 0, 8]
2122169:[5, 0, 9, 9, 1, 6, 4, 5, 5, 4]
2130849:[0, 7, 7, 3, 6, 7, 9, 9, 5, 7]
2133598:[4, 9, 8, 2, 3, 8, 8, 2, 0, 5]
2145734:[4, 9, 3, 5, 4, 8, 0, 3, 6, 7]
2148604:[8, 3, 0, 8, 3, 4, 1, 1, 5, 3]
2150729:[2, 3, 3, 5, 2, 9, 0, 5, 0, 1]
2160372:[0, 1, 2, 6, 8, 7, 8, 9, 7, 1]
216291:[6, 4, 8, 6, 8, 2, 2, 9, 2, 5]
2166527:[2, 3, 5, 4, 9, 7, 4, 0, 3, 4]
2166640:[8, 7, 3, 5, 7, 2, 9, 6, 5, 7]
2190286:[5, 6, 4, 2, 7, 5, 0, 6, 4, 1]
219527:[8, 5, 2, 0, 4, 1, 6, 0, 6, 5]
2195314:[9, 9, 4, 7, 0, 0, 2, 4, 3, 7]
2198412:[1, 3, 7, 1, 5, 4, 1, 7, 7, 8]
2199268:[6, 8, 5, 3, 4, 4, 8, 5, 1, 0]
2204563:[9, 3, 9, 8, 5, 1, 0, 4, 4, 2]
2204778:[3, 5, 3, 8, 2, 2, 4, 5, 2, 5]
2234974:[3, 8, 0, 7, 4, 7, 6, 0, 7, 2]
2241004:[0, 6, 4, 2, 9, 9, 2, 0, 1, 7]
2252431:[6, 7, 6, 6, 3, 2, 3, 0, 8, 7]
2252941:[6, 5, 8, 7, 9, 8, 6, 3, 3, 1]
2253501:[1, 5, 4, 1, 4, 8, 5, 7, 9, 2]
2272135:[4, 5, 4, 4, 7, 3, 4, 2, 6, 3]
2275202:[7, 4, 0, 6, 8, 9, 4, 3, 6, 3]
2280579:[0, 8, 1, 6, 2, 3, 2, 4, 0, 0]
2290363:[3, 9, 8, 2, 4, 9, 0, 3, 6, 7]
2293233:[1, 2, 6, 1, 8, 1, 1, 9, 1, 8]
2297513:[3, 7, 0, 7, 2, 7, 2, 3, 9, 6]
2303604:[5, 0, 9, 5, 6, 2, 8, 1, 3, 9]
231835:[7, 6, 2, 0, 1, 1, 0, 6, 4, 1]
2318916:[1, 3, 5, 9, 0, 4, 6, 4, 9, 4]
2319762:[5, 7, 6, 7, 4, 4, 0, 7, 7, 8]
2327582:[2, 2, 0, 7, 7, 0, 1, 6, 9, 8]
2332343:[3, 4, 8, 1, 6, 9, 2, 3, 4, 9]
2335594:[6, 7, 0, 7, 2, 4, 0, 5, 2, 8]
2336286:[0, 2, 0, 1, 7, 8, 7, 7, 9, 5]
235202:[7, 0, 4, 3, 3, 2, 0, 0, 1, 6]
2352052:[2, 2, 4, 5, 5, 2, 2, 8, 9, 9]
2356865:[4, 8, 2, 3, 5, 9, 0, 6, 2, 1]
2365031:[2, 4, 8, 1, 1, 7, 5, 3, 9, 1]
2381699:[2, 7, 4, 7, 7, 6, 4, 9, 7, 6]
2385128:[1, 3, 4, 1, 1, 7, 9, 1, 9, 8]
2391259:[7, 8, 7, 4, 3, 7, 3, 7, 5, 8]
242055:[6, 9, 0, 4, 6, 6, 8, 4, 5, 5]
2422088:[2, 3, 8, 6, 8, 2, 2, 1, 5, 0]
2424789:[0, 0, 9, 7, 4, 8, 6, 1, 3, 0]
2425198:[8, 6, 5, 0, 2, 3, 5, 6, 5, 8]
2429261:[7, 8, 1, 0, 4, 0, 0, 7, 5, 7]
2434329:[3, 3, 3, 5, 1, 7, 7, 5, 1, 9]
2441984:[1, 2, 2, 9, 7, 7, 3, 2, 3, 9]
2443394:[3, 7, 3, 8, 2, 6, 9, 2, 0, 9]
2450728:[7, 9, 5, 1, 5, 7, 4, 7, 4, 3]
2456662:[0, 6, 2, 7, 2, 0, 4, 9, 8, 1]
2464450:[8, 6, 8, 4, 0, 5, 9, 9, 3, 2]
2466356:[3, 0, 8, 4, 4, 4, 0, 9, 3, 8]
2471812:[0, 2, 7, 3, 7, 0, 9, 6, 9, 0]
2472744:[8, 3, 7, 8, 0, 4, 5, 9, 5, 1]
2473686:[1, 7, 6, 9, 7, 0, 3, 7, 6, 7]
2484409:[2, 3, 8, 3, 0, 4, 6, 1, 4, 3]
2500081:[9, 8, 8, 2, 5, 3, 1, 8, 1, 1]
2508393:[9, 2, 6, 7, 3, 3, 4, 7, 4, 6]
2519688:[6, 3, 4, 3, 2, 0, 2, 1, 9, 8]
2536987:[7, 8, 3, 7, 9, 1, 6, 0, 5, 0]
2541601:[1, 6, 0, 8, 8, 2, 7, 7, 4, 4]
2586026:[5, 8, 1, 3, 6, 7, 8, 1, 8, 4]
2586399:[1, 1, 1, 9, 3, 9, 3, 7, 0, 7]
2589897:[9, 6, 8, 1, 5, 1, 7, 3, 0, 8]
2590229:[3, 5, 2, 0, 4, 6, 8, 8, 1, 0]
2590406:[6, 3, 4, 3, 2, 0, 2, 1, 9, 8]
2594629:[3, 1, 9, 8, 1, 3, 7, 2, 8, 3]
2595089:[3, 2, 6, 6, 8, 4, 2, 1, 8, 5]
2603858:[4, 1, 6, 7, 2, 0, 7, 7, 1, 7]
260523:[1, 3, 3, 8, 5, 3, 4, 0, 2, 6]
2605501:[4, 6, 1, 0, 5, 7, 8, 3, 2, 7]
261444:[5, 4, 9, 6, 5, 3, 0, 1, 0, 6]
2618150:[8, 5, 4, 1, 9, 4, 1, 8, 9, 8]
2623954:[0, 1, 9, 9, 7, 8, 0, 4, 6, 8]
2643812:[6, 3, 6, 5, 7, 4, 0, 9, 7, 5]
2645586:[4, 8, 9, 8, 1, 3, 4, 7, 9, 6]
2649281:[6, 6, 1, 2, 6, 0, 4, 4, 2, 0]
2652814:[2, 1, 0, 3, 5, 0, 4, 6, 2, 2]
2659087:[1, 0, 8, 8, 2, 8, 3, 5, 2, 8]
2659508:[1, 6, 4, 2, 0, 2, 4, 4, 5, 4]
2666650:[2, 9, 1, 4, 9, 5, 0, 1, 1, 2]
2669548:[9, 4, 2, 6, 7, 9, 6, 6, 8, 1]
2669867:[8, 3, 3, 5, 3, 7, 2, 1, 1, 3]
2678752:[5, 9, 6, 0, 1, 4, 9, 7, 4, 5]
2680750:[0, 4, 2, 7, 2, 5, 0, 9, 5, 5]
2682727:[7, 3, 5, 6, 9, 3, 2, 1, 6, 3]
2683246:[9, 3, 1, 1, 5, 7, 2, 3, 1, 3]
268512:[3, 4, 9, 4, 2, 6, 1, 7, 0, 7]
2687777:[0, 1, 9, 6, 8, 7, 9, 1, 9, 7]
2689390:[1, 8, 0, 3, 2, 4, 7, 4, 7, 0]
2696766:[2, 3, 8, 1, 0, 1, 0, 6, 4, 0]
270140:[5, 0, 5, 6, 4, 6, 7, 7, 2, 8]
271701:[0, 0, 6, 0, 1, 8, 4, 0, 1, 5]
271775:[6, 0, 9, 4, 6, 8, 8, 1, 4, 6]
272343:[0, 6, 2, 0, 6, 3, 9, 4, 1, 7]
273332:[2, 7, 5, 0, 2, 8, 2, 4, 5, 5]
2741856:[7, 3, 2, 1, 3, 6, 5, 9, 3, 1]
2754679:[5, 9, 9, 3, 7, 4, 8, 9, 0, 3]
2756322:[1, 6, 1, 9, 8, 0, 4, 4, 9, 0]
2760995:[0, 2, 2, 9, 6, 0, 2, 5, 6, 6]
2764347:[6, 9, 6, 5, 4, 5, 2, 2, 8, 4]
2770427:[8, 4, 6, 4, 8, 2, 8, 0, 1, 5]
2785051:[1, 1, 5, 7, 9, 7, 5, 7, 8, 9]
2785068:[7, 8, 1, 8, 2, 3, 5, 3, 4, 7]
2785726:[9, 5, 8, 7, 1, 5, 8, 4, 0, 4]
2793781:[0, 5, 7, 8, 5, 9, 3, 1, 8, 9]
2794789:[8, 2, 8, 0, 7, 7, 3, 8, 6, 0]
2796022:[2, 2, 7, 5, 5, 3, 0, 3, 8, 3]
2802134:[1, 1, 9, 1, 0, 2, 8, 2, 8, 0]
2809806:[0, 5, 8, 4, 3, 8, 9, 7, 0, 2]
2822255:[9, 2, 0, 3, 9, 2, 0, 6, 5, 6]
2836964:[9, 9, 5, 5, 2, 2, 2, 3, 6, 4]
2838155:[1, 2, 4, 6, 6, 8, 3, 8, 2, 5]
2840467:[7, 6, 9, 8, 3, 4, 9, 5, 2, 6]
2844698:[4, 0, 2, 5, 0, 7, 5, 3, 8, 0]
2846413:[1, 3, 4, 5, 8, 3, 6, 6, 9, 2]
2847399:[8, 5, 5, 4, 6, 7, 2, 1, 7, 2]
2863301:[1, 1, 7, 3, 7, 9, 8, 8, 8, 4]
2864074:[8, 8, 0, 0, 1, 5, 8, 5, 1, 6]
286514:[1, 0, 8, 8, 1, 8, 0, 6, 2, 7]
2870487:[5, 1, 0, 5, 9, 7, 0, 1, 3, 9]
2871246:[0, 9, 5, 0, 2, 9, 3, 7, 7, 9]
2873848:[5, 6, 8, 6, 3, 7, 5, 8, 8, 7]
2901166:[9, 7, 4, 3, 3, 9, 4, 5, 2, 8]
29026:[3, 8, 3, 9, 2, 0, 3, 1, 1, 5]
2903044:[2, 7, 4, 4, 1, 1, 1, 2, 7, 6]
2906037:[0, 8, 0, 1, 1, 6, 9, 2, 6, 6]
291179:[3, 1, 7, 0, 4, 3, 6, 4, 2, 2]
2919921:[9, 5, 7, 0, 3, 7, 5, 9, 3, 8]
2923610:[2, 7, 0, 1, 8, 4, 9, 4, 2, 6]
2926964:[7, 2, 5, 9, 7, 2, 0, 5, 9, 3]
2927569:[2, 9, 9, 2, 8, 4, 1, 4, 4, 5]
2929740:[0, 6, 8, 6, 2, 5, 3, 4, 3, 2]
2934922:[8, 9, 9, 5, 1, 6, 8, 4, 8, 2]
2945938:[3, 8, 2, 5, 0, 4, 0, 3, 0, 2]
295314:[5, 5, 8, 2, 5, 3, 6, 1, 7, 5]
2954205:[6, 4, 1, 5, 0, 6, 5, 7, 0, 2]
2958872:[4, 4, 8, 8, 9, 1, 3, 0, 2, 6]
2959964:[2, 5, 3, 9, 4, 0, 0, 1, 0, 1]
296223:[8, 8, 4, 9, 2, 6, 7, 0, 6, 1]
2972751:[0, 3, 7, 7, 5, 4, 9, 7, 5, 4]
2984990:[2, 7, 5, 1, 4, 7, 2, 2, 3, 2]
2997959:[1, 2, 3, 1, 4, 4, 4, 4, 9, 0]
3027289:[1, 8, 1, 9, 6, 9, 8, 6, 7, 9]
3027298:[5, 4, 8, 1, 2, 7, 9, 5, 4, 9]
3029688:[2, 0, 1, 0, 6, 3, 6, 6, 3, 9]
3030063:[2, 1, 8, 8, 4, 2, 5, 4, 0, 7]
3041391:[6, 1, 4, 7, 6, 0, 5, 4, 5, 7]
3047095:[2, 4, 3, 5, 2, 4, 9, 8, 5, 7]
3057265:[3, 3, 7, 1, 2, 4, 1, 2, 3, 2]
3065390:[6, 6, 1, 7, 9, 4, 4, 4, 4, 6]
3067611:[8, 3, 0, 9, 6, 5, 9, 1, 8, 6]
3067823:[1, 6, 8, 8, 5, 4, 0, 0, 0, 8]
3079417:[8, 5, 2, 0, 4, 1, 6, 0, 6, 5]
3090291:[7, 8, 9, 7, 3, 8, 8, 6, 0, 3]
3094751:[6, 7, 6, 1, 1, 5, 1, 4, 8, 0]
3097946:[9, 4, 3, 0, 1, 2, 2, 7, 5, 6]
3097967:[0, 7, 8, 7, 7, 4, 0, 9, 2, 0]
3098268:[8, 5, 1, 7, 7, 4, 8, 2, 1, 2]
3098619:[9, 9, 2, 5, 9, 9, 4, 8, 2, 5]
3098752:[0, 9, 1, 6, 9, 3, 5, 2, 7, 8]
3102865:[2, 6, 3, 7, 6, 4, 6, 2, 5, 9]
3107851:[7, 8, 0, 6, 9, 0, 5, 3, 4, 7]
311414:[9, 0, 9, 7, 4, 8, 2, 5, 9, 8]
3119174:[7, 8, 1, 7, 2, 9, 2, 5, 2, 8]
3124932:[8, 3, 2, 2, 5, 0, 9, 0, 5, 9]
3127251:[5, 6, 7, 1, 2, 7, 0, 5, 4, 2]
3131153:[0, 2, 6, 2, 7, 1, 8, 0, 7, 7]
3149126:[8, 3, 9, 3, 4, 2, 0, 8, 8, 5]
3149850:[7, 9, 4, 0, 7, 7, 7, 8, 4, 1]
3153692:[3, 5, 2, 3, 4, 4, 3, 2, 5, 0]
3154080:[0, 1, 5, 5, 5, 5, 9, 9, 5, 8]
3158146:[2, 2, 5, 9, 6, 8, 3, 0, 0, 8]
3159892:[3, 0, 5, 1, 2, 4, 5, 8, 3, 8]
3166033:[9, 8, 1, 5, 9, 7, 8, 4, 1, 6]
3176539:[6, 9, 7, 1, 8, 4, 8, 6, 8, 4]
3176891:[2, 0, 9, 9, 1, 4, 5, 3, 5, 2]
3186205:[9, 3, 0, 2, 5, 4, 5, 5, 6, 4]
319164:[6, 7, 6, 5, 5, 6, 1, 0, 8, 2]
3199742:[6, 5, 8, 0, 6, 8, 4, 9, 4, 5]
3201098:[2, 1, 4, 2, 3, 5, 4, 6, 3, 9]
3226031:[0, 7, 6, 5, 1, 7, 7, 6, 5, 9]
322652:[7, 3, 1, 2, 8, 7, 4, 8, 6, 7]
3229088:[6, 5, 4, 9, 0, 9, 9, 7, 0, 8]
3229385:[5, 1, 4, 2, 5, 0, 8, 8, 0, 9]
323061:[9, 1, 2, 7, 2, 6, 0, 8, 3, 6]
3231171:[4, 3, 5, 0, 6, 9, 0, 1, 5, 6]
3231850:[2, 1, 4, 1, 9, 8, 8, 9, 9, 9]
3234758:[9, 7, 3, 8, 3, 4, 8, 4, 5, 7]
3236904:[8, 9, 0, 4, 1, 5, 8, 2, 7, 7]
3241475:[3, 0, 0, 0, 7, 1, 6, 3, 0, 1]
32517:[4, 3, 5, 1, 4, 9, 8, 9, 2, 6]
3253413:[1, 9, 1, 7, 9, 2, 9, 3, 6, 6]
3265074:[2, 4, 0, 9, 7, 7, 4, 3, 3, 2]
3265256:[5, 7, 6, 0, 8, 7, 8, 5, 5, 3]
3265497:[4, 2, 0, 5, 5, 4, 7, 3, 1, 7]
3267057:[9, 4, 3, 1, 5, 7, 0, 9, 3, 6]
32681:[9, 4, 2, 5, 1, 0, 5, 6, 3, 7]
340575:[8, 8, 8, 1, 3, 4, 8, 8, 5, 0]
345890:[7, 2, 7, 5, 4, 4, 2, 8, 1, 0]
34801:[3, 4, 7, 4, 3, 2, 2, 8, 4, 6]
352256:[2, 6, 7, 9, 4, 4, 0, 7, 4, 6]
355069:[9, 0, 8, 9, 8, 4, 2, 0, 1, 0]
356285:[3, 6, 6, 3, 9, 2, 5, 6, 3, 2]
35953:[0, 6, 0, 3, 2, 7, 6, 0, 2, 9]
364541:[8, 4, 5, 3, 1, 7, 0, 5, 6, 9]
368631:[0, 5, 1, 0, 5, 4, 9, 4, 5, 6]
376636:[4, 9, 7, 2, 4, 4, 6, 1, 4, 4]
377884:[0, 1, 0, 7, 9, 5, 4, 6, 9, 6]
385069:[4, 7, 6, 8, 4, 1, 6, 8, 7, 1]
385364:[5, 6, 9, 6, 3, 2, 8, 4, 1, 4]
385513:[1, 0, 0, 6, 2, 7, 7, 2, 4, 1]
388009:[1, 7, 3, 1, 1, 6, 2, 4, 3, 7]
390369:[5, 9, 2, 8, 7, 6, 9, 9, 9, 8]
397591:[4, 3, 1, 9, 4, 4, 5, 8, 4, 7]
398165:[8, 3, 0, 9, 0, 0, 2, 7, 6, 4]
399646:[1, 9, 5, 4, 9, 0, 0, 0, 8, 4]
401942:[3, 1, 9, 8, 2, 7, 4, 3, 4, 7]
405111:[1, 5, 0, 1, 3, 2, 4, 8, 3, 5]
424184:[9, 0, 2, 9, 5, 7, 4, 1, 4, 4]
426089:[3, 7, 9, 1, 3, 7, 5, 5, 5, 5]
435677:[7, 6, 4, 6, 8, 9, 8, 0, 6, 4]
44854:[1, 5, 0, 1, 6, 7, 7, 3, 4, 9]
454066:[2, 4, 6, 2, 9, 7, 8, 4, 9, 3]
454680:[9, 2, 1, 9, 9, 0, 9, 4, 8, 4]
463626:[3, 0, 0, 8, 2, 0, 8, 5, 4, 7]
475889:[9, 6, 5, 9, 0, 6, 6, 0, 5, 2]
478137:[5, 3, 7, 2, 2, 4, 6, 9, 0, 4]
482429:[0, 9, 3, 6, 1, 8, 5, 8, 5, 2]
489685:[9, 7, 4, 1, 0, 9, 4, 8, 0, 3]
494674:[1, 8, 0, 7, 3, 0, 4, 4, 9, 4]
497197:[7, 6, 2, 1, 3, 4, 7, 5, 4, 2]
50110:[0, 5, 3, 7, 2, 3, 0, 3, 3, 8]
506727:[6, 9, 8, 4, 4, 5, 6, 5, 2, 6]
52762:[2, 7, 0, 3, 8, 6, 7, 0, 6, 8]
52972:[0, 6, 7, 0, 7, 2, 9, 5, 7, 4]
542278:[2, 2, 2, 6, 3, 6, 3, 2, 8, 5]
546327:[6, 9, 6, 7, 7, 1, 8, 4, 9, 9]
555923:[2, 6, 5, 5, 4, 7, 0, 5, 6, 7]
556587:[4, 8, 1, 9, 5, 7, 6, 4, 3, 3]
570675:[6, 1, 8, 3, 5, 4, 0, 5, 6, 2]
577004:[4, 7, 0, 0, 0, 0, 5, 5, 6, 6]
5803:[9, 9, 3, 9, 3, 9, 0, 4, 2, 9]
580480:[2, 5, 4, 1, 2, 6, 2, 5, 8, 9]
58907:[7, 0, 0, 7, 1, 3, 0, 3, 7, 9]
592899:[3, 9, 9, 8, 0, 4, 4, 0, 6, 9]
598044:[0, 9, 2, 1, 8, 4, 2, 4, 4, 0]
599053:[6, 8, 1, 8, 4, 9, 7, 1, 5, 4]
606243:[2, 2, 4, 5, 2, 5, 8, 0, 7, 5]
623874:[0, 4, 7, 3, 3, 4, 8, 0, 8, 9]
627562:[5, 2, 4, 4, 4, 3, 1, 5, 2, 5]
63064:[9, 2, 3, 2, 7, 0, 8, 4, 8, 3]
630837:[2, 2, 3, 4, 1, 0, 0, 1, 9, 8]
641773:[5, 5, 3, 1, 0, 2, 7, 1, 6, 1]
642158:[1, 4, 3, 3, 8, 6, 0, 8, 8, 8]
652085:[6, 0, 7, 6, 7, 1, 6, 5, 6, 1]
657086:[4, 8, 4, 7, 4, 9, 4, 0, 5, 3]
661226:[5, 1, 5, 7, 8, 4, 0, 2, 6, 0]
667082:[6, 1, 3, 9, 1, 7, 6, 5, 8, 3]
674322:[5, 9, 5, 3, 8, 0, 7, 3, 1, 8]
678244:[9, 9, 4, 1, 2, 8, 6, 5, 1, 9]
682501:[3, 4, 8, 9, 4, 9, 3, 7, 7, 9]
699757:[7, 5, 2, 0, 5, 3, 6, 6, 1, 6]
700588:[8, 0, 2, 3, 5, 2, 7, 8, 2, 5]
701981:[6, 0, 0, 3, 2, 2, 0, 4, 8, 0]
713022:[5, 4, 3, 0, 2, 1, 3, 6, 0, 9]
713208:[1, 1, 5, 1, 9, 2, 0, 9, 7, 9]
715804:[7, 5, 5, 5, 5, 5, 5, 4, 7, 8]
71972:[2, 2, 8, 2, 0, 2, 0, 0, 4, 5]
720326:[7, 6, 2, 1, 8, 7, 9, 8, 9, 4]
725290:[8, 2, 1, 0, 4, 2, 1, 8, 4, 5]
727106:[5, 7, 8, 4, 2, 3, 4, 4, 1, 2]
736075:[9, 9, 5, 0, 4, 2, 2, 5, 2, 6]
738730:[8, 6, 4, 2, 2, 3, 2, 5, 6, 9]
741274:[5, 6, 8, 5, 4, 4, 4, 7, 4, 0]
741522:[9, 9, 1, 9, 9, 6, 0, 1, 0, 6]
744850:[1, 1, 5, 3, 6, 7, 1, 4, 0, 2]
748992:[7, 8, 1, 5, 4, 7, 6, 9, 8, 0]
749463:[0, 5, 0, 8, 4, 6, 9, 3, 0, 6]
767433:[9, 4, 8, 3, 5, 8, 5, 7, 0, 5]
793000:[2, 7, 4, 8, 6, 4, 0, 2, 4, 1]
804404:[3, 9, 7, 9, 8, 4, 8, 7, 8, 0]
804517:[1, 3, 6, 7, 0, 3, 8, 2, 5, 2]
823960:[6, 9, 4, 7, 5, 7, 8, 4, 8, 3]
829223:[0, 0, 4, 2, 1, 9, 7, 0, 5, 4]
832738:[7, 9, 4, 0, 7, 7, 7, 8, 4, 1]
834573:[0, 3, 3, 8, 3, 7, 5, 0, 0, 0]
845594:[6, 2, 4, 5, 4, 1, 0, 7, 2, 5]
849041:[0, 7, 8, 4, 9, 5, 0, 9, 4, 1]
851508:[5, 6, 1, 0, 9, 7, 9, 7, 9, 9]
85409:[5, 8, 5, 4, 5, 3, 7, 7, 1, 0]
855779:[2, 1, 3, 0, 5, 9, 0, 5, 6, 9]
857058:[5, 7, 8, 5, 9, 0, 8, 1, 5, 2]
862433:[0, 0, 7, 6, 8, 2, 8, 2, 0, 4]
863152:[8, 0, 9, 5, 9, 2, 5, 8, 2, 8]
867715:[3, 4, 9, 0, 4, 2, 7, 0, 4, 6]
871589:[7, 1, 5, 4, 4, 6, 9, 9, 7, 3]
874607:[7, 1, 5, 0, 7, 3, 9, 7, 4, 9]
880127:[4, 3, 8, 1, 4, 4, 2, 8, 7, 4]
890286:[6, 2, 3, 5, 8, 6, 1, 4, 6, 8]
900135:[8, 9, 7, 8, 8, 7, 8, 5, 2, 4]
904431:[6, 8, 5, 7, 0, 1, 5, 4, 6, 1]
913483:[4, 2, 9, 1, 2, 5, 2, 3, 0, 0]
916242:[5, 4, 1, 5, 3, 4, 7, 4, 7, 4]
922984:[6, 4, 8, 1, 5, 4, 5, 1, 4, 1]
93757:[5, 5, 1, 9, 0, 2, 4, 0, 3, 3]
940326:[2, 2, 7, 0, 3, 9, 6, 2, 2, 5]
943184:[5, 1, 8, 1, 2, 9, 7, 0, 5, 4]
944027:[9, 7, 8, 4, 4, 2, 9, 1, 6, 9]
945287:[3, 3, 7, 0, 8, 0, 8, 9, 6, 8]
953540:[7, 9, 5, 9, 2, 2, 8, 9, 5, 8]
977364:[3, 9, 7, 2, 2, 9, 9, 5, 5, 9]
979861:[0, 6, 8, 4, 8, 3, 0, 9, 8, 7]
980405:[3, 1, 5, 1, 4, 1, 2, 1, 9, 1]
98165:[0, 2, 0, 3, 6, 7, 9, 1, 7, 9]
98583:[1, 9, 7, 0, 6, 0, 7, 8, 4, 9]
988040:[9, 3, 4, 4, 8, 7, 7, 2, 6, 1]
992772:[7, 4, 1, 1, 3, 4, 9, 5, 3, 0]
997666:[8, 5, 1, 2, 9, 0, 5, 7, 9, 2]
999052:[5, 2, 0, 8, 4, 9, 5, 1, 8, 2]
