1016798:[0, 4, 6, 6, 1, 4, 7, 6, 9, 6]
1024181:[2, 1, 4, 7, 8, 1, 2, 0, 8, 0]
1050581:[6, 6, 2, 4, 7, 1, 5, 7, 4, 9]
1076694:[8, 1, 5, 9, 6, 6, 8, 7, 0, 1]
1081786:[6, 1, 4, 8, 2, 6, 4, 6, 6, 2]
1139293:[4, 1, 3, 0, 2, 8, 1, 1, 8, 4]
1239120:[7, 0, 3, 6, 5, 4, 9, 3, 3, 2]
1264628:[1, 0, 7, 1, 9, 2, 7, 8, 0, 3]
1278750:[4, 8, 1, 2, 6, 3, 5, 1, 7, 1]
1285925:[4, 9, 7, 8, 3, 9, 6, 8, 9, 7]
1316180:[6, 9, 5, 7, 6, 9, 0, 8, 0, 9]
1334818:[2, 4, 3, 2, 3, 5, 9, 4, 0, 3]
1365936:[9, 8, 0, 2, 5, 5, 5, 5, 5, 7]
1372448:[1, 6, 9, 7, 2, 7, 2, 8, 8, 5]
1376481:[3, 6, 5, 3, 2, 8, 2, 3, 8, 6]
1397487:[5, 8, 4, 7, 2, 4, 3, 5, 5, 9]
1411341:[6, 8, 5, 6, 5, 3, 1, 1, 9, 5]
1444574:[7, 9, 3, 6, 1, 0, 8, 2, 3, 3]
1501670:[6, 0, 4, 9, 9, 5, 9, 9, 2, 3]
1510648:[3, 1, 5, 5, 1, 8, 9, 6, 4, 9]
1569907:[5, 2, 1, 5, 9, 1, 0, 5, 6, 6]
1601881:[0, 0, 7, 7, 8, 1, 9, 6, 6, 5]
1634936:[2, 0, 5, 7, 8, 6, 5, 4, 9, 6]
1646280:[6, 9, 6, 6, 6, 9, 9, 8, 4, 0]
1676387:[3, 4, 1, 9, 9, 6, 9, 2, 0, 8]
1709378:[7, 7, 1, 4, 3, 0, 1, 3, 4, 7]
1714550:[2, 7, 9, 7, 5, 6, 2, 7, 8, 4]
1766772:[2, 8, 6, 5, 7, 4, 7, 1, 1, 2]
179584:[4, 7, 7, 7, 3, 9, 6, 7, 1, 3]
1878427:[7, 7, 8, 2, 4, 0, 6, 4, 0, 1]
1892531:[4, 3, 0, 3, 9, 0, 4, 6, 5, 7]
1905191:[6, 8, 1, 9, 4, 8, 0, 0, 3, 4]
1965124:[9, 2, 9, 0, 4, 0, 2, 6, 0, 2]
1965930:[8, 3, 2, 2, 3, 8, 0, 0, 2, 3]
1975719:[9, 2, 3, 6, 1, 3, 0, 0, 6, 1]
1994006:[0, 7, 7, 4, 6, 0, 4, 4, 5, 7]
1995622:[3, 9, 6, 5, 7, 3, 5, 0, 4, 2]
2043799:[5, 3, 4, 9, 4, 8, 7, 6, 6, 1]
2084328:[4, 4, 1, 2, 7, 8, 3, 0, 4, 2]
2098674:[3, 1, 9, 0, 7, 5, 7, 8, 7, 9]
2109844:[6, 0, 6, 5, 8, 0, 8, 2, 7, 2]
214021:[0, 9, 7, 9, 2, 9, 9, 2, 6, 4]
2172220:[7, 1, 1, 3, 1, 8, 0, 8, 4, 2]
2227474:[0, 5, 0, 9, 0, 9, 1, 7, 7, 9]
2256164:[2, 6, 1, 5, 8, 2, 1, 8, 3, 1]
2273288:[7, 2, 7, 5, 8, 1, 1, 4, 5, 3]
231679:[5, 4, 0, 5, 7, 3, 4, 6, 1, 0]
2403298:[5, 6, 3, 1, 5, 4, 3, 6, 8, 3]
2427914:[4, 7, 3, 5, 5, 0, 1, 8, 8, 2]
2440849:[4, 0, 6, 1, 4, 6, 4, 8, 4, 9]
2444489:[1, 5, 6, 5, 1, 5, 6, 8, 9, 7]
2452537:[5, 3, 7, 9, 2, 4, 1, 4, 8, 8]
2515728:[9, 1, 1, 8, 3, 5, 5, 2, 9, 1]
2524151:[6, 1, 1, 2, 6, 6, 0, 8, 6, 0]
2583449:[8, 8, 0, 8, 0, 9, 4, 9, 1, 1]
25840:[9, 1, 8, 9, 7, 6, 3, 6, 9, 0]
2610729:[7, 8, 5, 7, 7, 2, 4, 0, 0, 9]
2630700:[7, 5, 0, 4, 8, 6, 2, 6, 5, 9]
2632354:[2, 1, 3, 7, 0, 6, 0, 9, 8, 8]
2714915:[6, 1, 9, 5, 1, 9, 1, 9, 7, 7]
2720994:[2, 8, 2, 1, 2, 3, 6, 6, 2, 5]
273742:[9, 3, 1, 3, 2, 8, 0, 7, 1, 7]
2808966:[6, 7, 3, 0, 3, 5, 5, 5, 6, 5]
2817360:[9, 1, 6, 3, 6, 5, 7, 4, 5, 9]
2842939:[1, 3, 0, 2, 9, 0, 3, 9, 4, 0]
286337:[3, 9, 7, 2, 0, 4, 9, 1, 1, 8]
2900320:[2, 9, 8, 9, 8, 3, 2, 6, 7, 3]
2936361:[3, 9, 9, 2, 7, 0, 8, 1, 0, 0]
2961830:[7, 9, 1, 3, 1, 5, 2, 8, 7, 3]
2968232:[5, 6, 9, 5, 4, 5, 5, 2, 8, 6]
301375:[4, 3, 0, 0, 9, 9, 5, 0, 8, 0]
3043660:[6, 1, 0, 2, 6, 4, 2, 7, 4, 2]
306171:[7, 9, 0, 5, 8, 5, 3, 2, 0, 4]
3078077:[5, 1, 5, 2, 2, 9, 9, 6, 6, 2]
3119689:[9, 1, 5, 9, 2, 7, 9, 0, 9, 1]
3143552:[3, 2, 8, 9, 5, 6, 3, 5, 9, 0]
3224935:[6, 3, 4, 2, 0, 2, 8, 8, 5, 4]
3233724:[5, 6, 2, 3, 4, 8, 0, 9, 8, 9]
3248546:[6, 0, 3, 1, 8, 6, 0, 9, 2, 1]
3255399:[1, 1, 6, 7, 0, 3, 0, 6, 2, 3]
335883:[8, 8, 8, 9, 4, 4, 5, 6, 0, 8]
343228:[0, 5, 1, 8, 3, 1, 6, 4, 6, 1]
421367:[2, 2, 2, 7, 4, 0, 4, 5, 5, 4]
437838:[1, 5, 1, 5, 7, 2, 5, 1, 9, 9]
441534:[6, 3, 3, 1, 2, 6, 1, 2, 1, 4]
442803:[8, 8, 2, 4, 2, 4, 6, 4, 8, 4]
447187:[0, 6, 5, 4, 4, 9, 3, 8, 8, 6]
449976:[4, 8, 3, 5, 5, 6, 9, 4, 7, 2]
458764:[5, 2, 4, 1, 8, 1, 4, 8, 9, 2]
51001:[3, 7, 7, 0, 3, 3, 4, 3, 4, 5]
539501:[5, 4, 0, 0, 2, 7, 3, 9, 1, 6]
594388:[5, 7, 8, 1, 5, 1, 7, 2, 2, 7]
624461:[9, 9, 7, 1, 8, 1, 5, 5, 9, 9]
682679:[2, 0, 6, 1, 3, 5, 7, 8, 1, 8]
69608:[8, 5, 4, 6, 6, 0, 3, 5, 9, 0]
782900:[2, 3, 1, 5, 9, 5, 1, 0, 3, 3]
784443:[7, 9, 8, 3, 0, 1, 5, 2, 6, 5]
789977:[1, 9, 8, 8, 1, 0, 2, 1, 3, 8]
810616:[6, 4, 0, 1, 7, 8, 5, 9, 7, 5]
830315:[9, 3, 2, 0, 3, 8, 7, 0, 7, 6]
85368:[1, 8, 2, 9, 2, 2, 5, 8, 6, 6]
856867:[3, 4, 2, 9, 5, 3, 3, 9, 0, 4]
896714:[0, 5, 2, 8, 5, 1, 4, 4, 0, 0]
935171:[0, 7, 2, 2, 6, 8, 5, 8, 2, 8]
970530:[7, 8, 6, 7, 9, 4, 4, 3, 9, 8]
99649:[7, 0, 4, 0, 0, 0, 5, 5, 4, 4]
