1006678:[5, 1, 5, 7, 1, 1, 1, 2, 7, 0]
1012041:[9, 7, 7, 4, 0, 8, 8, 3, 8, 6]
1028329:[4, 5, 6, 5, 1, 3, 1, 7, 2, 6]
105364:[0, 4, 7, 6, 5, 1, 3, 6, 3, 5]
106986:[5, 4, 0, 5, 1, 4, 7, 5, 4, 6]
1070682:[5, 5, 2, 7, 1, 7, 3, 6, 3, 7]
1077060:[3, 7, 5, 1, 2, 6, 6, 2, 8, 2]
1078718:[8, 8, 0, 6, 4, 4, 5, 1, 5, 8]
1079569:[8, 5, 4, 6, 9, 4, 3, 9, 2, 6]
1130510:[1, 4, 6, 9, 2, 3, 0, 5, 9, 5]
1131496:[4, 5, 2, 5, 7, 5, 8, 4, 6, 1]
1132080:[4, 6, 9, 3, 0, 2, 6, 0, 5, 6]
1139285:[1, 8, 4, 5, 6, 3, 1, 5, 8, 2]
11492:[3, 0, 1, 2, 5, 8, 4, 8, 4, 2]
1160567:[3, 4, 0, 3, 7, 2, 8, 6, 8, 2]
1164531:[6, 9, 9, 0, 3, 5, 4, 7, 7, 8]
1168772:[9, 2, 9, 3, 3, 4, 7, 5, 0, 8]
1183384:[3, 7, 9, 2, 7, 3, 3, 6, 4, 0]
1191411:[7, 7, 4, 9, 3, 0, 8, 3, 3, 6]
1192431:[2, 7, 8, 6, 3, 9, 2, 3, 3, 8]
1194055:[8, 3, 4, 6, 7, 7, 2, 9, 0, 9]
119953:[1, 4, 8, 1, 2, 0, 4, 1, 5, 7]
1205063:[5, 1, 2, 8, 1, 5, 8, 8, 0, 5]
1205724:[2, 1, 6, 2, 6, 9, 0, 6, 9, 0]
121207:[7, 6, 8, 7, 7, 6, 0, 3, 2, 3]
1216287:[5, 8, 0, 8, 5, 2, 2, 7, 3, 6]
1217945:[5, 1, 5, 8, 5, 1, 5, 2, 5, 1]
1220337:[5, 6, 4, 7, 7, 6, 7, 7, 0, 3]
1222431:[2, 8, 7, 5, 0, 0, 3, 7, 1, 6]
1224124:[3, 8, 3, 6, 6, 7, 8, 1, 5, 8]
1232272:[3, 2, 0, 2, 6, 4, 6, 3, 9, 3]
1236882:[9, 7, 6, 5, 5, 6, 9, 3, 7, 8]
1241924:[2, 3, 5, 5, 5, 9, 3, 4, 3, 1]
1246267:[7, 0, 4, 4, 3, 5, 6, 1, 7, 9]
125180:[1, 6, 6, 8, 2, 5, 7, 0, 2, 2]
1255343:[5, 2, 4, 3, 9, 5, 0, 6, 9, 9]
1256496:[3, 2, 0, 3, 8, 2, 2, 8, 7, 3]
1261076:[4, 5, 1, 5, 7, 2, 1, 0, 7, 9]
1270430:[7, 3, 1, 3, 4, 7, 6, 3, 6, 0]
1274981:[9, 8, 0, 4, 5, 7, 0, 1, 1, 4]
1276301:[0, 7, 1, 3, 3, 1, 4, 1, 5, 1]
1276359:[3, 2, 4, 0, 9, 9, 5, 5, 4, 3]
1276924:[9, 6, 3, 7, 0, 9, 9, 9, 1, 6]
1285688:[4, 2, 6, 1, 2, 4, 2, 7, 3, 1]
1299456:[2, 9, 7, 2, 5, 8, 7, 3, 4, 6]
1302223:[5, 3, 9, 8, 9, 1, 2, 0, 8, 2]
1332554:[5, 9, 1, 0, 0, 5, 7, 6, 3, 5]
1340538:[9, 5, 5, 8, 1, 9, 1, 9, 5, 5]
1357743:[9, 1, 7, 7, 4, 5, 9, 0, 6, 1]
1365020:[8, 6, 9, 7, 1, 7, 2, 0, 3, 3]
1366076:[1, 6, 6, 4, 5, 0, 2, 7, 5, 4]
1379568:[2, 2, 8, 2, 4, 0, 0, 8, 6, 2]
1380882:[6, 2, 8, 6, 1, 2, 3, 6, 5, 6]
1397369:[9, 7, 6, 5, 5, 6, 9, 3, 7, 8]
140515:[8, 2, 8, 8, 0, 0, 2, 3, 4, 2]
1421917:[1, 9, 9, 2, 3, 6, 2, 0, 6, 0]
1423409:[5, 2, 5, 9, 3, 8, 5, 3, 9, 2]
1427568:[7, 3, 6, 7, 9, 1, 0, 8, 3, 6]
1436990:[8, 7, 5, 3, 2, 7, 2, 9, 3, 6]
1460860:[1, 6, 4, 5, 0, 4, 8, 0, 9, 3]
1462855:[0, 4, 0, 5, 0, 5, 0, 8, 4, 4]
1464298:[6, 6, 7, 8, 7, 5, 1, 4, 4, 4]
1472592:[1, 5, 9, 5, 5, 0, 0, 9, 8, 8]
1474944:[9, 8, 0, 5, 9, 9, 5, 9, 6, 8]
1478490:[6, 5, 4, 1, 2, 6, 7, 4, 1, 8]
1489543:[5, 6, 8, 3, 3, 4, 2, 3, 7, 1]
1489980:[3, 2, 9, 9, 9, 1, 7, 9, 9, 5]
1499503:[7, 7, 2, 1, 8, 1, 4, 7, 0, 5]
1501738:[0, 9, 4, 4, 8, 7, 6, 3, 5, 3]
1501914:[5, 8, 6, 9, 3, 7, 3, 5, 2, 7]
1506892:[0, 5, 4, 3, 4, 4, 4, 5, 8, 0]
1509338:[1, 7, 6, 7, 1, 8, 6, 9, 4, 1]
1549006:[2, 7, 1, 3, 6, 8, 3, 4, 1, 0]
1564042:[3, 7, 0, 3, 1, 1, 8, 1, 7, 9]
1565835:[5, 6, 1, 9, 3, 3, 8, 2, 7, 9]
1577827:[9, 7, 2, 8, 7, 9, 6, 9, 4, 6]
157845:[1, 6, 2, 7, 0, 9, 8, 5, 3, 4]
1593745:[4, 1, 6, 4, 2, 0, 7, 6, 6, 7]
1595263:[8, 6, 8, 4, 6, 9, 6, 5, 4, 2]
1598856:[2, 7, 9, 2, 9, 2, 2, 8, 8, 7]
1625456:[6, 4, 6, 8, 2, 5, 3, 4, 1, 1]
1657906:[9, 3, 5, 0, 8, 2, 6, 7, 8, 7]
1670111:[7, 6, 2, 8, 9, 6, 9, 5, 0, 5]
1670277:[1, 8, 3, 2, 8, 0, 0, 4, 1, 1]
1673051:[3, 2, 0, 0, 9, 5, 1, 9, 3, 6]
1676549:[7, 9, 4, 8, 1, 2, 6, 0, 2, 0]
1697812:[9, 1, 7, 1, 8, 9, 1, 2, 8, 7]
1698882:[1, 9, 5, 2, 9, 7, 5, 9, 6, 3]
1708631:[3, 4, 6, 4, 7, 3, 9, 4, 1, 2]
172506:[2, 2, 7, 6, 9, 1, 4, 1, 7, 4]
1728196:[7, 5, 2, 0, 1, 2, 0, 9, 9, 2]
1731992:[4, 5, 5, 9, 6, 4, 2, 3, 6, 1]
1738892:[3, 8, 6, 9, 7, 8, 2, 2, 1, 6]
1748411:[2, 3, 8, 2, 4, 1, 1, 8, 5, 8]
1791484:[4, 6, 4, 7, 2, 7, 5, 8, 6, 2]
1796438:[6, 2, 0, 5, 2, 1, 1, 8, 7, 2]
1807198:[2, 9, 3, 6, 4, 9, 8, 2, 2, 7]
1807232:[1, 8, 3, 2, 8, 0, 0, 4, 1, 1]
1810113:[2, 7, 6, 4, 9, 7, 7, 0, 8, 5]
1827749:[7, 9, 6, 1, 3, 8, 8, 0, 7, 7]
1860424:[3, 8, 0, 7, 2, 5, 5, 9, 3, 5]
1865026:[8, 4, 8, 4, 2, 3, 8, 4, 0, 8]
1868082:[2, 9, 5, 2, 8, 3, 9, 6, 7, 8]
1887863:[3, 6, 2, 1, 2, 3, 1, 8, 9, 7]
1896654:[0, 7, 7, 4, 4, 1, 6, 5, 4, 4]
1902171:[3, 2, 1, 0, 6, 8, 8, 4, 5, 5]
1905344:[6, 4, 6, 6, 6, 1, 1, 8, 6, 5]
1910398:[5, 7, 9, 1, 0, 0, 9, 9, 0, 3]
1912201:[9, 3, 4, 5, 8, 4, 5, 9, 1, 8]
1912583:[4, 3, 8, 4, 1, 6, 9, 5, 3, 3]
1919731:[3, 8, 3, 7, 5, 3, 4, 7, 2, 5]
1923577:[2, 0, 8, 8, 1, 0, 2, 2, 5, 9]
1927010:[7, 4, 6, 1, 7, 5, 7, 8, 5, 3]
1930801:[2, 6, 5, 2, 2, 1, 9, 2, 3, 3]
1944249:[2, 1, 1, 8, 9, 0, 9, 4, 5, 5]
1944371:[8, 6, 8, 7, 9, 1, 6, 8, 2, 2]
1944897:[6, 4, 9, 3, 2, 7, 7, 4, 6, 8]
1947120:[5, 8, 7, 8, 1, 6, 3, 5, 7, 4]
1956423:[1, 0, 7, 3, 1, 9, 9, 1, 4, 1]
1973447:[2, 1, 5, 7, 5, 3, 9, 4, 3, 1]
1992948:[7, 5, 7, 7, 4, 4, 9, 7, 8, 2]
2003511:[5, 5, 0, 5, 3, 0, 4, 1, 7, 2]
206545:[4, 5, 5, 9, 5, 5, 8, 6, 9, 8]
2072631:[2, 1, 0, 5, 0, 4, 7, 4, 3, 9]
2074864:[0, 6, 5, 7, 4, 3, 0, 7, 0, 7]
2082757:[5, 8, 7, 3, 2, 8, 2, 9, 7, 8]
2082870:[3, 9, 2, 5, 9, 0, 5, 5, 8, 8]
2085595:[2, 9, 0, 9, 5, 7, 0, 5, 9, 9]
2089049:[2, 6, 0, 1, 5, 4, 0, 1, 3, 4]
2090610:[6, 9, 7, 0, 0, 5, 6, 6, 7, 9]
2116008:[7, 7, 8, 0, 8, 9, 7, 3, 4, 1]
2142484:[2, 9, 4, 6, 5, 5, 7, 7, 5, 4]
2157784:[3, 0, 6, 0, 6, 4, 7, 6, 3, 0]
2157808:[1, 3, 0, 2, 0, 6, 1, 3, 7, 8]
2163846:[1, 5, 9, 4, 0, 6, 4, 6, 1, 7]
2182345:[8, 0, 1, 5, 1, 5, 2, 1, 1, 2]
2187535:[2, 7, 2, 3, 8, 4, 0, 9, 1, 0]
2197486:[0, 9, 0, 9, 1, 6, 3, 4, 0, 3]
2200717:[5, 5, 3, 5, 6, 6, 0, 0, 1, 3]
2218639:[2, 3, 7, 4, 8, 1, 1, 9, 0, 9]
2223167:[7, 9, 4, 9, 0, 7, 4, 1, 5, 2]
2241116:[7, 7, 4, 5, 8, 7, 1, 3, 6, 7]
226781:[3, 6, 3, 0, 8, 3, 5, 6, 8, 2]
2291112:[0, 1, 6, 1, 5, 0, 6, 4, 2, 7]
2299725:[7, 6, 4, 4, 4, 2, 3, 9, 9, 3]
2300642:[8, 3, 2, 6, 2, 2, 6, 9, 5, 1]
2300703:[2, 2, 9, 4, 6, 6, 7, 7, 1, 9]
2318187:[9, 5, 0, 5, 2, 3, 0, 0, 5, 5]
2322508:[2, 5, 3, 7, 9, 2, 3, 2, 3, 1]
2338763:[7, 6, 8, 2, 4, 1, 4, 4, 3, 0]
2342729:[9, 0, 9, 3, 2, 5, 2, 6, 0, 3]
2346465:[6, 9, 6, 9, 7, 0, 1, 9, 0, 8]
2378649:[2, 5, 7, 7, 6, 9, 5, 6, 3, 6]
2430587:[5, 4, 5, 1, 4, 7, 4, 9, 7, 9]
244466:[4, 3, 7, 0, 6, 6, 2, 6, 8, 7]
2445295:[5, 7, 9, 7, 0, 1, 2, 0, 5, 1]
2446690:[1, 9, 0, 8, 3, 8, 5, 0, 4, 2]
2448122:[5, 1, 4, 4, 2, 1, 1, 4, 5, 6]
24569:[2, 3, 8, 7, 0, 2, 6, 4, 6, 1]
2460642:[9, 1, 7, 8, 3, 2, 5, 0, 1, 7]
2465837:[2, 4, 4, 2, 2, 5, 3, 6, 5, 5]
2482070:[8, 0, 9, 0, 5, 1, 5, 4, 4, 4]
2485342:[4, 2, 8, 3, 6, 7, 5, 9, 8, 8]
2485493:[6, 3, 4, 4, 6, 4, 7, 6, 5, 2]
2497405:[7, 9, 9, 6, 6, 2, 7, 5, 3, 2]
2508000:[1, 2, 9, 2, 4, 9, 8, 5, 8, 9]
2537439:[0, 8, 6, 7, 1, 6, 2, 6, 8, 4]
2540860:[2, 9, 5, 1, 2, 4, 2, 6, 5, 9]
2542669:[6, 7, 7, 8, 6, 1, 3, 0, 7, 3]
2549576:[1, 4, 1, 2, 5, 7, 2, 6, 1, 2]
2550351:[3, 3, 0, 2, 0, 1, 0, 4, 6, 1]
2581620:[4, 0, 2, 3, 8, 4, 5, 8, 4, 6]
2596549:[9, 5, 0, 9, 3, 2, 1, 2, 0, 9]
2612486:[8, 5, 6, 4, 0, 8, 5, 8, 2, 1]
2620589:[1, 3, 0, 5, 1, 6, 1, 8, 3, 3]
2622302:[9, 2, 2, 0, 4, 3, 7, 0, 7, 2]
2622493:[0, 0, 3, 9, 4, 5, 6, 2, 2, 6]
2631242:[4, 8, 7, 7, 4, 2, 4, 1, 3, 0]
2644316:[5, 2, 4, 1, 8, 0, 9, 0, 3, 6]
2644391:[0, 5, 6, 7, 3, 8, 7, 7, 3, 9]
2660513:[8, 9, 1, 8, 7, 0, 8, 9, 6, 4]
2660870:[9, 9, 9, 2, 2, 4, 4, 0, 4, 1]
2663655:[3, 5, 4, 0, 0, 7, 4, 6, 4, 9]
2670505:[7, 3, 8, 2, 1, 9, 0, 8, 2, 9]
2686102:[3, 3, 6, 8, 6, 1, 5, 4, 0, 2]
2686706:[8, 8, 2, 7, 3, 0, 7, 9, 3, 8]
2693680:[8, 2, 0, 1, 8, 0, 9, 0, 5, 2]
2700365:[9, 0, 4, 4, 7, 7, 7, 0, 6, 3]
2705322:[8, 5, 1, 1, 6, 6, 5, 9, 6, 1]
2722799:[2, 1, 2, 8, 9, 7, 1, 5, 7, 5]
2729541:[0, 2, 0, 7, 3, 2, 0, 9, 9, 4]
2729658:[0, 4, 4, 2, 7, 4, 5, 4, 6, 2]
2736472:[2, 8, 4, 1, 6, 3, 6, 2, 5, 0]
2737924:[2, 1, 4, 1, 8, 2, 7, 7, 8, 3]
2745281:[0, 6, 2, 2, 8, 7, 3, 8, 7, 0]
2752064:[9, 0, 2, 0, 6, 9, 4, 6, 1, 3]
2758741:[0, 4, 1, 5, 7, 4, 2, 5, 7, 8]
2762986:[7, 4, 5, 7, 3, 9, 7, 6, 7, 5]
2765646:[9, 1, 0, 3, 2, 4, 4, 3, 3, 9]
2772591:[0, 9, 8, 5, 7, 4, 7, 8, 6, 2]
2780646:[1, 9, 7, 8, 0, 0, 4, 2, 3, 2]
2805542:[9, 9, 6, 1, 4, 2, 7, 1, 7, 4]
2820416:[9, 8, 1, 0, 0, 8, 9, 8, 6, 0]
2830081:[1, 4, 5, 6, 5, 4, 5, 3, 9, 1]
2834052:[2, 7, 9, 8, 2, 1, 2, 5, 9, 4]
2852528:[6, 2, 1, 4, 2, 7, 0, 1, 6, 5]
2853274:[8, 5, 6, 6, 4, 6, 5, 3, 4, 7]
2854476:[5, 3, 7, 3, 8, 0, 4, 5, 5, 5]
2860060:[2, 8, 1, 7, 6, 7, 0, 6, 3, 3]
2872824:[9, 1, 4, 6, 9, 5, 4, 7, 3, 5]
2873416:[1, 6, 9, 5, 5, 8, 9, 0, 7, 1]
287959:[2, 9, 1, 2, 1, 5, 5, 7, 3, 5]
2900810:[3, 9, 7, 7, 9, 5, 7, 2, 2, 1]
2908974:[9, 7, 0, 2, 2, 8, 4, 7, 6, 4]
2916184:[0, 7, 3, 1, 8, 8, 2, 1, 7, 0]
291629:[3, 5, 6, 0, 5, 2, 5, 9, 7, 5]
2933010:[8, 4, 5, 2, 0, 6, 8, 2, 3, 1]
2944845:[2, 1, 4, 1, 3, 9, 3, 4, 4, 2]
2945842:[5, 6, 3, 3, 3, 0, 1, 5, 8, 1]
2953972:[5, 3, 1, 1, 9, 4, 2, 5, 7, 5]
2954325:[1, 7, 9, 8, 8, 7, 1, 5, 4, 8]
2966896:[1, 4, 2, 7, 1, 6, 8, 3, 2, 8]
2969108:[6, 3, 8, 3, 0, 3, 9, 6, 6, 1]
2973785:[5, 7, 2, 2, 5, 0, 0, 9, 9, 4]
2976056:[8, 3, 7, 0, 8, 0, 3, 2, 1, 7]
298157:[0, 6, 5, 7, 7, 7, 9, 9, 1, 5]
2991061:[9, 0, 5, 2, 8, 8, 5, 1, 0, 6]
2996907:[3, 8, 2, 9, 2, 5, 7, 3, 2, 1]
3036041:[9, 9, 0, 1, 1, 6, 2, 9, 9, 0]
3063116:[2, 2, 7, 0, 7, 1, 2, 6, 9, 2]
3067445:[6, 8, 3, 1, 4, 9, 2, 9, 9, 9]
3068265:[6, 6, 9, 8, 4, 9, 8, 7, 7, 8]
3074733:[0, 6, 1, 7, 8, 9, 3, 9, 2, 0]
3077652:[5, 1, 5, 8, 5, 1, 5, 2, 5, 1]
3092960:[2, 9, 5, 7, 4, 7, 3, 5, 1, 3]
3097645:[5, 3, 1, 1, 9, 4, 2, 5, 7, 5]
3098309:[2, 2, 7, 2, 7, 4, 2, 4, 5, 8]
3107380:[7, 2, 9, 0, 2, 8, 8, 4, 1, 6]
3112443:[4, 7, 6, 0, 6, 3, 0, 3, 3, 6]
3128043:[2, 1, 3, 7, 7, 1, 8, 0, 6, 2]
3136757:[6, 8, 6, 9, 7, 1, 8, 8, 6, 2]
3139987:[5, 9, 8, 8, 6, 6, 7, 8, 8, 6]
314408:[8, 9, 1, 6, 4, 7, 1, 1, 7, 3]
3166100:[8, 7, 2, 1, 7, 5, 9, 0, 7, 0]
3169603:[1, 2, 1, 1, 8, 0, 9, 3, 9, 1]
3178352:[9, 9, 2, 9, 6, 2, 7, 3, 3, 1]
3182016:[7, 3, 9, 5, 1, 7, 9, 9, 7, 5]
3184107:[1, 4, 3, 5, 7, 7, 5, 8, 2, 0]
3197858:[7, 3, 8, 1, 6, 1, 8, 4, 8, 0]
3204771:[4, 7, 8, 0, 4, 2, 9, 0, 9, 2]
3213089:[0, 1, 2, 5, 6, 1, 0, 7, 7, 7]
3214011:[0, 7, 5, 1, 2, 1, 8, 5, 1, 7]
3215074:[2, 6, 7, 4, 0, 9, 3, 8, 5, 0]
3221890:[3, 7, 0, 2, 2, 0, 7, 0, 9, 1]
3222281:[1, 1, 2, 0, 6, 8, 4, 1, 7, 2]
3224212:[2, 5, 7, 9, 8, 7, 1, 7, 7, 6]
3264201:[5, 0, 8, 2, 9, 0, 9, 5, 9, 1]
3267054:[4, 4, 5, 7, 6, 6, 3, 4, 1, 3]
3269303:[2, 3, 2, 2, 5, 5, 6, 5, 4, 0]
33393:[7, 2, 1, 2, 6, 3, 1, 2, 3, 0]
344770:[0, 6, 6, 0, 0, 0, 1, 0, 5, 8]
345420:[7, 3, 1, 9, 6, 3, 4, 7, 2, 2]
346603:[0, 7, 2, 7, 8, 5, 9, 2, 6, 8]
351058:[3, 0, 8, 2, 8, 2, 8, 8, 1, 5]
351437:[0, 0, 1, 1, 4, 3, 2, 8, 7, 8]
370362:[4, 8, 7, 6, 2, 6, 0, 8, 3, 0]
370592:[2, 1, 0, 3, 9, 0, 8, 2, 9, 1]
371076:[6, 1, 8, 0, 1, 2, 9, 0, 9, 4]
384162:[6, 3, 4, 1, 6, 3, 9, 3, 9, 9]
406174:[7, 9, 9, 4, 2, 7, 3, 3, 6, 6]
407771:[3, 3, 0, 8, 6, 2, 1, 9, 3, 1]
418736:[3, 4, 7, 3, 6, 0, 5, 1, 1, 7]
43416:[4, 3, 0, 4, 8, 4, 3, 5, 6, 7]
442805:[1, 5, 4, 7, 9, 1, 3, 1, 6, 7]
450559:[6, 6, 5, 9, 0, 8, 2, 7, 5, 8]
465308:[0, 7, 0, 5, 8, 4, 7, 0, 1, 4]
469900:[4, 5, 8, 2, 5, 3, 0, 3, 0, 0]
476086:[0, 8, 1, 9, 9, 8, 3, 8, 2, 1]
478286:[6, 5, 3, 7, 5, 7, 7, 0, 9, 7]
502937:[7, 5, 2, 2, 1, 5, 7, 3, 5, 0]
505575:[0, 5, 4, 3, 1, 3, 3, 9, 1, 0]
51924:[6, 3, 6, 0, 9, 8, 8, 1, 6, 7]
53385:[2, 6, 5, 1, 4, 3, 7, 6, 2, 0]
537327:[4, 8, 1, 7, 9, 0, 6, 9, 1, 8]
548759:[5, 1, 9, 5, 3, 1, 2, 4, 5, 6]
549703:[5, 2, 7, 2, 5, 7, 5, 9, 7, 3]
552191:[9, 8, 2, 7, 6, 2, 4, 4, 0, 6]
55663:[6, 6, 5, 9, 7, 9, 5, 9, 2, 2]
574952:[2, 2, 9, 4, 9, 8, 1, 2, 6, 6]
576224:[8, 4, 9, 1, 8, 2, 3, 2, 2, 9]
586038:[9, 3, 0, 7, 7, 0, 1, 0, 8, 4]
607878:[3, 5, 9, 3, 8, 1, 4, 9, 8, 0]
610787:[3, 8, 3, 4, 4, 1, 3, 1, 3, 6]
622257:[1, 7, 9, 1, 3, 0, 9, 4, 6, 5]
624354:[3, 3, 9, 6, 6, 1, 8, 6, 9, 2]
628227:[7, 8, 9, 0, 6, 4, 3, 9, 6, 1]
634426:[7, 5, 2, 0, 1, 2, 0, 9, 9, 2]
660091:[6, 3, 9, 3, 7, 3, 0, 1, 2, 5]
660162:[5, 5, 7, 9, 7, 8, 3, 4, 8, 8]
670329:[7, 7, 7, 9, 4, 4, 0, 3, 6, 9]
686689:[9, 9, 3, 8, 2, 0, 6, 1, 9, 6]
714173:[7, 1, 8, 5, 1, 1, 3, 0, 0, 6]
72645:[6, 9, 9, 7, 1, 0, 8, 8, 1, 2]
739401:[5, 8, 8, 8, 6, 8, 3, 7, 3, 0]
746679:[1, 3, 9, 1, 2, 3, 5, 9, 7, 8]
754607:[9, 3, 6, 3, 9, 1, 7, 9, 6, 2]
756900:[6, 9, 4, 5, 0, 1, 6, 9, 4, 5]
762179:[8, 5, 6, 7, 8, 5, 3, 2, 3, 5]
788674:[0, 8, 6, 6, 2, 2, 6, 0, 2, 9]
793743:[2, 2, 9, 2, 1, 9, 1, 6, 7, 1]
806836:[5, 5, 4, 4, 1, 9, 6, 1, 1, 1]
824546:[5, 3, 1, 5, 5, 0, 1, 6, 4, 5]
844879:[7, 9, 1, 6, 8, 7, 7, 3, 0, 0]
848046:[9, 7, 3, 7, 8, 2, 5, 4, 5, 8]
84824:[3, 5, 5, 6, 5, 2, 8, 1, 9, 9]
863997:[7, 7, 1, 9, 6, 6, 4, 7, 2, 7]
873853:[5, 7, 8, 7, 5, 3, 2, 1, 5, 7]
875701:[6, 2, 4, 0, 0, 6, 7, 3, 8, 0]
881831:[4, 1, 6, 7, 3, 8, 1, 1, 4, 0]
897731:[9, 0, 7, 7, 4, 0, 0, 9, 4, 8]
898930:[9, 6, 7, 8, 2, 5, 5, 4, 2, 6]
903811:[7, 4, 3, 6, 8, 8, 6, 7, 9, 0]
931380:[5, 1, 2, 6, 1, 8, 7, 1, 9, 0]
947421:[4, 3, 2, 2, 5, 8, 2, 9, 4, 7]
964788:[9, 7, 8, 0, 8, 8, 7, 6, 4, 3]
965498:[0, 3, 2, 6, 8, 7, 6, 7, 0, 2]
988240:[2, 2, 1, 2, 3, 9, 1, 6, 9, 3]
997323:[5, 7, 1, 4, 6, 1, 6, 5, 7, 1]
