100026:[1, 3, 5, 8, 8, 9, 0, 0, 7, 2]
1001038:[9, 2, 9, 7, 2, 5, 4, 5, 4, 4]
1001171:[1, 6, 0, 3, 7, 9, 0, 1, 5, 2]
100170:[4, 3, 6, 8, 1, 2, 6, 4, 6, 7]
1004452:[2, 7, 3, 9, 9, 2, 7, 3, 9, 8]
1005689:[6, 3, 4, 5, 6, 7, 3, 0, 5, 3]
1006148:[4, 6, 6, 8, 9, 1, 7, 7, 5, 3]
1006563:[4, 2, 0, 1, 3, 4, 5, 5, 2, 2]
1009446:[6, 1, 3, 6, 0, 6, 7, 2, 5, 1]
1010785:[1, 8, 3, 5, 2, 1, 9, 6, 9, 4]
1011187:[5, 4, 8, 9, 6, 6, 0, 4, 8, 4]
1012034:[3, 3, 6, 5, 1, 9, 8, 1, 0, 8]
1012323:[4, 4, 4, 5, 9, 3, 0, 8, 6, 6]
1014473:[3, 8, 3, 5, 6, 4, 5, 1, 5, 9]
1015634:[4, 9, 7, 3, 4, 7, 1, 0, 3, 6]
10174:[0, 7, 0, 3, 8, 3, 5, 7, 9, 6]
1019912:[8, 2, 6, 1, 4, 3, 1, 4, 6, 0]
1023830:[3, 7, 7, 7, 9, 2, 2, 4, 0, 8]
1024139:[1, 5, 2, 9, 0, 8, 0, 1, 5, 7]
1024634:[7, 9, 8, 8, 6, 6, 3, 3, 6, 8]
1027029:[7, 5, 6, 3, 3, 1, 9, 6, 8, 4]
1028094:[4, 8, 2, 9, 6, 7, 1, 3, 3, 4]
1028989:[1, 2, 0, 9, 5, 8, 2, 2, 9, 1]
1029152:[6, 0, 9, 2, 6, 2, 2, 8, 2, 4]
103060:[6, 5, 6, 8, 1, 4, 3, 0, 0, 8]
1030837:[2, 6, 0, 9, 1, 2, 9, 2, 5, 0]
1031727:[9, 6, 2, 8, 7, 2, 5, 0, 9, 7]
1033854:[7, 7, 9, 6, 5, 3, 9, 5, 5, 8]
1033914:[5, 0, 8, 0, 9, 7, 8, 2, 3, 7]
1033952:[3, 2, 1, 2, 3, 0, 5, 9, 5, 4]
1034578:[6, 9, 2, 4, 9, 2, 8, 8, 0, 2]
1035136:[4, 1, 6, 0, 2, 3, 3, 6, 3, 1]
1037840:[7, 6, 7, 7, 4, 1, 6, 4, 9, 8]
1038880:[6, 0, 1, 6, 4, 3, 1, 3, 4, 9]
1039138:[7, 1, 4, 5, 0, 9, 2, 4, 8, 9]
1043495:[4, 2, 7, 9, 3, 4, 3, 4, 7, 0]
1046314:[1, 9, 3, 3, 9, 2, 4, 4, 1, 7]
1047185:[0, 9, 2, 0, 7, 9, 5, 9, 6, 5]
1048540:[5, 9, 2, 5, 3, 4, 6, 3, 2, 0]
1050582:[3, 3, 1, 3, 8, 1, 2, 8, 8, 3]
1051287:[7, 6, 7, 3, 7, 4, 1, 4, 3, 7]
1052755:[4, 0, 7, 4, 1, 1, 6, 6, 8, 8]
1052852:[7, 7, 7, 2, 8, 8, 3, 4, 9, 5]
1057533:[5, 1, 0, 1, 7, 0, 2, 6, 1, 9]
1062296:[1, 9, 7, 0, 4, 3, 2, 0, 5, 5]
106399:[5, 1, 3, 2, 5, 7, 6, 8, 8, 5]
1066190:[0, 7, 8, 5, 0, 5, 9, 4, 9, 9]
1071249:[8, 1, 6, 2, 9, 6, 8, 1, 7, 0]
1071782:[8, 2, 1, 4, 3, 7, 6, 1, 6, 5]
1074254:[7, 4, 3, 9, 6, 2, 2, 3, 5, 0]
1075448:[3, 3, 4, 3, 6, 9, 2, 2, 1, 7]
1076218:[5, 3, 9, 8, 3, 4, 5, 1, 7, 9]
1077544:[1, 6, 8, 6, 8, 9, 0, 6, 8, 4]
1078284:[1, 5, 0, 0, 7, 6, 5, 1, 3, 6]
1080522:[8, 4, 4, 8, 4, 7, 6, 5, 7, 5]
1080949:[7, 5, 5, 4, 3, 7, 0, 7, 2, 8]
1082299:[2, 0, 0, 2, 6, 0, 9, 9, 5, 3]
1083225:[2, 9, 5, 6, 4, 1, 0, 5, 7, 0]
1084376:[4, 7, 8, 3, 7, 4, 1, 0, 1, 8]
1087003:[4, 8, 8, 3, 0, 5, 8, 3, 6, 4]
1088401:[2, 6, 1, 8, 0, 0, 3, 5, 8, 5]
1089380:[8, 4, 8, 0, 9, 1, 3, 3, 2, 5]
1089642:[5, 7, 0, 1, 3, 7, 8, 4, 8, 8]
1095609:[2, 4, 2, 0, 0, 6, 4, 9, 9, 1]
1096729:[1, 8, 0, 8, 7, 5, 5, 2, 8, 0]
1097017:[4, 7, 0, 6, 2, 6, 4, 9, 1, 6]
109743:[3, 2, 2, 1, 9, 3, 7, 7, 0, 7]
1099378:[0, 7, 2, 6, 7, 8, 9, 0, 6, 3]
1100250:[8, 3, 0, 6, 6, 8, 6, 5, 5, 4]
1102296:[4, 1, 2, 5, 9, 9, 1, 4, 0, 2]
110793:[9, 6, 7, 4, 8, 2, 7, 0, 4, 0]
1108167:[9, 2, 5, 2, 7, 5, 9, 6, 3, 8]
1111671:[4, 0, 4, 5, 9, 0, 5, 8, 1, 5]
1112907:[3, 4, 0, 9, 4, 6, 3, 7, 9, 6]
1113729:[4, 4, 8, 2, 0, 9, 3, 8, 4, 2]
1114979:[2, 3, 5, 3, 4, 0, 8, 7, 6, 7]
1115018:[9, 1, 0, 3, 0, 1, 5, 9, 8, 0]
1115862:[1, 9, 2, 0, 6, 2, 2, 5, 1, 2]
1115883:[5, 7, 8, 8, 8, 0, 3, 9, 4, 7]
1116764:[7, 6, 8, 0, 9, 8, 7, 7, 5, 2]
1118872:[9, 2, 1, 0, 5, 4, 0, 8, 1, 3]
1124586:[0, 5, 3, 9, 7, 3, 1, 2, 8, 5]
1124587:[1, 7, 3, 9, 6, 7, 2, 9, 5, 9]
1124916:[5, 8, 3, 9, 8, 2, 3, 9, 0, 0]
1125367:[9, 0, 1, 7, 2, 7, 5, 9, 4, 5]
112580:[9, 1, 5, 3, 3, 4, 4, 3, 0, 3]
1126777:[1, 5, 4, 0, 7, 2, 3, 0, 9, 2]
1128479:[1, 1, 4, 2, 7, 3, 5, 4, 0, 3]
1130493:[9, 2, 1, 4, 5, 1, 5, 2, 3, 4]
1131183:[3, 3, 1, 6, 9, 8, 5, 2, 5, 4]
113388:[9, 8, 7, 1, 7, 9, 2, 6, 1, 9]
1134460:[0, 9, 4, 2, 2, 2, 8, 3, 6, 9]
1135804:[7, 3, 8, 2, 7, 2, 5, 6, 5, 6]
1137147:[5, 9, 5, 4, 7, 3, 8, 0, 8, 5]
1138034:[6, 4, 3, 5, 0, 5, 7, 9, 7, 0]
1138688:[3, 0, 7, 1, 7, 5, 7, 9, 1, 8]
1140332:[3, 6, 4, 1, 7, 5, 9, 2, 1, 3]
1141964:[2, 6, 3, 8, 6, 8, 0, 7, 4, 2]
1142262:[2, 2, 3, 4, 4, 0, 6, 6, 1, 8]
1144796:[3, 4, 5, 8, 1, 9, 5, 7, 6, 6]
1144852:[7, 0, 7, 8, 9, 1, 1, 7, 2, 4]
114685:[7, 5, 3, 9, 9, 2, 3, 6, 1, 3]
1146883:[5, 9, 1, 5, 3, 7, 0, 6, 1, 5]
1147125:[6, 5, 2, 2, 9, 3, 7, 2, 4, 6]
1147894:[7, 4, 9, 1, 4, 6, 5, 6, 3, 3]
114805:[5, 0, 7, 6, 9, 5, 7, 0, 5, 4]
1148632:[4, 5, 4, 8, 0, 7, 2, 1, 3, 9]
1149430:[4, 0, 6, 2, 5, 9, 5, 7, 3, 0]
11533:[2, 6, 6, 1, 1, 1, 0, 8, 2, 1]
1153733:[1, 7, 4, 3, 9, 2, 0, 2, 0, 1]
115584:[8, 8, 5, 0, 1, 8, 5, 2, 1, 2]
1157687:[6, 2, 6, 3, 0, 3, 1, 9, 5, 7]
1158355:[8, 8, 7, 9, 4, 6, 7, 9, 3, 6]
1160638:[2, 1, 9, 6, 2, 4, 4, 2, 0, 6]
1162370:[3, 5, 6, 2, 6, 3, 5, 4, 3, 8]
1165923:[1, 2, 5, 9, 8, 4, 2, 9, 1, 1]
1166508:[5, 1, 1, 1, 2, 0, 5, 9, 8, 4]
1166620:[0, 7, 8, 4, 5, 3, 9, 1, 6, 8]
1169426:[7, 5, 9, 8, 7, 6, 0, 4, 7, 7]
1175540:[3, 1, 9, 5, 4, 2, 4, 4, 2, 0]
1175880:[2, 2, 1, 4, 2, 0, 8, 7, 1, 3]
1176250:[7, 2, 2, 0, 4, 9, 2, 7, 0, 6]
1178591:[5, 8, 7, 4, 4, 9, 4, 7, 8, 5]
1179490:[5, 5, 3, 2, 3, 8, 1, 9, 9, 4]
1179698:[0, 0, 9, 2, 8, 4, 2, 7, 3, 0]
1180462:[2, 6, 7, 6, 7, 9, 2, 5, 8, 7]
1182360:[9, 4, 7, 8, 5, 2, 1, 0, 7, 6]
1182791:[1, 9, 2, 3, 4, 3, 8, 9, 0, 0]
1186423:[7, 5, 4, 3, 1, 5, 7, 7, 5, 9]
1187028:[0, 0, 5, 1, 1, 6, 9, 9, 3, 5]
1187494:[0, 8, 0, 0, 0, 1, 5, 6, 9, 4]
1188018:[1, 8, 5, 7, 0, 1, 7, 0, 9, 3]
1190218:[0, 2, 5, 6, 3, 8, 6, 0, 0, 3]
1191289:[9, 4, 7, 1, 6, 7, 2, 4, 2, 4]
1191879:[0, 3, 4, 6, 5, 5, 5, 5, 1, 3]
1192102:[1, 3, 2, 2, 3, 8, 8, 0, 4, 1]
1196125:[5, 4, 5, 2, 1, 1, 5, 6, 5, 6]
1196184:[9, 8, 5, 6, 8, 0, 6, 6, 4, 4]
1197097:[9, 7, 3, 3, 6, 7, 0, 8, 4, 7]
1200558:[0, 3, 1, 4, 9, 9, 4, 5, 6, 8]
1208905:[7, 8, 7, 2, 4, 9, 1, 4, 2, 7]
1210137:[5, 2, 2, 3, 9, 5, 8, 5, 6, 9]
1210669:[4, 5, 5, 1, 8, 4, 8, 9, 5, 3]
1211592:[8, 1, 0, 6, 2, 7, 0, 1, 9, 1]
1213069:[7, 5, 2, 2, 0, 3, 9, 1, 8, 7]
1213426:[7, 8, 8, 2, 9, 2, 2, 3, 3, 1]
1213507:[1, 8, 9, 1, 1, 9, 4, 4, 9, 7]
1215303:[3, 5, 1, 2, 2, 0, 1, 2, 1, 4]
1216276:[3, 5, 7, 6, 4, 7, 9, 9, 5, 7]
1216891:[6, 0, 6, 6, 6, 7, 4, 0, 4, 4]
1216921:[0, 6, 2, 3, 4, 1, 4, 7, 7, 2]
1217665:[9, 9, 4, 7, 0, 6, 2, 0, 0, 2]
1217852:[0, 9, 0, 7, 9, 4, 3, 9, 5, 0]
1220993:[5, 9, 3, 3, 8, 8, 1, 4, 5, 7]
1221273:[7, 3, 4, 0, 7, 1, 0, 4, 1, 9]
1225372:[5, 9, 2, 6, 3, 9, 6, 5, 3, 3]
122711:[8, 5, 0, 7, 9, 8, 1, 5, 6, 3]
1227613:[7, 0, 6, 4, 9, 2, 6, 6, 5, 3]
122955:[3, 1, 2, 6, 2, 8, 3, 5, 5, 7]
1231957:[9, 9, 8, 5, 2, 2, 0, 7, 9, 0]
1234959:[4, 1, 9, 4, 6, 7, 5, 8, 3, 3]
1238050:[8, 1, 5, 7, 4, 8, 3, 2, 6, 4]
1239773:[3, 1, 5, 7, 9, 7, 2, 5, 6, 0]
1240305:[3, 0, 8, 5, 7, 3, 2, 3, 6, 4]
1240363:[1, 6, 7, 5, 2, 3, 6, 6, 2, 2]
124132:[1, 2, 2, 5, 1, 0, 1, 7, 9, 0]
1242368:[4, 5, 6, 3, 7, 8, 7, 5, 0, 6]
1243284:[1, 2, 8, 5, 5, 0, 4, 9, 7, 8]
1248747:[5, 1, 3, 9, 3, 9, 9, 3, 5, 3]
124978:[9, 5, 3, 4, 6, 6, 1, 3, 1, 3]
1251602:[9, 0, 5, 6, 5, 5, 9, 9, 1, 6]
1253095:[2, 4, 6, 3, 7, 6, 4, 8, 4, 7]
1253220:[1, 8, 0, 7, 8, 4, 7, 7, 1, 1]
1253578:[8, 3, 5, 0, 6, 4, 8, 2, 8, 7]
1254066:[8, 9, 7, 6, 7, 3, 1, 2, 6, 4]
1255707:[7, 0, 5, 9, 4, 5, 3, 7, 6, 7]
1257484:[8, 9, 2, 7, 3, 8, 4, 0, 1, 6]
1258736:[4, 5, 6, 3, 7, 8, 7, 5, 0, 6]
1259066:[2, 6, 5, 6, 8, 6, 7, 0, 5, 6]
1263518:[3, 0, 7, 3, 8, 7, 7, 4, 6, 6]
1266789:[7, 9, 1, 3, 8, 2, 8, 5, 3, 1]
1267028:[9, 7, 7, 2, 6, 8, 5, 0, 1, 0]
1267890:[5, 5, 9, 3, 7, 2, 5, 2, 4, 1]
1268787:[9, 2, 8, 1, 3, 9, 2, 6, 1, 5]
1269842:[0, 2, 2, 1, 4, 0, 4, 5, 9, 4]
1269994:[2, 5, 3, 8, 1, 7, 3, 6, 2, 7]
1271165:[6, 5, 9, 9, 2, 8, 3, 9, 3, 7]
1271864:[0, 2, 8, 1, 6, 0, 6, 4, 4, 6]
1274026:[5, 8, 6, 9, 1, 4, 6, 4, 9, 2]
1276660:[4, 7, 2, 9, 2, 4, 7, 7, 5, 1]
1276910:[0, 0, 1, 4, 7, 7, 3, 5, 9, 0]
1279434:[5, 3, 6, 6, 9, 9, 0, 2, 2, 7]
1280270:[5, 2, 7, 6, 4, 5, 0, 2, 3, 6]
1280539:[8, 6, 8, 3, 4, 7, 6, 4, 1, 1]
1280550:[9, 6, 3, 4, 6, 4, 4, 2, 3, 4]
1280898:[8, 9, 4, 6, 2, 2, 4, 0, 9, 3]
128212:[2, 1, 7, 7, 9, 0, 2, 0, 0, 7]
1282210:[9, 2, 4, 4, 0, 4, 7, 1, 7, 0]
1282398:[4, 6, 2, 0, 8, 3, 1, 9, 5, 6]
1282846:[7, 8, 9, 0, 4, 1, 1, 5, 3, 5]
128285:[0, 5, 9, 5, 3, 5, 8, 7, 2, 8]
1283590:[7, 6, 5, 1, 2, 1, 3, 9, 3, 9]
1284124:[6, 9, 2, 8, 6, 7, 1, 2, 3, 1]
1285179:[2, 8, 3, 5, 2, 6, 6, 1, 8, 6]
1285745:[9, 7, 0, 5, 1, 0, 0, 8, 2, 8]
1285877:[3, 6, 9, 7, 0, 3, 3, 3, 9, 0]
1286510:[1, 1, 2, 3, 6, 7, 4, 6, 6, 1]
1286801:[0, 8, 3, 7, 7, 8, 6, 7, 1, 8]
1288960:[6, 8, 0, 3, 9, 5, 2, 6, 1, 5]
1289401:[3, 5, 7, 6, 6, 7, 3, 0, 9, 5]
1289427:[0, 8, 0, 6, 0, 9, 8, 7, 4, 1]
1290257:[7, 2, 3, 7, 5, 8, 5, 0, 5, 3]
1290287:[0, 1, 6, 4, 2, 7, 4, 5, 1, 7]
1293848:[4, 4, 8, 4, 9, 9, 0, 9, 0, 6]
1294791:[7, 8, 6, 2, 6, 0, 9, 4, 8, 0]
129496:[2, 4, 4, 4, 0, 1, 6, 0, 8, 4]
1295949:[2, 6, 5, 8, 1, 8, 5, 2, 9, 0]
129638:[1, 6, 7, 9, 2, 1, 4, 1, 5, 3]
1297175:[0, 7, 0, 2, 4, 6, 3, 0, 2, 8]
1297742:[7, 7, 0, 0, 8, 0, 2, 9, 7, 7]
1298703:[7, 9, 9, 8, 0, 1, 2, 9, 1, 7]
129873:[8, 6, 5, 3, 8, 5, 1, 9, 0, 0]
1299310:[0, 1, 4, 4, 8, 9, 4, 3, 8, 5]
1301014:[1, 8, 9, 3, 6, 5, 3, 2, 3, 0]
1304327:[2, 3, 4, 0, 9, 7, 2, 8, 0, 6]
1304975:[7, 6, 4, 5, 7, 9, 6, 0, 4, 8]
1305370:[6, 5, 7, 2, 0, 0, 2, 3, 8, 0]
1306912:[5, 0, 5, 5, 0, 5, 8, 1, 9, 6]
1306956:[9, 1, 5, 8, 5, 1, 2, 6, 7, 6]
1310758:[2, 7, 8, 6, 0, 6, 4, 9, 1, 8]
1311729:[8, 0, 0, 1, 4, 3, 7, 3, 5, 7]
1313454:[0, 8, 9, 1, 0, 2, 3, 9, 5, 7]
1314914:[1, 1, 1, 3, 5, 2, 9, 6, 1, 2]
1315369:[3, 8, 1, 9, 5, 9, 6, 9, 8, 1]
1317504:[4, 5, 9, 5, 2, 1, 4, 4, 4, 0]
1317614:[1, 4, 7, 9, 1, 5, 7, 7, 2, 6]
1318717:[4, 7, 5, 2, 1, 7, 3, 7, 7, 8]
1319309:[8, 4, 3, 8, 4, 2, 4, 8, 7, 7]
1320522:[4, 3, 9, 2, 0, 0, 3, 5, 3, 4]
1320689:[4, 1, 6, 6, 3, 5, 4, 1, 2, 0]
1324971:[2, 9, 6, 9, 2, 4, 7, 0, 6, 3]
1326855:[2, 0, 7, 9, 1, 0, 4, 1, 8, 8]
1329277:[5, 4, 5, 3, 3, 8, 3, 4, 8, 3]
1330408:[7, 1, 1, 6, 2, 5, 5, 1, 4, 7]
1331352:[6, 8, 7, 1, 8, 3, 9, 5, 9, 4]
1331356:[2, 2, 0, 0, 9, 3, 3, 5, 6, 6]
1331814:[2, 0, 8, 2, 9, 5, 5, 1, 2, 8]
1331886:[4, 8, 5, 0, 8, 6, 6, 6, 9, 8]
1332443:[2, 1, 4, 0, 4, 6, 9, 3, 2, 6]
1332621:[3, 6, 3, 7, 7, 4, 3, 3, 4, 4]
133404:[8, 4, 7, 1, 2, 8, 3, 8, 9, 4]
1334554:[8, 4, 0, 9, 8, 3, 8, 1, 9, 4]
133959:[6, 0, 8, 1, 8, 9, 5, 9, 3, 9]
1340305:[1, 0, 8, 5, 1, 8, 0, 5, 7, 0]
1343627:[0, 0, 1, 3, 8, 1, 2, 2, 8, 9]
1345729:[2, 6, 8, 6, 0, 2, 7, 0, 0, 8]
1346050:[3, 4, 5, 6, 8, 6, 3, 7, 4, 0]
1347743:[4, 7, 0, 2, 7, 2, 0, 9, 1, 4]
1348506:[0, 3, 2, 1, 0, 9, 7, 0, 6, 2]
1349510:[5, 6, 5, 1, 5, 0, 7, 5, 5, 6]
1353420:[3, 8, 1, 0, 1, 7, 0, 6, 5, 7]
1355669:[0, 8, 9, 9, 5, 7, 3, 8, 7, 4]
1356829:[1, 3, 8, 2, 5, 1, 2, 7, 3, 5]
135791:[7, 3, 1, 6, 0, 6, 5, 6, 3, 2]
1358258:[2, 1, 1, 4, 4, 3, 3, 4, 3, 1]
1358675:[4, 8, 2, 4, 6, 4, 7, 9, 4, 7]
1360561:[6, 6, 6, 0, 2, 6, 9, 5, 0, 0]
1364651:[2, 8, 0, 3, 3, 1, 8, 5, 9, 1]
1364915:[9, 6, 6, 7, 2, 7, 8, 9, 7, 7]
1366403:[8, 3, 6, 3, 3, 7, 7, 0, 5, 1]
1366472:[7, 7, 4, 5, 6, 9, 7, 8, 7, 7]
1367645:[8, 9, 1, 1, 3, 2, 5, 4, 6, 3]
1368045:[0, 4, 0, 8, 3, 9, 5, 0, 3, 5]
1368434:[9, 2, 0, 9, 6, 2, 0, 2, 7, 2]
1368588:[3, 1, 1, 8, 9, 6, 9, 2, 8, 7]
1371167:[6, 0, 2, 6, 8, 1, 5, 2, 2, 5]
1371855:[9, 5, 3, 5, 8, 1, 6, 4, 1, 3]
1373070:[9, 8, 3, 1, 5, 3, 2, 5, 5, 4]
1374026:[3, 3, 9, 4, 2, 8, 7, 2, 0, 3]
1374040:[0, 2, 3, 2, 6, 1, 7, 8, 7, 5]
1374581:[0, 1, 0, 1, 8, 3, 2, 4, 3, 1]
1375085:[7, 0, 5, 1, 9, 4, 4, 7, 2, 3]
1376594:[6, 8, 0, 8, 6, 7, 0, 1, 0, 9]
1378069:[0, 9, 0, 1, 1, 1, 2, 5, 6, 7]
1379671:[4, 7, 2, 5, 2, 8, 4, 9, 9, 5]
1380946:[8, 3, 1, 7, 4, 5, 4, 8, 7, 7]
1381379:[2, 5, 1, 0, 1, 6, 3, 9, 8, 4]
1381449:[4, 0, 6, 8, 8, 3, 9, 2, 1, 6]
1382393:[8, 2, 7, 3, 3, 3, 5, 9, 8, 7]
1383014:[3, 1, 7, 1, 5, 0, 7, 5, 7, 6]
1383545:[4, 1, 8, 9, 8, 2, 6, 4, 7, 7]
1384531:[6, 3, 1, 3, 3, 5, 2, 9, 1, 9]
1384959:[3, 2, 4, 1, 2, 2, 1, 6, 0, 6]
1385584:[2, 4, 3, 2, 6, 8, 4, 9, 7, 2]
1385590:[0, 6, 3, 2, 3, 2, 6, 0, 7, 5]
138723:[6, 9, 6, 2, 7, 4, 7, 3, 9, 5]
1388705:[5, 5, 4, 0, 4, 5, 3, 8, 9, 1]
1393950:[6, 0, 5, 6, 7, 7, 6, 5, 9, 5]
1396089:[4, 0, 1, 3, 6, 0, 8, 3, 2, 9]
1396931:[3, 4, 9, 9, 9, 7, 0, 0, 3, 2]
1397052:[8, 1, 7, 0, 5, 4, 8, 1, 4, 0]
139867:[7, 2, 0, 5, 0, 0, 8, 5, 9, 2]
14003:[1, 5, 7, 4, 0, 0, 5, 2, 9, 8]
1400804:[3, 0, 0, 7, 5, 6, 6, 3, 8, 4]
1401016:[5, 7, 2, 1, 4, 0, 2, 6, 4, 9]
1402005:[2, 5, 0, 8, 9, 3, 6, 6, 7, 0]
1404978:[0, 2, 1, 0, 1, 8, 1, 4, 7, 0]
1405446:[9, 2, 9, 9, 6, 1, 5, 1, 8, 5]
1405577:[8, 7, 4, 7, 0, 4, 5, 7, 4, 8]
1406531:[3, 8, 1, 2, 7, 5, 8, 5, 6, 2]
1408661:[6, 1, 7, 2, 7, 4, 7, 0, 2, 1]
1412787:[5, 6, 2, 8, 0, 5, 4, 7, 1, 6]
1413194:[9, 2, 1, 7, 0, 8, 1, 5, 7, 1]
1417594:[4, 8, 5, 1, 6, 3, 1, 2, 8, 1]
1417830:[7, 1, 6, 3, 9, 8, 3, 7, 3, 4]
1417877:[7, 7, 0, 0, 8, 0, 2, 9, 7, 7]
1418035:[1, 1, 0, 2, 8, 2, 2, 0, 2, 9]
1418906:[6, 7, 7, 1, 4, 0, 6, 2, 9, 2]
1419154:[2, 9, 6, 1, 5, 1, 2, 8, 0, 2]
1421102:[3, 0, 7, 2, 4, 8, 7, 4, 5, 6]
1425607:[9, 8, 2, 6, 8, 7, 1, 9, 4, 3]
142683:[8, 5, 9, 7, 4, 9, 9, 2, 1, 1]
1426906:[6, 3, 2, 5, 5, 3, 3, 3, 5, 0]
1428813:[9, 6, 9, 0, 6, 7, 1, 3, 0, 4]
1429487:[6, 8, 8, 7, 2, 7, 5, 4, 8, 4]
1430202:[2, 8, 8, 5, 8, 0, 8, 2, 6, 5]
1430478:[9, 6, 4, 5, 1, 6, 9, 9, 6, 7]
1430667:[2, 8, 6, 2, 5, 2, 0, 3, 7, 5]
1435235:[0, 1, 1, 2, 3, 6, 6, 9, 4, 3]
1441615:[3, 7, 2, 1, 6, 1, 4, 6, 3, 8]
1444370:[5, 7, 1, 5, 9, 5, 8, 1, 7, 4]
1444593:[5, 7, 1, 3, 5, 7, 0, 1, 8, 9]
1444834:[6, 1, 8, 7, 6, 3, 8, 6, 1, 3]
1448782:[5, 9, 7, 5, 1, 7, 8, 8, 7, 2]
145126:[0, 7, 4, 4, 6, 6, 9, 7, 4, 1]
1451783:[2, 1, 2, 0, 0, 1, 8, 9, 7, 0]
1454384:[7, 1, 1, 7, 4, 8, 6, 7, 8, 2]
145446:[5, 1, 2, 7, 2, 0, 6, 2, 4, 4]
1455824:[6, 9, 7, 9, 2, 6, 8, 8, 4, 7]
1456025:[4, 5, 6, 3, 6, 7, 6, 7, 6, 6]
1458602:[2, 7, 9, 0, 0, 1, 1, 0, 9, 0]
1458771:[6, 6, 4, 6, 0, 1, 1, 6, 1, 9]
1459954:[7, 8, 3, 9, 9, 7, 8, 7, 5, 2]
1460340:[8, 2, 9, 5, 2, 0, 1, 4, 2, 3]
1461201:[0, 8, 3, 2, 8, 4, 4, 9, 3, 4]
1463871:[3, 3, 6, 6, 6, 4, 0, 0, 9, 8]
1464328:[5, 4, 3, 0, 4, 0, 5, 7, 0, 2]
1466136:[9, 9, 5, 8, 2, 9, 7, 7, 2, 6]
1469901:[0, 5, 4, 7, 8, 7, 2, 3, 9, 7]
1470710:[6, 0, 8, 2, 1, 7, 2, 8, 1, 5]
1473525:[2, 6, 1, 5, 6, 5, 4, 8, 7, 8]
1479936:[0, 4, 6, 9, 5, 0, 7, 7, 4, 4]
1482974:[3, 4, 6, 5, 9, 5, 3, 3, 4, 6]
1483100:[1, 1, 2, 0, 7, 5, 1, 1, 5, 6]
148338:[4, 1, 1, 6, 3, 9, 1, 6, 5, 2]
1483477:[9, 0, 8, 0, 7, 1, 4, 4, 0, 3]
1484345:[1, 4, 1, 7, 2, 8, 7, 8, 6, 5]
1485723:[9, 4, 1, 6, 2, 6, 5, 4, 7, 3]
1488366:[5, 7, 5, 9, 6, 4, 2, 0, 6, 3]
1489287:[7, 7, 7, 8, 4, 1, 5, 2, 6, 2]
1490236:[6, 6, 3, 8, 0, 9, 8, 7, 8, 1]
1491338:[8, 1, 0, 9, 0, 7, 8, 6, 3, 6]
1491635:[4, 9, 6, 9, 5, 7, 9, 3, 1, 4]
149646:[3, 7, 2, 3, 9, 2, 6, 8, 6, 5]
1497528:[4, 0, 4, 9, 9, 0, 7, 0, 5, 5]
1499650:[4, 0, 0, 0, 6, 9, 9, 5, 8, 7]
1500443:[7, 7, 1, 6, 5, 3, 9, 9, 3, 2]
1503783:[7, 3, 1, 7, 9, 1, 3, 3, 0, 7]
1505059:[8, 4, 1, 4, 4, 0, 4, 2, 0, 4]
1506919:[5, 8, 6, 8, 3, 2, 5, 5, 4, 1]
1507939:[7, 3, 4, 3, 9, 3, 5, 2, 9, 6]
1508122:[5, 0, 6, 3, 1, 9, 2, 0, 0, 2]
1508703:[5, 5, 1, 7, 2, 3, 9, 3, 3, 2]
1508846:[4, 1, 9, 2, 4, 5, 4, 5, 0, 4]
1512475:[0, 7, 2, 1, 4, 9, 0, 5, 7, 6]
1512821:[9, 9, 5, 2, 3, 2, 6, 7, 3, 5]
1517156:[0, 1, 1, 3, 2, 9, 4, 6, 2, 4]
1518890:[2, 1, 5, 3, 5, 7, 9, 2, 7, 7]
1519476:[5, 8, 5, 2, 2, 9, 5, 8, 6, 1]
1521070:[4, 9, 4, 4, 4, 8, 4, 5, 8, 9]
1521821:[6, 2, 9, 0, 1, 0, 3, 2, 1, 2]
1521985:[5, 5, 5, 4, 9, 1, 6, 4, 2, 3]
1522215:[9, 4, 4, 6, 0, 6, 7, 1, 4, 8]
152232:[7, 4, 7, 1, 3, 0, 9, 9, 5, 6]
1523436:[8, 0, 8, 1, 8, 9, 2, 5, 2, 5]
1523582:[8, 5, 4, 7, 5, 8, 3, 6, 7, 2]
1524896:[0, 7, 1, 3, 5, 6, 0, 6, 1, 8]
152799:[0, 3, 2, 2, 6, 3, 0, 9, 1, 8]
1528119:[8, 6, 0, 5, 7, 1, 0, 9, 7, 3]
1528197:[7, 3, 1, 1, 0, 2, 4, 6, 2, 7]
1528635:[3, 5, 0, 7, 5, 2, 3, 9, 9, 2]
1529927:[6, 9, 1, 6, 8, 0, 1, 8, 8, 1]
1530338:[9, 9, 2, 7, 3, 6, 4, 5, 3, 0]
1532630:[8, 5, 9, 2, 5, 4, 9, 2, 0, 7]
1534810:[3, 9, 8, 9, 5, 3, 9, 3, 0, 8]
153566:[0, 0, 4, 5, 9, 8, 6, 3, 7, 1]
1536685:[0, 0, 7, 4, 9, 0, 5, 0, 9, 8]
153687:[8, 7, 5, 1, 8, 6, 3, 9, 8, 7]
1537446:[6, 7, 1, 2, 7, 8, 9, 9, 3, 8]
1539058:[8, 5, 7, 5, 3, 3, 1, 4, 1, 7]
1542203:[5, 8, 7, 4, 2, 2, 1, 8, 3, 8]
1542497:[5, 2, 0, 9, 4, 4, 5, 9, 5, 8]
1543647:[1, 3, 5, 2, 3, 7, 5, 8, 7, 6]
1544518:[6, 5, 0, 4, 1, 2, 9, 1, 7, 1]
1547785:[9, 9, 9, 6, 2, 1, 5, 3, 5, 9]
1550010:[8, 9, 7, 7, 4, 6, 8, 9, 0, 6]
1550969:[6, 8, 4, 2, 5, 2, 5, 2, 7, 4]
1553184:[5, 3, 8, 1, 1, 6, 9, 5, 8, 9]
1554668:[3, 6, 5, 4, 7, 0, 2, 5, 2, 0]
1556009:[7, 8, 4, 8, 0, 1, 5, 6, 6, 5]
1557800:[1, 6, 2, 9, 1, 9, 9, 6, 2, 3]
1558828:[7, 0, 0, 0, 0, 7, 4, 0, 0, 5]
1559985:[0, 7, 5, 7, 6, 8, 9, 9, 9, 1]
1563871:[5, 8, 7, 4, 5, 4, 2, 2, 0, 6]
1565159:[0, 4, 1, 6, 7, 8, 8, 2, 3, 6]
1565278:[9, 1, 8, 0, 8, 9, 9, 1, 0, 8]
1565819:[7, 1, 8, 0, 2, 4, 8, 8, 3, 3]
1568391:[1, 3, 4, 8, 6, 2, 5, 2, 9, 3]
1569703:[2, 6, 0, 4, 9, 5, 3, 2, 7, 6]
1569831:[4, 8, 3, 0, 1, 8, 1, 4, 4, 3]
1570074:[0, 1, 8, 9, 3, 2, 5, 4, 8, 1]
1575889:[7, 1, 5, 1, 6, 3, 1, 4, 1, 9]
1576688:[2, 6, 2, 5, 7, 8, 9, 3, 1, 1]
1578269:[6, 3, 2, 7, 1, 5, 7, 5, 8, 9]
1578892:[8, 8, 4, 9, 5, 3, 3, 2, 7, 9]
157970:[8, 9, 8, 0, 2, 9, 1, 8, 2, 4]
1579:[1, 4, 8, 5, 7, 9, 7, 1, 6, 9]
1580873:[5, 1, 8, 5, 5, 2, 1, 5, 2, 6]
1583356:[0, 2, 4, 5, 0, 0, 0, 6, 2, 3]
1583852:[3, 6, 1, 9, 2, 9, 3, 4, 4, 9]
158436:[2, 6, 6, 1, 4, 4, 1, 4, 1, 8]
1584581:[9, 8, 5, 8, 1, 1, 2, 5, 3, 5]
1584765:[1, 9, 4, 8, 2, 8, 6, 5, 3, 2]
1584904:[7, 5, 2, 3, 3, 2, 0, 2, 8, 5]
158767:[3, 0, 2, 3, 6, 2, 8, 1, 8, 4]
1589730:[9, 0, 2, 9, 2, 4, 4, 9, 2, 8]
1592291:[4, 2, 4, 1, 0, 9, 1, 6, 4, 0]
1593319:[1, 8, 4, 5, 3, 6, 1, 2, 8, 8]
1593606:[9, 6, 4, 6, 5, 3, 0, 5, 1, 4]
1594549:[9, 4, 8, 3, 9, 3, 3, 2, 1, 7]
1594636:[3, 0, 2, 2, 9, 7, 9, 2, 6, 9]
1595398:[5, 7, 8, 7, 5, 2, 6, 2, 2, 5]
1595785:[5, 7, 8, 9, 8, 3, 5, 6, 4, 8]
1595814:[0, 7, 0, 6, 9, 2, 9, 4, 4, 2]
1597864:[5, 5, 5, 5, 5, 9, 3, 1, 6, 3]
1599511:[1, 9, 9, 4, 9, 4, 5, 5, 0, 3]
1599883:[9, 9, 6, 6, 6, 6, 8, 0, 6, 8]
1601345:[8, 4, 3, 8, 2, 7, 1, 9, 7, 6]
1601616:[2, 1, 2, 0, 6, 6, 6, 6, 9, 8]
1602961:[7, 1, 4, 7, 5, 7, 5, 2, 3, 6]
1604459:[0, 9, 7, 1, 6, 0, 9, 0, 7, 7]
1606268:[4, 1, 1, 1, 5, 8, 6, 2, 9, 8]
1607472:[0, 3, 9, 1, 5, 2, 7, 3, 6, 8]
1610430:[2, 2, 9, 8, 8, 3, 8, 8, 5, 2]
1612514:[9, 9, 4, 0, 2, 9, 4, 8, 8, 2]
1614498:[9, 7, 5, 6, 6, 7, 6, 3, 8, 9]
1616670:[2, 9, 6, 6, 0, 1, 2, 1, 9, 5]
1620183:[5, 6, 5, 3, 2, 7, 4, 9, 3, 6]
1622104:[8, 1, 0, 5, 0, 9, 3, 1, 6, 1]
1622931:[1, 1, 8, 0, 1, 0, 7, 3, 4, 2]
1625043:[8, 6, 6, 9, 5, 8, 2, 3, 4, 8]
1625129:[0, 2, 5, 8, 6, 2, 6, 3, 1, 1]
1626864:[0, 2, 9, 4, 2, 5, 9, 3, 8, 4]
1627264:[3, 5, 3, 5, 9, 3, 3, 4, 1, 4]
1629668:[8, 8, 8, 7, 4, 0, 5, 5, 5, 7]
1629707:[6, 3, 3, 6, 3, 5, 5, 5, 7, 1]
1630354:[8, 7, 1, 5, 3, 8, 2, 0, 4, 2]
1631900:[4, 1, 4, 2, 3, 7, 4, 5, 3, 7]
1632060:[0, 6, 6, 5, 3, 5, 5, 2, 7, 1]
1632949:[1, 3, 2, 3, 8, 0, 9, 4, 6, 8]
1637027:[6, 1, 3, 0, 2, 5, 1, 5, 0, 7]
164058:[9, 5, 7, 7, 3, 4, 2, 6, 2, 8]
1642284:[4, 5, 7, 7, 1, 2, 3, 8, 4, 1]
1642534:[9, 1, 7, 0, 8, 6, 0, 4, 4, 0]
1648122:[5, 9, 7, 6, 2, 6, 0, 3, 2, 4]
1648135:[9, 1, 0, 5, 2, 7, 8, 0, 7, 8]
1648919:[2, 7, 4, 9, 6, 6, 4, 6, 8, 8]
1649334:[8, 2, 1, 6, 4, 2, 4, 1, 8, 8]
1650127:[5, 9, 3, 6, 3, 2, 2, 9, 2, 6]
1651013:[4, 4, 7, 0, 1, 0, 3, 9, 9, 5]
165150:[1, 0, 7, 7, 3, 1, 5, 1, 6, 1]
1652727:[4, 9, 6, 0, 7, 7, 5, 9, 9, 8]
1656429:[2, 6, 6, 3, 7, 6, 8, 4, 9, 4]
1656815:[0, 2, 4, 3, 8, 9, 0, 7, 7, 8]
1657641:[9, 8, 1, 9, 9, 1, 2, 4, 9, 8]
1657997:[4, 4, 8, 0, 9, 4, 3, 2, 5, 6]
1658683:[9, 2, 2, 3, 2, 3, 6, 2, 5, 8]
1659810:[8, 1, 4, 5, 7, 0, 5, 9, 9, 3]
1661034:[2, 8, 9, 1, 6, 3, 2, 0, 0, 8]
1662749:[9, 8, 4, 3, 3, 1, 9, 2, 6, 0]
1664748:[3, 2, 4, 9, 2, 4, 6, 5, 7, 5]
1665111:[7, 4, 7, 2, 6, 5, 5, 1, 3, 2]
1670620:[7, 3, 3, 6, 3, 5, 8, 4, 6, 1]
1671974:[5, 3, 5, 2, 8, 3, 4, 6, 4, 6]
1675647:[2, 4, 3, 6, 8, 1, 6, 2, 6, 2]
1677226:[6, 3, 2, 6, 9, 7, 8, 0, 9, 3]
1677954:[5, 8, 7, 9, 2, 9, 6, 9, 5, 2]
1682352:[4, 9, 6, 9, 5, 7, 9, 3, 1, 4]
1683374:[2, 5, 7, 4, 1, 6, 4, 5, 8, 6]
1685161:[6, 3, 0, 4, 6, 1, 9, 0, 7, 5]
1688141:[3, 6, 1, 5, 2, 7, 2, 6, 6, 2]
1688263:[7, 8, 7, 9, 5, 9, 9, 7, 1, 2]
1689894:[6, 2, 4, 6, 8, 9, 9, 2, 3, 7]
1689953:[5, 1, 7, 5, 2, 0, 1, 8, 1, 5]
1689994:[5, 2, 7, 6, 6, 8, 4, 8, 3, 0]
1693660:[6, 1, 4, 9, 3, 5, 4, 6, 0, 1]
1695843:[5, 7, 3, 1, 0, 2, 8, 3, 1, 8]
1696667:[6, 7, 2, 8, 0, 1, 5, 8, 2, 3]
1698792:[9, 0, 6, 7, 9, 0, 2, 9, 4, 7]
1700844:[2, 4, 3, 0, 7, 3, 3, 4, 2, 8]
1701551:[5, 2, 6, 6, 7, 0, 3, 0, 4, 7]
1702418:[3, 4, 8, 3, 0, 1, 2, 4, 7, 3]
1702753:[7, 9, 3, 5, 8, 4, 7, 6, 2, 2]
1702982:[4, 9, 7, 7, 7, 0, 2, 1, 4, 7]
1703775:[8, 2, 0, 1, 1, 4, 3, 5, 9, 5]
1705049:[1, 5, 3, 6, 9, 7, 1, 0, 8, 7]
1705717:[3, 8, 1, 6, 8, 8, 4, 8, 0, 1]
1706823:[4, 4, 3, 5, 4, 3, 4, 7, 0, 8]
1710857:[4, 3, 8, 6, 7, 6, 1, 0, 8, 7]
1714968:[8, 0, 6, 6, 7, 5, 7, 5, 3, 1]
1722057:[0, 3, 7, 3, 3, 0, 2, 2, 2, 0]
1723253:[3, 0, 1, 1, 2, 1, 9, 9, 2, 5]
1723303:[6, 2, 8, 7, 7, 1, 3, 6, 6, 4]
172372:[3, 9, 3, 3, 3, 4, 9, 0, 4, 1]
1726364:[7, 0, 9, 3, 3, 3, 4, 4, 6, 0]
1727744:[4, 5, 3, 6, 3, 4, 2, 4, 3, 9]
1729613:[5, 7, 9, 1, 3, 3, 9, 9, 7, 4]
1730019:[3, 8, 7, 3, 2, 0, 1, 3, 3, 6]
1730634:[2, 2, 9, 8, 9, 7, 8, 1, 0, 5]
1731717:[4, 8, 6, 1, 0, 3, 8, 8, 1, 6]
1732817:[0, 5, 4, 9, 1, 4, 0, 9, 0, 5]
1735286:[1, 9, 6, 3, 7, 3, 6, 0, 4, 6]
1736816:[4, 8, 7, 7, 5, 7, 7, 2, 3, 5]
173757:[7, 0, 5, 8, 1, 8, 2, 4, 1, 1]
1739436:[7, 9, 5, 6, 4, 3, 9, 5, 4, 8]
1741131:[0, 1, 1, 1, 0, 9, 3, 9, 2, 7]
174218:[9, 3, 5, 2, 7, 8, 1, 9, 5, 1]
1742695:[4, 7, 5, 5, 5, 1, 1, 3, 1, 2]
1744338:[8, 4, 8, 6, 0, 4, 3, 2, 8, 5]
1744733:[4, 5, 6, 4, 6, 1, 7, 5, 5, 6]
1745657:[9, 7, 6, 7, 1, 1, 3, 3, 9, 8]
1745889:[8, 3, 0, 3, 5, 3, 8, 4, 9, 9]
1748973:[2, 2, 5, 2, 9, 3, 6, 6, 6, 1]
1749831:[8, 0, 9, 5, 3, 5, 8, 6, 9, 3]
1750864:[7, 3, 3, 0, 0, 8, 8, 8, 7, 1]
1751199:[3, 1, 2, 4, 6, 3, 5, 2, 3, 2]
1752511:[1, 8, 8, 5, 4, 6, 9, 3, 8, 8]
1753641:[2, 5, 4, 9, 7, 8, 7, 9, 3, 2]
1756344:[4, 6, 3, 7, 8, 3, 9, 7, 7, 0]
1757156:[5, 4, 1, 6, 2, 3, 0, 5, 9, 5]
1758235:[8, 0, 7, 9, 7, 2, 5, 8, 9, 1]
1758967:[0, 7, 1, 6, 4, 5, 4, 5, 6, 6]
1762293:[7, 6, 4, 5, 7, 9, 6, 0, 4, 8]
1763373:[3, 3, 6, 5, 9, 6, 0, 8, 2, 7]
1766665:[3, 8, 9, 8, 3, 0, 1, 8, 2, 4]
1767032:[9, 3, 5, 4, 6, 6, 7, 6, 4, 3]
1768579:[4, 8, 4, 5, 0, 5, 9, 0, 0, 9]
1769441:[5, 0, 2, 0, 6, 9, 8, 3, 1, 4]
1774300:[2, 3, 6, 3, 8, 4, 7, 4, 1, 6]
1776216:[8, 8, 0, 1, 0, 5, 8, 5, 7, 0]
1776370:[8, 2, 0, 7, 6, 0, 7, 2, 4, 7]
1780781:[9, 1, 4, 0, 8, 8, 1, 2, 8, 8]
1780789:[4, 4, 6, 1, 5, 9, 4, 5, 3, 3]
1782778:[1, 3, 2, 9, 5, 6, 9, 9, 0, 1]
1784371:[3, 7, 6, 5, 0, 1, 7, 6, 3, 2]
178438:[8, 6, 7, 9, 9, 1, 7, 0, 7, 5]
1784601:[0, 3, 4, 5, 3, 5, 5, 0, 6, 5]
1785094:[8, 3, 0, 6, 2, 0, 2, 3, 6, 8]
1786166:[4, 4, 0, 2, 9, 8, 0, 1, 6, 8]
1787913:[5, 0, 8, 1, 7, 4, 4, 3, 7, 2]
1793927:[3, 2, 9, 7, 6, 0, 8, 3, 7, 3]
1794668:[7, 1, 8, 4, 0, 5, 4, 4, 5, 0]
1796616:[8, 5, 6, 8, 4, 8, 3, 7, 7, 5]
1797664:[0, 1, 2, 4, 0, 5, 1, 1, 2, 6]
1797758:[5, 6, 8, 2, 6, 4, 8, 3, 8, 6]
1797807:[8, 3, 0, 7, 5, 8, 8, 2, 1, 8]
1798883:[8, 7, 8, 1, 3, 2, 5, 2, 0, 7]
1800548:[6, 4, 3, 9, 1, 2, 6, 4, 3, 1]
1803920:[4, 9, 1, 3, 0, 2, 1, 5, 7, 6]
1807429:[4, 9, 9, 3, 2, 8, 1, 4, 7, 8]
1811323:[4, 6, 2, 5, 0, 4, 5, 5, 5, 8]
1813414:[5, 7, 7, 8, 1, 6, 4, 3, 4, 1]
1815793:[7, 0, 0, 5, 5, 4, 2, 4, 8, 5]
1816144:[7, 4, 2, 3, 9, 6, 8, 9, 8, 3]
1817897:[0, 7, 4, 1, 8, 9, 9, 8, 7, 6]
1818161:[7, 4, 7, 3, 6, 1, 4, 9, 2, 2]
1824282:[7, 9, 4, 9, 9, 1, 6, 5, 9, 1]
1824838:[3, 7, 5, 5, 5, 2, 4, 3, 6, 0]
1829165:[4, 3, 6, 2, 5, 4, 7, 9, 2, 2]
1830769:[1, 0, 7, 6, 2, 0, 9, 0, 2, 1]
1836975:[5, 7, 4, 5, 4, 8, 4, 8, 7, 8]
1837286:[3, 1, 6, 8, 1, 0, 8, 6, 0, 6]
1837494:[4, 6, 6, 8, 1, 4, 4, 0, 3, 4]
1841112:[3, 9, 7, 7, 3, 6, 3, 5, 3, 2]
1841896:[8, 8, 6, 7, 7, 1, 2, 1, 7, 7]
1844269:[0, 9, 5, 9, 5, 3, 4, 3, 5, 1]
1845814:[2, 7, 9, 9, 0, 5, 3, 8, 0, 3]
1845841:[7, 3, 2, 0, 8, 6, 2, 2, 1, 9]
1846429:[7, 8, 8, 6, 6, 8, 7, 3, 0, 0]
1849250:[0, 9, 6, 0, 4, 2, 5, 1, 8, 8]
185058:[5, 9, 0, 8, 2, 8, 5, 1, 3, 6]
1851011:[7, 0, 1, 1, 2, 7, 0, 9, 0, 1]
1851752:[5, 1, 3, 2, 6, 8, 6, 4, 7, 2]
1852758:[8, 1, 3, 2, 6, 6, 3, 5, 8, 5]
1853220:[4, 9, 8, 0, 6, 4, 8, 4, 3, 8]
1857011:[3, 1, 8, 3, 8, 8, 6, 9, 8, 7]
1857880:[0, 6, 9, 9, 3, 8, 2, 5, 3, 6]
1857906:[5, 7, 5, 2, 6, 0, 0, 9, 3, 8]
1858001:[2, 9, 9, 3, 3, 6, 2, 8, 6, 4]
185886:[8, 9, 9, 0, 4, 3, 9, 3, 9, 7]
186229:[4, 6, 9, 1, 6, 8, 4, 3, 6, 0]
1863464:[9, 0, 2, 4, 5, 7, 0, 1, 7, 7]
1864239:[0, 2, 5, 1, 8, 0, 2, 3, 8, 3]
1866351:[7, 1, 2, 5, 2, 0, 4, 9, 3, 8]
1868158:[5, 1, 4, 9, 3, 9, 2, 9, 8, 5]
1869216:[2, 6, 4, 1, 9, 0, 2, 5, 5, 7]
1869461:[4, 7, 1, 6, 0, 1, 8, 7, 5, 6]
187016:[5, 2, 4, 6, 5, 6, 9, 7, 0, 4]
1870386:[0, 5, 2, 4, 5, 5, 7, 1, 3, 3]
1872485:[9, 7, 0, 3, 4, 3, 8, 2, 4, 9]
1874129:[5, 2, 7, 3, 0, 4, 9, 3, 7, 4]
1874831:[8, 2, 9, 2, 7, 5, 1, 5, 2, 2]
1876197:[8, 5, 1, 9, 6, 5, 2, 7, 7, 9]
1879452:[6, 0, 4, 7, 2, 5, 6, 8, 5, 2]
1879687:[5, 3, 5, 0, 5, 7, 9, 4, 9, 2]
1880067:[8, 5, 0, 3, 9, 9, 2, 0, 1, 3]
1881773:[5, 3, 6, 5, 7, 4, 0, 0, 9, 9]
1882730:[6, 9, 4, 0, 7, 1, 4, 6, 2, 1]
1885433:[4, 1, 8, 9, 5, 2, 7, 6, 3, 4]
1886625:[5, 5, 6, 3, 7, 4, 8, 4, 3, 3]
1887143:[1, 9, 3, 2, 3, 7, 4, 3, 2, 4]
1891766:[3, 6, 9, 5, 9, 9, 2, 4, 5, 6]
1892186:[2, 1, 2, 6, 9, 3, 8, 8, 9, 9]
1892707:[1, 7, 2, 8, 1, 6, 1, 2, 8, 2]
1898168:[1, 3, 6, 2, 1, 6, 9, 7, 6, 6]
1898179:[8, 2, 9, 9, 8, 8, 9, 2, 8, 4]
1900369:[2, 6, 6, 9, 1, 3, 1, 9, 4, 0]
1900599:[7, 3, 2, 4, 5, 5, 1, 2, 9, 6]
1901863:[0, 3, 0, 9, 1, 2, 2, 6, 0, 0]
190209:[8, 0, 4, 9, 0, 4, 2, 2, 5, 0]
1903206:[1, 6, 8, 4, 0, 4, 9, 5, 3, 6]
1903753:[1, 7, 7, 0, 3, 8, 8, 1, 9, 7]
1903886:[3, 2, 0, 1, 2, 4, 4, 2, 9, 4]
1904771:[5, 9, 1, 2, 9, 0, 8, 3, 4, 1]
1906586:[7, 0, 1, 2, 7, 5, 5, 7, 7, 7]
1906745:[3, 7, 2, 2, 0, 9, 8, 7, 0, 2]
1908597:[3, 3, 1, 5, 5, 2, 7, 9, 5, 1]
1908985:[2, 0, 1, 6, 1, 4, 9, 9, 3, 2]
1909003:[5, 8, 2, 5, 2, 9, 8, 3, 8, 1]
1909424:[4, 4, 6, 1, 7, 6, 3, 3, 0, 0]
1909504:[2, 9, 6, 1, 6, 4, 7, 1, 2, 3]
1909634:[7, 0, 8, 2, 9, 0, 8, 0, 9, 2]
1911887:[0, 9, 9, 7, 7, 3, 7, 3, 5, 1]
191795:[3, 5, 0, 9, 4, 8, 6, 7, 7, 0]
1920250:[6, 2, 2, 9, 7, 1, 6, 3, 7, 0]
1920982:[4, 3, 6, 7, 1, 6, 2, 8, 3, 8]
1925284:[8, 3, 2, 1, 6, 5, 9, 4, 0, 7]
1925984:[6, 8, 6, 9, 3, 8, 7, 7, 3, 2]
1926468:[7, 7, 1, 9, 8, 9, 0, 0, 0, 1]
1926700:[9, 2, 9, 7, 9, 3, 3, 0, 7, 0]
1927523:[5, 0, 4, 5, 8, 5, 3, 2, 8, 9]
1929212:[1, 9, 8, 6, 2, 0, 8, 4, 3, 4]
1929892:[6, 1, 4, 0, 4, 3, 0, 3, 8, 3]
1932801:[1, 0, 6, 0, 0, 3, 8, 0, 8, 3]
1933154:[4, 0, 4, 7, 1, 0, 9, 1, 4, 7]
1933551:[0, 1, 2, 9, 0, 6, 1, 7, 1, 7]
193426:[4, 4, 4, 5, 8, 7, 8, 6, 6, 1]
1934766:[5, 4, 2, 3, 9, 2, 8, 9, 5, 4]
1936354:[0, 8, 7, 4, 4, 6, 9, 6, 9, 5]
193971:[3, 8, 4, 1, 7, 6, 5, 6, 5, 8]
1940737:[7, 8, 9, 8, 3, 8, 3, 7, 4, 6]
1941271:[7, 9, 1, 5, 1, 3, 1, 1, 9, 6]
1942085:[6, 5, 5, 8, 1, 5, 9, 0, 0, 2]
1942677:[6, 5, 7, 8, 0, 8, 0, 4, 0, 9]
1942719:[5, 7, 7, 9, 3, 3, 3, 3, 6, 0]
1943783:[9, 4, 3, 8, 8, 2, 6, 9, 2, 9]
1949759:[4, 6, 2, 3, 9, 8, 0, 8, 6, 7]
1951026:[5, 4, 1, 7, 3, 8, 6, 4, 9, 2]
1951541:[7, 7, 8, 7, 0, 0, 5, 4, 3, 2]
1953575:[7, 8, 0, 5, 3, 7, 7, 9, 9, 5]
1960413:[2, 9, 8, 0, 5, 6, 6, 0, 4, 5]
1962637:[7, 8, 3, 6, 7, 2, 8, 1, 0, 7]
1963532:[3, 1, 8, 1, 1, 6, 8, 1, 9, 5]
1965448:[9, 3, 8, 2, 7, 7, 0, 7, 9, 6]
1966411:[8, 1, 9, 1, 7, 8, 6, 7, 6, 2]
1969662:[0, 2, 6, 3, 4, 9, 5, 5, 8, 8]
1969973:[9, 5, 7, 2, 6, 5, 4, 7, 7, 1]
197087:[3, 2, 5, 9, 9, 4, 5, 9, 3, 3]
1976448:[9, 5, 5, 7, 0, 0, 1, 1, 5, 0]
1978473:[6, 8, 2, 7, 6, 2, 1, 2, 4, 6]
1978770:[9, 2, 7, 0, 1, 0, 3, 1, 6, 5]
198209:[4, 6, 0, 3, 5, 4, 4, 5, 9, 4]
1983450:[8, 5, 0, 7, 1, 6, 4, 1, 1, 9]
198501:[5, 5, 5, 7, 8, 3, 4, 6, 9, 2]
1987528:[5, 8, 9, 0, 3, 9, 9, 4, 7, 5]
1988268:[4, 4, 9, 8, 9, 7, 2, 7, 0, 5]
1988493:[1, 3, 5, 4, 8, 7, 7, 4, 5, 1]
199077:[8, 7, 6, 0, 9, 4, 8, 4, 6, 6]
1990781:[4, 2, 3, 1, 1, 6, 5, 8, 8, 2]
1994064:[6, 4, 8, 8, 5, 7, 7, 5, 9, 8]
1997546:[4, 8, 7, 8, 0, 2, 2, 5, 6, 0]
2004517:[3, 8, 6, 3, 2, 4, 0, 0, 7, 1]
2005485:[5, 2, 0, 5, 0, 5, 7, 2, 1, 2]
2011288:[3, 1, 7, 7, 7, 2, 1, 0, 2, 6]
2012225:[6, 8, 1, 6, 6, 8, 7, 4, 4, 6]
2012288:[3, 3, 3, 3, 9, 2, 8, 9, 2, 3]
2014939:[1, 4, 7, 9, 6, 9, 5, 5, 0, 7]
2016235:[7, 1, 5, 9, 5, 8, 3, 9, 7, 8]
2016422:[1, 0, 2, 6, 7, 2, 7, 0, 3, 2]
2017281:[1, 6, 4, 4, 5, 4, 0, 3, 5, 7]
2018576:[4, 6, 9, 8, 0, 9, 9, 4, 5, 6]
2019542:[6, 0, 7, 9, 6, 1, 4, 8, 6, 9]
2020900:[1, 7, 4, 9, 1, 0, 8, 5, 0, 1]
202091:[9, 7, 5, 2, 5, 9, 8, 4, 3, 5]
2023238:[4, 7, 7, 9, 5, 1, 0, 2, 1, 3]
2024805:[3, 0, 4, 5, 9, 0, 5, 4, 2, 0]
2027469:[3, 0, 2, 6, 7, 5, 3, 9, 3, 8]
2028132:[1, 6, 2, 6, 3, 5, 0, 2, 9, 1]
2029588:[9, 2, 3, 5, 9, 6, 6, 8, 2, 4]
2030422:[5, 8, 9, 0, 3, 7, 4, 5, 1, 0]
2031708:[6, 5, 3, 6, 2, 6, 1, 2, 2, 4]
2032168:[2, 3, 7, 6, 5, 1, 4, 3, 0, 8]
2032194:[5, 3, 0, 8, 6, 1, 9, 6, 6, 5]
2032800:[3, 2, 2, 9, 7, 9, 2, 5, 0, 2]
2035427:[0, 3, 3, 8, 2, 8, 7, 4, 8, 4]
203811:[6, 0, 5, 2, 0, 0, 0, 7, 9, 4]
2038174:[4, 4, 6, 3, 8, 9, 6, 4, 9, 7]
2038927:[0, 8, 3, 4, 6, 9, 5, 4, 1, 6]
2039779:[9, 3, 8, 0, 9, 2, 2, 2, 3, 6]
2046242:[0, 8, 9, 9, 6, 9, 6, 4, 0, 2]
2049274:[0, 1, 3, 7, 8, 8, 1, 2, 1, 0]
2049526:[7, 9, 4, 2, 4, 6, 6, 6, 8, 6]
2050593:[8, 0, 8, 1, 0, 1, 5, 1, 9, 0]
2052787:[3, 9, 7, 4, 8, 6, 8, 2, 8, 6]
2054441:[0, 5, 2, 5, 3, 6, 4, 7, 1, 4]
205956:[0, 1, 4, 8, 8, 7, 7, 4, 7, 9]
20605:[2, 4, 0, 6, 9, 4, 9, 6, 5, 0]
2060879:[6, 3, 1, 0, 1, 7, 9, 7, 8, 6]
2063130:[3, 0, 8, 5, 5, 1, 1, 8, 7, 8]
2063329:[7, 4, 9, 6, 2, 7, 0, 4, 8, 9]
2063692:[6, 1, 4, 2, 7, 1, 4, 8, 3, 6]
2064182:[5, 6, 4, 8, 6, 7, 6, 7, 1, 6]
2064484:[7, 6, 7, 7, 4, 5, 6, 7, 5, 9]
2065281:[9, 2, 7, 7, 1, 2, 6, 4, 4, 8]
2071793:[6, 9, 5, 9, 0, 0, 1, 1, 0, 0]
2072799:[1, 9, 4, 5, 1, 5, 2, 9, 7, 2]
2073313:[5, 3, 5, 4, 7, 1, 5, 0, 6, 2]
2073393:[4, 0, 6, 6, 2, 6, 4, 0, 9, 6]
2076021:[2, 4, 1, 0, 8, 4, 5, 2, 4, 7]
2076390:[4, 0, 2, 7, 6, 6, 0, 7, 3, 3]
2081601:[6, 1, 1, 6, 0, 3, 1, 5, 9, 6]
2081922:[9, 7, 1, 3, 4, 4, 9, 0, 4, 1]
2083336:[0, 1, 2, 2, 2, 9, 2, 1, 0, 2]
2084143:[7, 8, 2, 7, 6, 8, 3, 7, 3, 1]
2084439:[4, 0, 0, 3, 2, 6, 8, 3, 3, 2]
208611:[2, 8, 4, 7, 6, 4, 9, 3, 6, 0]
2090058:[9, 6, 1, 3, 6, 6, 8, 3, 8, 6]
2090690:[8, 9, 9, 0, 7, 5, 3, 7, 9, 2]
2094303:[0, 1, 3, 5, 1, 0, 1, 5, 5, 2]
209602:[0, 9, 7, 5, 1, 8, 3, 1, 3, 5]
2097771:[3, 7, 5, 8, 5, 9, 7, 2, 8, 5]
2097863:[7, 2, 5, 4, 2, 2, 7, 0, 3, 2]
2097998:[8, 0, 3, 3, 2, 6, 3, 9, 8, 9]
2098394:[3, 7, 2, 9, 9, 1, 0, 0, 6, 0]
2100282:[2, 1, 6, 9, 2, 5, 7, 0, 9, 5]
2102123:[9, 9, 5, 9, 7, 1, 8, 7, 6, 2]
210213:[4, 7, 4, 8, 9, 3, 0, 1, 3, 3]
2102966:[8, 6, 1, 3, 8, 1, 9, 7, 6, 1]
2104026:[7, 4, 9, 5, 8, 9, 8, 4, 0, 4]
210427:[8, 8, 5, 2, 7, 0, 1, 1, 3, 5]
2105390:[8, 3, 5, 8, 0, 3, 9, 8, 6, 1]
210827:[6, 8, 5, 6, 7, 5, 6, 8, 4, 8]
2108937:[5, 2, 4, 8, 0, 4, 4, 1, 4, 3]
2115479:[2, 3, 5, 0, 0, 8, 9, 9, 6, 1]
2116364:[5, 9, 9, 8, 1, 8, 8, 0, 6, 1]
211727:[4, 1, 2, 3, 0, 3, 8, 1, 6, 0]
2118292:[0, 0, 4, 6, 7, 8, 2, 4, 9, 9]
2124282:[8, 5, 4, 7, 7, 2, 4, 4, 7, 0]
2125242:[2, 8, 0, 1, 8, 5, 8, 3, 0, 5]
2128549:[7, 2, 6, 4, 4, 2, 0, 9, 5, 7]
212937:[8, 1, 4, 4, 3, 7, 0, 1, 5, 3]
2129461:[8, 4, 1, 3, 7, 8, 3, 9, 7, 1]
2132774:[2, 3, 7, 3, 9, 0, 4, 3, 5, 7]
213506:[7, 6, 7, 2, 2, 9, 1, 3, 3, 7]
2137055:[4, 9, 4, 8, 6, 8, 5, 5, 7, 2]
2140607:[4, 4, 7, 2, 0, 9, 0, 1, 6, 2]
2142046:[2, 9, 8, 4, 8, 9, 1, 5, 2, 8]
2144785:[0, 4, 8, 8, 6, 8, 2, 2, 3, 8]
2147633:[6, 9, 0, 6, 4, 1, 7, 2, 1, 6]
2148599:[7, 0, 1, 9, 5, 3, 1, 9, 0, 8]
215082:[5, 3, 0, 6, 3, 6, 9, 2, 1, 2]
2151811:[4, 0, 9, 1, 5, 5, 8, 4, 5, 7]
2153586:[6, 6, 4, 8, 7, 5, 4, 8, 4, 8]
2154208:[8, 9, 5, 7, 4, 1, 8, 8, 5, 6]
215484:[0, 2, 7, 2, 7, 4, 8, 7, 6, 0]
2157803:[0, 9, 8, 1, 3, 4, 5, 2, 7, 4]
2159885:[7, 7, 5, 3, 7, 2, 4, 4, 6, 9]
2162509:[6, 0, 4, 5, 6, 6, 3, 0, 0, 0]
2164618:[2, 4, 8, 7, 0, 5, 3, 4, 7, 0]
2166042:[3, 7, 5, 7, 1, 7, 1, 2, 4, 8]
2166722:[3, 7, 0, 7, 2, 3, 9, 0, 6, 9]
2166842:[0, 3, 7, 9, 2, 7, 5, 8, 7, 1]
2166853:[8, 6, 6, 9, 6, 0, 8, 3, 5, 2]
2174132:[4, 7, 1, 7, 2, 5, 1, 0, 3, 8]
2174704:[0, 4, 0, 7, 9, 3, 7, 2, 3, 2]
2175613:[4, 1, 4, 4, 9, 2, 2, 4, 7, 1]
2178479:[4, 7, 0, 7, 3, 0, 2, 5, 9, 1]
2178640:[6, 2, 1, 6, 8, 8, 5, 6, 5, 0]
2178732:[3, 1, 8, 2, 3, 9, 8, 2, 4, 1]
2184140:[6, 5, 4, 4, 2, 6, 5, 3, 5, 4]
2184630:[7, 0, 5, 8, 1, 8, 3, 0, 1, 1]
2184874:[7, 7, 3, 1, 6, 5, 9, 9, 8, 0]
2189717:[0, 8, 3, 1, 2, 9, 3, 7, 9, 8]
218986:[8, 8, 3, 8, 5, 6, 5, 2, 5, 5]
2194405:[7, 6, 4, 8, 0, 6, 1, 1, 1, 8]
2196929:[9, 1, 1, 9, 6, 9, 2, 6, 1, 2]
2197477:[1, 2, 7, 4, 1, 7, 7, 4, 2, 1]
2198770:[5, 2, 6, 6, 7, 7, 8, 2, 9, 1]
2200988:[0, 2, 9, 2, 3, 6, 5, 2, 7, 5]
2202704:[6, 1, 2, 7, 7, 8, 9, 2, 1, 5]
2204472:[2, 6, 8, 1, 8, 3, 5, 9, 5, 0]
2207631:[5, 7, 6, 6, 5, 3, 1, 9, 3, 6]
2209402:[4, 9, 6, 9, 5, 7, 9, 3, 1, 4]
2213459:[6, 0, 0, 3, 4, 4, 2, 5, 4, 4]
2215538:[7, 1, 2, 2, 7, 1, 1, 7, 5, 5]
2217908:[4, 3, 7, 1, 5, 1, 3, 3, 6, 2]
2221004:[2, 4, 6, 1, 3, 4, 7, 3, 3, 2]
2223658:[4, 5, 6, 3, 6, 7, 6, 7, 6, 6]
2223717:[7, 9, 9, 3, 7, 5, 7, 7, 9, 9]
2225030:[0, 2, 9, 6, 8, 4, 0, 3, 0, 0]
2225533:[6, 3, 4, 7, 8, 5, 6, 2, 0, 7]
2227361:[9, 0, 6, 6, 5, 4, 2, 7, 7, 4]
2230190:[0, 8, 2, 1, 2, 2, 5, 0, 2, 9]
2232907:[5, 5, 9, 7, 1, 0, 0, 6, 3, 0]
2233009:[3, 6, 5, 5, 1, 0, 5, 7, 9, 6]
2233438:[5, 0, 4, 7, 6, 7, 3, 0, 2, 7]
2233487:[0, 3, 3, 0, 4, 8, 0, 0, 3, 1]
2233974:[6, 7, 2, 4, 3, 5, 6, 2, 5, 0]
2237036:[8, 3, 6, 5, 0, 2, 4, 7, 3, 2]
2238559:[2, 1, 3, 0, 7, 2, 4, 3, 7, 6]
2239249:[8, 2, 2, 4, 0, 2, 9, 8, 6, 4]
2239361:[6, 7, 8, 2, 5, 6, 4, 4, 6, 6]
2240597:[4, 6, 0, 9, 7, 9, 3, 1, 3, 6]
2240934:[6, 3, 1, 6, 9, 3, 8, 4, 2, 6]
2241633:[1, 8, 0, 6, 4, 7, 8, 4, 1, 7]
2245691:[2, 5, 1, 0, 1, 6, 3, 9, 8, 4]
2249049:[2, 3, 6, 9, 7, 0, 7, 7, 6, 8]
2249276:[3, 8, 0, 1, 6, 1, 9, 1, 9, 1]
2249983:[6, 7, 3, 6, 1, 4, 7, 6, 8, 8]
2250536:[3, 0, 9, 9, 8, 1, 8, 2, 4, 2]
2250588:[3, 4, 5, 9, 0, 7, 1, 8, 3, 8]
2250622:[2, 7, 2, 2, 2, 5, 4, 5, 4, 4]
2250828:[4, 5, 4, 8, 8, 7, 9, 0, 1, 1]
2251248:[8, 9, 7, 6, 9, 9, 1, 1, 3, 4]
2252271:[2, 3, 4, 0, 3, 9, 3, 3, 5, 9]
2252991:[5, 4, 7, 1, 4, 9, 7, 2, 3, 7]
2254782:[2, 1, 7, 4, 7, 3, 1, 6, 9, 4]
2255522:[9, 0, 8, 7, 5, 6, 0, 5, 6, 8]
2255993:[9, 8, 7, 0, 2, 8, 4, 1, 9, 8]
2260998:[9, 8, 6, 1, 6, 1, 9, 5, 3, 7]
2261236:[0, 1, 5, 8, 6, 0, 3, 3, 4, 6]
2264345:[7, 2, 2, 6, 1, 8, 9, 0, 8, 7]
2271770:[1, 5, 0, 2, 3, 4, 2, 5, 2, 8]
2274549:[7, 4, 5, 0, 8, 2, 7, 9, 8, 4]
2276986:[0, 4, 8, 2, 2, 2, 1, 4, 0, 3]
2279607:[5, 6, 7, 4, 7, 9, 3, 7, 0, 5]
2280665:[5, 3, 1, 6, 1, 8, 7, 8, 9, 7]
2281147:[5, 6, 2, 2, 6, 0, 2, 8, 5, 6]
2282181:[0, 5, 0, 1, 2, 2, 9, 8, 0, 9]
2283165:[0, 8, 2, 5, 5, 5, 6, 3, 9, 6]
2284117:[7, 9, 7, 0, 8, 2, 4, 7, 5, 6]
228698:[9, 6, 0, 4, 8, 2, 3, 2, 2, 5]
2288999:[4, 3, 1, 6, 1, 8, 3, 0, 8, 0]
2289268:[3, 4, 9, 4, 5, 3, 4, 1, 8, 0]
229118:[6, 1, 8, 1, 2, 7, 9, 5, 4, 3]
2292951:[3, 5, 2, 9, 2, 6, 5, 6, 0, 5]
2294693:[5, 8, 8, 2, 2, 5, 8, 7, 7, 8]
2296594:[0, 5, 5, 1, 5, 8, 4, 3, 8, 3]
2300041:[6, 5, 9, 0, 7, 5, 8, 8, 0, 0]
2301500:[8, 8, 3, 8, 7, 4, 6, 8, 6, 4]
2302111:[2, 4, 3, 6, 9, 3, 3, 7, 7, 8]
2302474:[4, 3, 5, 9, 9, 8, 3, 3, 9, 3]
2302656:[5, 0, 5, 7, 4, 8, 6, 9, 2, 0]
2305638:[0, 8, 7, 8, 9, 7, 9, 8, 4, 7]
2306578:[1, 5, 8, 7, 6, 5, 4, 1, 1, 5]
230673:[8, 3, 7, 3, 8, 1, 4, 1, 2, 2]
2306871:[1, 4, 5, 3, 0, 3, 4, 3, 2, 2]
2307893:[5, 2, 6, 4, 1, 5, 8, 5, 9, 2]
2308160:[4, 6, 3, 2, 7, 7, 0, 5, 3, 9]
2309950:[2, 8, 4, 6, 6, 1, 2, 3, 5, 4]
2312642:[6, 9, 9, 3, 0, 5, 0, 3, 9, 0]
2315550:[2, 7, 8, 8, 9, 4, 3, 3, 3, 8]
2316621:[2, 6, 9, 8, 8, 7, 1, 4, 0, 7]
2317218:[0, 1, 0, 5, 0, 0, 9, 5, 0, 8]
2318742:[4, 5, 2, 5, 3, 1, 8, 2, 1, 9]
2319797:[0, 0, 1, 8, 8, 8, 0, 0, 5, 6]
2323979:[7, 3, 7, 5, 6, 5, 4, 9, 1, 6]
2325280:[9, 9, 0, 2, 0, 9, 0, 4, 7, 3]
2326644:[3, 5, 8, 9, 0, 4, 8, 9, 3, 8]
2332172:[1, 8, 5, 8, 1, 1, 0, 1, 2, 3]
2332288:[2, 2, 8, 9, 4, 1, 4, 0, 1, 5]
2333888:[9, 9, 4, 7, 6, 7, 1, 7, 5, 4]
2335232:[2, 0, 2, 7, 1, 7, 9, 2, 3, 6]
2335605:[7, 0, 5, 4, 3, 1, 9, 5, 3, 8]
2336716:[3, 1, 6, 8, 1, 0, 8, 6, 0, 6]
2337076:[6, 2, 8, 5, 8, 0, 4, 1, 7, 6]
2340452:[4, 3, 4, 7, 6, 7, 4, 2, 0, 4]
2341169:[6, 5, 7, 4, 2, 9, 4, 6, 5, 6]
2343058:[4, 2, 0, 1, 5, 3, 7, 5, 2, 9]
2346844:[2, 4, 1, 8, 7, 1, 6, 8, 3, 0]
2347066:[9, 1, 0, 1, 0, 5, 9, 8, 0, 0]
2348444:[8, 5, 8, 7, 3, 3, 9, 1, 5, 9]
2348832:[0, 3, 8, 8, 9, 4, 8, 4, 2, 9]
2349250:[2, 6, 2, 0, 7, 9, 1, 6, 5, 3]
2350339:[1, 3, 2, 8, 9, 4, 1, 3, 3, 1]
235104:[0, 8, 8, 8, 8, 0, 1, 8, 6, 5]
2352225:[4, 9, 3, 3, 8, 1, 6, 1, 6, 6]
2352274:[9, 7, 2, 7, 1, 5, 3, 6, 7, 1]
2352493:[0, 5, 6, 7, 0, 9, 1, 4, 9, 0]
2353214:[8, 1, 5, 6, 0, 9, 6, 9, 5, 0]
23539:[6, 5, 1, 9, 4, 3, 6, 5, 3, 8]
2354174:[7, 3, 5, 3, 8, 1, 6, 1, 4, 1]
2354775:[9, 8, 6, 4, 5, 9, 0, 0, 1, 5]
2356013:[4, 3, 4, 4, 5, 8, 3, 4, 7, 1]
2359296:[2, 7, 4, 3, 7, 6, 8, 8, 9, 1]
2359929:[8, 0, 5, 8, 8, 8, 0, 3, 4, 8]
2360802:[8, 3, 1, 7, 0, 6, 9, 2, 3, 7]
2364472:[3, 1, 4, 9, 6, 2, 2, 0, 4, 5]
2366425:[4, 9, 3, 3, 3, 7, 8, 9, 3, 7]
2367806:[6, 2, 0, 2, 8, 7, 0, 0, 4, 5]
2368946:[5, 8, 4, 4, 0, 8, 4, 4, 3, 5]
236897:[3, 7, 6, 0, 1, 1, 8, 3, 1, 8]
2375903:[1, 8, 5, 8, 9, 0, 3, 4, 1, 5]
2377136:[0, 0, 0, 4, 8, 7, 8, 8, 8, 0]
2378148:[9, 0, 2, 0, 8, 6, 4, 7, 1, 9]
2381536:[7, 6, 3, 6, 9, 5, 6, 2, 1, 6]
2384236:[9, 7, 0, 9, 6, 0, 3, 3, 4, 9]
2390242:[3, 4, 7, 5, 0, 8, 4, 8, 1, 5]
239071:[2, 6, 3, 6, 8, 8, 6, 5, 7, 2]
2393204:[8, 9, 8, 2, 9, 8, 0, 3, 9, 7]
2393352:[8, 1, 5, 7, 1, 8, 4, 1, 5, 9]
2393917:[7, 8, 9, 9, 7, 6, 0, 4, 4, 8]
2395409:[7, 9, 0, 9, 7, 2, 8, 8, 0, 5]
239908:[0, 7, 3, 2, 1, 4, 9, 4, 3, 5]
2400287:[4, 4, 6, 0, 7, 8, 1, 7, 2, 8]
2400550:[4, 8, 9, 6, 4, 3, 0, 4, 1, 8]
2400782:[1, 2, 4, 6, 6, 2, 0, 9, 7, 0]
2401460:[8, 0, 3, 1, 1, 0, 1, 5, 4, 9]
2404438:[9, 0, 9, 6, 6, 7, 9, 9, 5, 2]
2404893:[1, 6, 2, 2, 7, 2, 8, 1, 4, 3]
2404968:[9, 3, 9, 5, 4, 4, 0, 1, 7, 5]
2405120:[8, 2, 5, 0, 9, 9, 4, 4, 4, 6]
2405557:[7, 0, 1, 7, 8, 0, 2, 0, 8, 2]
2408484:[7, 6, 4, 4, 7, 0, 9, 8, 1, 4]
2409327:[4, 5, 7, 0, 7, 6, 2, 2, 3, 9]
2414198:[1, 7, 4, 4, 8, 5, 4, 7, 7, 7]
2414950:[5, 4, 7, 3, 5, 7, 7, 4, 8, 4]
2416375:[1, 5, 9, 1, 3, 4, 7, 7, 3, 0]
2417343:[4, 1, 1, 6, 7, 6, 2, 2, 9, 4]
2418143:[9, 0, 2, 4, 0, 6, 1, 4, 6, 3]
2418477:[3, 1, 4, 0, 7, 4, 1, 3, 0, 2]
2420426:[0, 0, 0, 4, 8, 7, 8, 8, 8, 0]
2435155:[3, 6, 6, 4, 9, 0, 9, 0, 6, 0]
2436630:[9, 1, 8, 3, 4, 4, 6, 2, 3, 6]
2437702:[0, 1, 1, 6, 3, 0, 2, 9, 8, 5]
2438357:[5, 6, 8, 4, 4, 3, 8, 7, 5, 5]
244108:[0, 8, 8, 3, 5, 1, 6, 0, 1, 8]
2442324:[6, 5, 4, 6, 7, 9, 1, 9, 7, 5]
2442845:[1, 8, 6, 2, 3, 5, 4, 9, 3, 9]
2443499:[6, 6, 0, 7, 5, 5, 8, 1, 1, 1]
2447676:[4, 7, 6, 0, 9, 2, 3, 2, 5, 1]
2447892:[3, 6, 3, 6, 0, 8, 3, 4, 0, 2]
2449022:[6, 3, 6, 7, 0, 8, 3, 5, 1, 4]
2449287:[3, 8, 4, 0, 4, 5, 7, 1, 9, 8]
2449963:[1, 2, 1, 2, 6, 2, 1, 5, 3, 3]
2450439:[1, 5, 1, 9, 8, 8, 9, 6, 3, 5]
24526:[9, 1, 0, 9, 1, 3, 5, 6, 5, 9]
2453128:[6, 0, 1, 1, 0, 1, 3, 0, 9, 1]
2458651:[8, 4, 0, 1, 6, 4, 3, 1, 3, 4]
2459089:[2, 6, 6, 9, 2, 0, 3, 8, 6, 7]
2459931:[5, 5, 5, 3, 5, 7, 6, 6, 6, 3]
2461203:[7, 1, 0, 8, 9, 3, 8, 9, 9, 3]
2461436:[2, 2, 7, 3, 2, 0, 5, 9, 5, 8]
2461875:[6, 7, 1, 4, 0, 5, 4, 8, 0, 9]
2462248:[7, 6, 7, 3, 7, 4, 1, 4, 3, 7]
2463734:[0, 6, 5, 4, 2, 7, 1, 0, 6, 7]
2465147:[2, 0, 6, 7, 1, 3, 7, 9, 5, 0]
2465162:[7, 0, 1, 7, 3, 5, 1, 3, 3, 5]
2465406:[7, 8, 1, 7, 1, 5, 8, 3, 1, 8]
2468062:[2, 0, 6, 2, 7, 5, 6, 2, 0, 0]
2469309:[6, 5, 2, 3, 6, 6, 5, 9, 8, 4]
2469686:[7, 9, 7, 6, 5, 9, 6, 1, 0, 9]
2470383:[8, 2, 6, 5, 1, 8, 3, 7, 0, 3]
2470497:[3, 8, 0, 0, 8, 7, 9, 8, 8, 0]
2470886:[8, 5, 9, 5, 7, 4, 8, 7, 0, 5]
2472498:[5, 0, 3, 5, 5, 6, 8, 5, 6, 9]
247311:[4, 7, 2, 3, 0, 1, 9, 9, 1, 7]
2474181:[7, 6, 2, 6, 2, 2, 4, 7, 3, 6]
2474569:[8, 9, 2, 8, 9, 1, 8, 0, 2, 4]
2476077:[4, 3, 5, 7, 4, 6, 9, 7, 5, 9]
2479186:[4, 7, 5, 1, 8, 2, 0, 8, 4, 5]
2479338:[0, 2, 8, 1, 7, 2, 3, 8, 9, 7]
2479712:[9, 2, 4, 2, 3, 5, 8, 3, 1, 6]
2481560:[7, 5, 6, 7, 1, 4, 5, 2, 9, 2]
2483339:[9, 6, 8, 6, 7, 9, 3, 5, 1, 4]
2485022:[8, 9, 8, 8, 9, 7, 6, 3, 3, 4]
2485326:[8, 5, 2, 8, 5, 4, 3, 9, 0, 3]
2486596:[7, 5, 2, 9, 4, 8, 8, 2, 1, 4]
2487430:[9, 4, 8, 1, 5, 7, 9, 7, 6, 4]
2488402:[7, 9, 9, 7, 8, 1, 0, 1, 3, 0]
2489359:[9, 9, 7, 3, 3, 3, 5, 0, 1, 1]
2492423:[3, 2, 6, 2, 2, 9, 7, 3, 0, 5]
2492668:[2, 1, 3, 2, 5, 0, 1, 7, 6, 9]
2493847:[5, 1, 0, 5, 6, 7, 5, 8, 2, 3]
2494185:[0, 9, 3, 8, 4, 3, 8, 4, 3, 8]
2496500:[5, 3, 0, 9, 1, 3, 4, 8, 2, 3]
2498011:[0, 0, 5, 1, 2, 9, 1, 8, 3, 8]
249865:[1, 0, 8, 4, 2, 8, 8, 2, 4, 5]
249869:[4, 8, 0, 7, 4, 6, 7, 7, 4, 5]
2499705:[7, 3, 0, 0, 5, 9, 0, 1, 0, 5]
2499773:[4, 5, 4, 3, 8, 3, 2, 9, 7, 8]
2500832:[3, 7, 1, 9, 4, 2, 2, 4, 8, 1]
2502607:[1, 1, 7, 6, 1, 3, 9, 6, 6, 5]
2503044:[7, 7, 7, 9, 8, 8, 9, 1, 5, 5]
2503866:[6, 6, 5, 2, 8, 2, 1, 7, 7, 7]
2504303:[4, 4, 3, 8, 5, 0, 1, 4, 9, 7]
2505421:[0, 9, 5, 8, 6, 9, 6, 7, 2, 9]
2506477:[0, 7, 0, 8, 6, 9, 7, 0, 0, 6]
250798:[6, 0, 1, 5, 7, 5, 3, 0, 3, 8]
2508101:[9, 2, 5, 5, 4, 0, 8, 0, 0, 6]
2509731:[8, 3, 2, 4, 5, 5, 8, 5, 8, 5]
2510819:[2, 6, 7, 9, 6, 4, 6, 2, 0, 8]
2511042:[9, 8, 0, 5, 2, 5, 2, 3, 1, 6]
2511498:[7, 0, 3, 7, 0, 7, 2, 9, 1, 6]
2511649:[3, 9, 0, 2, 4, 3, 2, 3, 2, 3]
251201:[6, 4, 9, 4, 6, 3, 3, 8, 0, 6]
2512964:[0, 2, 6, 7, 7, 5, 7, 5, 5, 0]
2513826:[5, 8, 4, 4, 9, 3, 4, 0, 7, 1]
2516894:[0, 5, 6, 9, 0, 6, 0, 9, 5, 2]
2519444:[8, 1, 4, 5, 7, 6, 9, 8, 2, 1]
2526225:[8, 2, 3, 2, 1, 2, 9, 6, 2, 2]
2528729:[9, 1, 6, 5, 8, 9, 5, 9, 5, 8]
2530710:[9, 6, 6, 9, 5, 1, 1, 5, 7, 8]
2531097:[0, 3, 0, 1, 1, 4, 7, 9, 0, 6]
2531101:[8, 8, 1, 4, 8, 1, 1, 5, 9, 8]
2531658:[8, 0, 0, 4, 1, 4, 7, 5, 6, 7]
2532101:[4, 3, 2, 5, 2, 2, 7, 4, 1, 2]
2532471:[0, 0, 8, 5, 8, 1, 6, 9, 3, 3]
2532552:[8, 1, 7, 5, 1, 9, 3, 2, 3, 4]
2534986:[1, 4, 4, 4, 0, 8, 9, 4, 7, 7]
2535320:[8, 5, 3, 7, 6, 4, 2, 5, 3, 1]
2536636:[0, 9, 3, 8, 4, 4, 7, 9, 0, 1]
2537703:[0, 7, 2, 3, 0, 3, 6, 2, 0, 7]
2537956:[1, 8, 3, 5, 9, 2, 7, 6, 1, 6]
2538393:[5, 0, 4, 3, 2, 3, 0, 2, 1, 5]
2538584:[4, 1, 3, 6, 6, 1, 3, 5, 0, 8]
254468:[0, 1, 3, 3, 9, 3, 9, 6, 4, 3]
2544773:[5, 0, 5, 8, 2, 7, 9, 8, 8, 4]
2548132:[0, 7, 2, 0, 9, 2, 0, 7, 4, 4]
2548659:[0, 0, 1, 4, 7, 7, 4, 5, 9, 3]
2549283:[6, 5, 7, 1, 9, 1, 7, 7, 2, 8]
254979:[5, 5, 0, 0, 0, 6, 8, 2, 5, 6]
25499:[5, 7, 7, 8, 7, 9, 2, 4, 7, 8]
2551418:[9, 4, 8, 3, 1, 0, 5, 1, 3, 4]
2552508:[0, 7, 6, 5, 2, 4, 9, 8, 7, 2]
2552640:[0, 2, 5, 4, 3, 8, 4, 3, 4, 7]
2559791:[6, 5, 5, 1, 6, 4, 1, 1, 6, 8]
2560925:[7, 5, 7, 9, 7, 2, 5, 5, 9, 7]
2565671:[7, 0, 0, 5, 8, 4, 7, 4, 8, 8]
2565699:[4, 4, 8, 8, 6, 5, 2, 6, 3, 2]
2566284:[3, 4, 3, 0, 9, 0, 2, 2, 4, 1]
2566500:[9, 8, 1, 6, 5, 8, 7, 1, 9, 5]
256667:[9, 1, 1, 1, 6, 3, 5, 5, 4, 6]
2568219:[0, 0, 1, 0, 9, 6, 7, 7, 3, 8]
2569881:[0, 4, 9, 9, 6, 9, 6, 6, 9, 7]
2571724:[8, 0, 2, 7, 8, 5, 5, 1, 2, 7]
2572326:[2, 8, 6, 5, 9, 0, 8, 5, 6, 9]
2576099:[7, 0, 1, 1, 2, 7, 0, 9, 0, 1]
2576959:[3, 7, 1, 9, 4, 2, 2, 4, 8, 1]
2579505:[6, 4, 6, 5, 9, 6, 5, 5, 3, 8]
25831:[1, 7, 8, 9, 7, 1, 7, 3, 2, 6]
2583687:[0, 4, 8, 9, 6, 8, 4, 5, 5, 8]
2586754:[6, 1, 4, 8, 7, 9, 5, 6, 4, 6]
2587599:[6, 5, 0, 8, 5, 7, 8, 8, 9, 8]
2588255:[4, 2, 0, 0, 5, 6, 2, 6, 0, 8]
2588976:[5, 1, 7, 1, 6, 8, 7, 0, 7, 8]
2589303:[8, 0, 0, 7, 5, 7, 8, 0, 8, 9]
2589840:[0, 2, 1, 9, 2, 4, 9, 5, 8, 3]
2591591:[3, 4, 8, 1, 3, 8, 4, 8, 3, 8]
259309:[4, 1, 3, 7, 1, 8, 7, 6, 2, 4]
2596424:[1, 0, 6, 7, 0, 1, 7, 2, 7, 7]
2596727:[7, 1, 3, 6, 7, 8, 8, 6, 0, 1]
2597369:[4, 6, 4, 4, 7, 5, 1, 9, 5, 0]
2597759:[3, 4, 2, 0, 4, 4, 4, 6, 4, 9]
2600317:[1, 7, 2, 3, 9, 7, 1, 5, 1, 7]
2600918:[7, 1, 4, 0, 9, 3, 8, 3, 3, 1]
2602698:[2, 7, 8, 3, 6, 4, 5, 3, 5, 9]
2602721:[1, 7, 5, 9, 9, 9, 6, 0, 2, 5]
2605497:[8, 1, 6, 2, 5, 9, 7, 9, 8, 3]
2605:[3, 3, 6, 6, 6, 8, 2, 2, 0, 4]
2607799:[9, 6, 1, 3, 0, 1, 0, 1, 8, 5]
260839:[1, 7, 6, 0, 4, 5, 1, 7, 6, 0]
2610250:[7, 0, 8, 9, 3, 4, 6, 4, 8, 3]
2611119:[9, 1, 1, 1, 5, 4, 2, 9, 4, 4]
2615019:[7, 2, 5, 2, 5, 6, 9, 4, 3, 9]
2615347:[5, 6, 2, 2, 3, 4, 8, 9, 8, 3]
2615987:[4, 7, 1, 8, 5, 3, 8, 4, 7, 0]
2616399:[7, 9, 1, 9, 8, 1, 8, 0, 3, 6]
2621681:[2, 7, 7, 6, 9, 0, 6, 7, 7, 3]
2626381:[7, 9, 0, 7, 4, 7, 1, 6, 7, 6]
262680:[7, 9, 6, 9, 2, 5, 1, 3, 0, 1]
262744:[4, 1, 7, 2, 5, 6, 5, 8, 1, 5]
2627604:[5, 6, 7, 1, 8, 7, 3, 9, 8, 2]
2629244:[7, 6, 2, 6, 5, 4, 8, 2, 5, 7]
2629391:[5, 6, 4, 1, 6, 2, 2, 7, 0, 3]
2632739:[7, 2, 6, 7, 9, 0, 8, 8, 4, 6]
2633175:[3, 4, 8, 8, 2, 7, 1, 6, 4, 7]
2640019:[7, 8, 3, 3, 8, 9, 3, 2, 7, 5]
2641122:[2, 1, 2, 5, 4, 4, 1, 3, 0, 0]
2641308:[2, 6, 8, 0, 9, 4, 1, 4, 9, 6]
2641444:[2, 3, 1, 7, 9, 7, 6, 6, 2, 4]
2641538:[7, 2, 7, 9, 0, 9, 7, 6, 9, 2]
264408:[7, 0, 7, 8, 0, 7, 7, 2, 4, 7]
2647690:[9, 6, 0, 1, 6, 7, 8, 8, 2, 8]
2658578:[3, 3, 0, 0, 5, 7, 3, 2, 5, 8]
2658847:[3, 2, 1, 8, 2, 6, 9, 4, 1, 1]
2659494:[1, 2, 2, 3, 7, 0, 4, 2, 4, 1]
2660308:[4, 8, 8, 7, 0, 5, 8, 9, 2, 0]
266056:[7, 3, 7, 9, 1, 3, 7, 8, 4, 8]
2664365:[9, 8, 4, 3, 3, 6, 9, 9, 1, 1]
2665351:[8, 2, 1, 3, 7, 9, 7, 1, 9, 6]
2666678:[4, 3, 9, 2, 0, 2, 8, 0, 7, 2]
2666793:[5, 8, 8, 7, 5, 0, 5, 0, 7, 7]
2666979:[1, 6, 3, 1, 1, 7, 5, 9, 0, 7]
2667941:[9, 2, 5, 8, 3, 9, 8, 6, 5, 9]
267045:[7, 1, 8, 8, 0, 8, 3, 2, 5, 2]
2671504:[4, 5, 9, 4, 3, 1, 5, 4, 8, 6]
2675293:[6, 5, 4, 8, 4, 6, 4, 4, 0, 3]
2684056:[0, 6, 5, 0, 2, 9, 1, 2, 7, 0]
2685151:[8, 3, 4, 5, 6, 5, 3, 1, 4, 4]
2687067:[0, 8, 3, 2, 6, 1, 9, 6, 4, 6]
2689828:[7, 0, 9, 8, 7, 4, 5, 3, 0, 6]
2690492:[1, 6, 1, 8, 0, 1, 8, 8, 4, 9]
2690949:[9, 7, 9, 4, 2, 6, 7, 5, 6, 3]
2690992:[4, 2, 1, 6, 1, 2, 0, 7, 0, 3]
2691808:[5, 8, 1, 8, 0, 1, 6, 0, 1, 8]
2694484:[3, 6, 0, 0, 1, 8, 5, 4, 1, 4]
2695406:[9, 5, 6, 5, 0, 0, 7, 8, 1, 7]
2696718:[6, 4, 5, 1, 8, 2, 7, 5, 2, 7]
2697136:[3, 0, 2, 2, 9, 7, 9, 2, 6, 9]
2700359:[9, 7, 8, 7, 0, 7, 6, 8, 2, 0]
2703227:[1, 2, 7, 4, 6, 3, 8, 9, 2, 2]
2703953:[9, 4, 5, 1, 7, 7, 6, 3, 5, 9]
2705495:[7, 9, 2, 4, 4, 3, 1, 6, 0, 8]
2708174:[9, 1, 3, 5, 8, 2, 6, 6, 8, 2]
2709054:[2, 0, 3, 1, 9, 0, 1, 7, 6, 9]
2716451:[6, 8, 4, 8, 7, 6, 1, 6, 3, 3]
2717229:[9, 1, 9, 7, 1, 4, 6, 9, 0, 3]
271844:[4, 5, 5, 3, 3, 8, 8, 0, 6, 4]
2719205:[4, 2, 2, 0, 5, 6, 7, 2, 9, 7]
2719928:[8, 7, 0, 2, 3, 8, 0, 1, 3, 0]
2721173:[5, 5, 6, 6, 9, 1, 1, 7, 1, 8]
2722498:[2, 1, 0, 1, 4, 3, 6, 1, 7, 1]
2724473:[9, 2, 5, 5, 7, 5, 3, 8, 5, 0]
2725248:[7, 0, 7, 5, 1, 4, 0, 7, 6, 2]
2726070:[5, 4, 4, 4, 2, 2, 5, 5, 5, 2]
2727069:[7, 4, 1, 0, 1, 9, 8, 0, 3, 4]
2728417:[8, 6, 9, 9, 2, 6, 4, 7, 1, 1]
2728578:[1, 1, 4, 0, 9, 1, 9, 7, 0, 8]
2728627:[5, 3, 6, 4, 1, 8, 0, 7, 9, 0]
2729462:[2, 9, 9, 4, 8, 9, 8, 9, 5, 7]
2729957:[7, 3, 1, 7, 9, 6, 9, 8, 9, 6]
2731512:[1, 9, 5, 8, 4, 2, 7, 7, 0, 0]
2732621:[4, 9, 6, 2, 3, 4, 9, 0, 7, 2]
2733199:[8, 5, 0, 6, 8, 5, 9, 9, 2, 3]
2735151:[5, 3, 2, 9, 1, 5, 8, 0, 4, 1]
2736740:[3, 8, 1, 6, 6, 4, 5, 3, 3, 6]
2737547:[2, 4, 2, 9, 6, 4, 4, 8, 2, 6]
2738157:[5, 5, 9, 0, 2, 0, 7, 4, 3, 8]
2745360:[4, 6, 6, 8, 8, 1, 4, 6, 9, 3]
2746509:[4, 5, 5, 9, 6, 7, 2, 7, 3, 7]
2748158:[6, 4, 6, 4, 6, 2, 6, 1, 3, 6]
2752248:[6, 1, 6, 3, 4, 2, 9, 4, 5, 1]
2752257:[0, 6, 4, 6, 9, 1, 4, 3, 3, 4]
2752302:[1, 5, 3, 2, 3, 1, 9, 6, 4, 6]
2754076:[3, 8, 6, 7, 7, 4, 9, 9, 1, 0]
2756708:[2, 2, 9, 7, 0, 1, 0, 4, 3, 9]
2756981:[5, 6, 2, 4, 0, 8, 7, 9, 1, 0]
2757513:[0, 8, 0, 1, 6, 0, 7, 2, 1, 4]
2758193:[4, 9, 7, 4, 5, 1, 7, 9, 5, 5]
2758567:[8, 2, 5, 1, 4, 4, 9, 9, 8, 5]
2759129:[1, 7, 7, 3, 2, 4, 0, 4, 6, 6]
2759205:[7, 3, 4, 1, 7, 1, 7, 7, 2, 9]
2759315:[5, 8, 5, 3, 4, 0, 0, 3, 1, 9]
2760735:[3, 9, 6, 2, 2, 1, 1, 2, 5, 0]
2761931:[1, 0, 1, 4, 4, 0, 2, 1, 1, 1]
2762426:[2, 0, 7, 5, 2, 4, 0, 1, 4, 6]
2763585:[2, 6, 4, 1, 6, 1, 6, 3, 2, 8]
2764480:[2, 8, 0, 9, 8, 3, 5, 5, 0, 2]
276584:[5, 4, 3, 0, 1, 0, 4, 6, 6, 3]
2766807:[5, 8, 5, 6, 9, 4, 9, 7, 3, 5]
276878:[4, 1, 1, 7, 8, 1, 5, 5, 1, 7]
2769536:[1, 8, 3, 1, 7, 7, 8, 6, 0, 1]
2769688:[7, 3, 5, 6, 2, 3, 5, 5, 8, 1]
2770702:[4, 2, 1, 5, 2, 2, 9, 5, 2, 6]
2771172:[2, 5, 6, 1, 7, 7, 2, 5, 0, 8]
2771198:[1, 8, 6, 4, 0, 7, 3, 3, 5, 6]
277327:[3, 9, 9, 2, 6, 9, 9, 1, 2, 7]
2775512:[3, 2, 1, 4, 6, 7, 5, 5, 8, 7]
2777996:[1, 4, 6, 7, 7, 3, 6, 7, 0, 1]
2783898:[0, 4, 1, 3, 6, 9, 8, 1, 3, 2]
2784504:[5, 3, 9, 1, 2, 8, 1, 5, 6, 6]
2785648:[5, 8, 7, 1, 7, 8, 7, 4, 0, 0]
2787960:[4, 3, 8, 6, 7, 6, 1, 0, 8, 7]
27883:[9, 2, 3, 9, 0, 2, 3, 0, 1, 9]
2789582:[4, 9, 9, 5, 9, 3, 0, 7, 8, 3]
2795521:[3, 2, 9, 3, 5, 2, 2, 7, 7, 0]
2796632:[0, 3, 7, 5, 4, 1, 5, 9, 7, 8]
2797002:[7, 5, 6, 1, 4, 0, 2, 7, 6, 0]
279765:[1, 8, 3, 4, 8, 3, 5, 2, 7, 2]
2801947:[7, 5, 2, 0, 8, 8, 9, 0, 5, 4]
280204:[5, 0, 6, 9, 2, 1, 9, 7, 4, 1]
2804364:[8, 6, 5, 7, 0, 9, 3, 5, 8, 2]
2804483:[7, 3, 6, 8, 3, 2, 5, 4, 3, 7]
2805498:[5, 7, 2, 4, 9, 6, 2, 8, 2, 4]
280749:[6, 8, 8, 7, 2, 7, 5, 4, 8, 4]
2808744:[8, 2, 5, 8, 3, 1, 7, 5, 6, 5]
2808780:[3, 2, 0, 3, 5, 3, 0, 6, 8, 8]
2810055:[4, 9, 8, 0, 6, 4, 8, 4, 3, 8]
281020:[7, 4, 1, 5, 4, 6, 4, 1, 8, 9]
2811408:[5, 3, 6, 5, 7, 4, 0, 0, 9, 9]
2812354:[7, 6, 9, 9, 8, 3, 3, 8, 9, 7]
2813067:[4, 6, 7, 1, 5, 3, 4, 7, 6, 9]
2813845:[5, 6, 8, 8, 8, 7, 0, 4, 3, 9]
2814145:[5, 8, 7, 3, 1, 0, 4, 0, 1, 7]
2816932:[7, 9, 0, 5, 9, 0, 1, 4, 2, 4]
2817056:[7, 4, 0, 8, 1, 6, 9, 7, 0, 6]
2817612:[3, 4, 8, 7, 6, 2, 4, 7, 4, 2]
2819736:[0, 0, 9, 6, 0, 0, 2, 7, 3, 8]
282014:[4, 5, 4, 5, 5, 1, 5, 9, 5, 8]
2820334:[4, 0, 9, 1, 3, 7, 4, 3, 5, 1]
2822761:[4, 0, 8, 5, 8, 9, 7, 2, 1, 0]
2823450:[1, 9, 0, 2, 7, 9, 9, 1, 9, 2]
2825794:[5, 8, 2, 9, 7, 9, 6, 7, 7, 2]
2826855:[4, 4, 8, 3, 6, 5, 4, 6, 2, 9]
2828011:[0, 0, 3, 6, 7, 5, 8, 1, 9, 7]
2831702:[4, 8, 3, 8, 2, 3, 3, 6, 1, 0]
283432:[8, 3, 1, 2, 1, 9, 9, 9, 2, 8]
2834392:[1, 3, 1, 9, 7, 6, 6, 5, 7, 4]
283552:[9, 1, 2, 3, 7, 6, 2, 0, 9, 6]
28367:[1, 7, 9, 6, 0, 0, 8, 2, 9, 9]
2842417:[4, 9, 0, 0, 7, 3, 8, 2, 7, 2]
2844097:[0, 3, 8, 8, 5, 9, 1, 8, 9, 7]
2845178:[6, 5, 0, 1, 0, 8, 1, 5, 0, 0]
2845820:[1, 0, 0, 2, 8, 1, 4, 1, 6, 4]
2847275:[5, 9, 0, 3, 7, 9, 0, 3, 7, 3]
2848167:[7, 2, 5, 4, 4, 2, 3, 1, 5, 9]
2850424:[2, 0, 6, 5, 8, 3, 4, 0, 7, 1]
2850623:[5, 4, 7, 2, 1, 2, 9, 4, 6, 7]
2852106:[1, 8, 2, 9, 7, 9, 7, 8, 8, 3]
2852108:[1, 6, 2, 1, 1, 4, 5, 9, 4, 4]
2855544:[4, 1, 1, 2, 4, 6, 9, 1, 7, 1]
2855709:[3, 5, 5, 6, 1, 5, 6, 9, 1, 3]
2857435:[5, 7, 5, 8, 9, 1, 9, 2, 3, 1]
2862422:[5, 1, 4, 4, 5, 6, 2, 0, 0, 8]
2863597:[5, 1, 0, 5, 9, 8, 7, 5, 7, 8]
2867091:[7, 4, 9, 0, 8, 4, 9, 1, 4, 9]
2867449:[9, 4, 0, 6, 3, 3, 5, 3, 1, 2]
2867538:[1, 2, 1, 6, 5, 7, 7, 7, 7, 9]
2871672:[1, 5, 5, 2, 6, 0, 6, 1, 0, 8]
2872768:[5, 3, 4, 4, 2, 4, 4, 5, 0, 6]
2874573:[3, 3, 6, 9, 1, 6, 0, 0, 4, 4]
2875874:[1, 5, 7, 9, 8, 8, 7, 2, 5, 0]
2876582:[4, 3, 3, 4, 0, 8, 8, 7, 1, 6]
2877085:[7, 2, 9, 0, 6, 7, 0, 2, 7, 8]
2878069:[2, 9, 2, 6, 3, 5, 6, 9, 0, 3]
2879678:[8, 9, 1, 8, 2, 7, 4, 6, 9, 3]
28804:[7, 9, 8, 3, 8, 9, 2, 6, 3, 0]
2882550:[5, 1, 7, 5, 5, 0, 2, 5, 6, 1]
2882617:[7, 7, 1, 1, 3, 6, 0, 3, 7, 3]
2885450:[2, 3, 1, 9, 0, 1, 4, 8, 8, 5]
288589:[2, 4, 0, 8, 6, 9, 3, 0, 0, 7]
2886133:[7, 3, 7, 5, 6, 5, 4, 9, 1, 6]
2886212:[2, 8, 1, 0, 2, 2, 9, 1, 3, 6]
2888470:[5, 3, 7, 6, 7, 1, 1, 0, 1, 2]
2890499:[7, 2, 7, 1, 2, 9, 2, 6, 2, 4]
2891388:[2, 9, 1, 7, 7, 4, 0, 5, 7, 5]
2892666:[2, 8, 7, 2, 3, 7, 1, 9, 0, 0]
2895257:[0, 1, 1, 9, 3, 1, 0, 3, 1, 2]
2896245:[0, 2, 1, 0, 1, 9, 6, 1, 8, 3]
289692:[2, 1, 4, 5, 7, 5, 6, 4, 8, 9]
2897836:[5, 3, 4, 8, 8, 9, 8, 4, 7, 4]
2903701:[4, 8, 9, 4, 1, 5, 1, 1, 7, 4]
2904102:[8, 0, 6, 8, 6, 6, 8, 4, 1, 6]
2906946:[3, 2, 1, 6, 8, 0, 0, 5, 3, 2]
2913015:[0, 0, 2, 7, 6, 1, 5, 8, 3, 3]
2913981:[4, 5, 3, 6, 3, 4, 2, 4, 3, 9]
2915813:[1, 8, 9, 5, 5, 5, 7, 4, 0, 3]
2917885:[5, 6, 4, 2, 6, 3, 0, 0, 3, 9]
2919922:[6, 0, 4, 2, 0, 3, 2, 8, 7, 6]
2920653:[9, 3, 6, 3, 8, 5, 2, 5, 1, 6]
2921672:[9, 2, 1, 6, 3, 0, 9, 6, 2, 3]
2923649:[2, 8, 1, 3, 6, 2, 2, 8, 1, 5]
2925383:[1, 5, 4, 6, 2, 1, 0, 3, 8, 9]
2930232:[3, 9, 7, 3, 9, 7, 4, 0, 9, 9]
293033:[8, 8, 7, 3, 8, 3, 2, 3, 5, 5]
2930552:[3, 3, 5, 4, 1, 3, 5, 0, 8, 9]
2930910:[0, 2, 9, 1, 1, 0, 0, 0, 2, 0]
2931937:[4, 3, 5, 1, 8, 5, 7, 9, 8, 8]
2934999:[8, 3, 2, 8, 2, 9, 5, 7, 9, 1]
2938926:[5, 5, 1, 7, 8, 6, 3, 1, 2, 7]
2941366:[2, 9, 2, 5, 0, 6, 2, 0, 6, 9]
2944879:[7, 6, 5, 0, 7, 0, 9, 9, 6, 1]
2946434:[5, 6, 7, 4, 7, 9, 3, 7, 0, 5]
2946732:[3, 4, 8, 7, 8, 7, 5, 7, 7, 2]
2947485:[6, 8, 1, 2, 3, 0, 2, 9, 3, 6]
2948312:[0, 0, 1, 9, 9, 0, 7, 0, 9, 7]
294915:[9, 8, 7, 0, 7, 4, 0, 5, 2, 0]
2950359:[2, 4, 0, 6, 5, 3, 1, 5, 7, 2]
2956243:[4, 3, 9, 9, 2, 8, 3, 3, 6, 2]
2956684:[0, 0, 1, 0, 9, 6, 7, 7, 3, 8]
2958215:[3, 9, 6, 8, 0, 9, 9, 6, 7, 5]
295904:[0, 8, 2, 1, 2, 2, 5, 0, 2, 9]
2959258:[5, 6, 4, 4, 2, 6, 7, 4, 6, 5]
2959795:[1, 8, 9, 2, 5, 2, 5, 3, 8, 9]
2960399:[1, 3, 3, 7, 3, 0, 8, 2, 4, 4]
296150:[1, 7, 4, 2, 3, 7, 3, 4, 8, 3]
2969051:[5, 5, 0, 0, 4, 5, 8, 3, 7, 9]
2970176:[8, 5, 2, 3, 1, 1, 0, 9, 7, 3]
2970248:[3, 7, 3, 7, 7, 2, 4, 1, 7, 7]
2970875:[6, 0, 8, 8, 1, 3, 4, 9, 3, 3]
2974171:[9, 2, 2, 9, 2, 6, 7, 5, 5, 4]
2974456:[1, 9, 6, 2, 8, 8, 3, 3, 2, 7]
2975401:[0, 3, 1, 1, 4, 1, 9, 1, 4, 1]
2976241:[9, 2, 1, 1, 2, 2, 9, 5, 0, 9]
2979002:[4, 3, 2, 8, 9, 4, 2, 3, 3, 7]
2979470:[3, 1, 1, 6, 0, 2, 4, 2, 1, 1]
2980083:[9, 7, 9, 5, 0, 8, 1, 5, 7, 6]
2981744:[1, 2, 7, 4, 0, 5, 1, 2, 1, 5]
2982256:[2, 8, 6, 0, 9, 1, 2, 1, 2, 5]
2983358:[4, 9, 8, 0, 6, 4, 8, 4, 3, 8]
2983432:[3, 1, 1, 3, 0, 0, 3, 7, 8, 8]
2985032:[9, 1, 0, 4, 0, 4, 4, 2, 9, 1]
2987009:[8, 6, 4, 9, 7, 4, 3, 8, 9, 1]
2987178:[0, 7, 6, 8, 8, 0, 4, 4, 2, 1]
2989662:[2, 1, 9, 8, 1, 9, 6, 9, 1, 5]
2989684:[3, 8, 3, 1, 8, 4, 3, 9, 5, 3]
2990617:[5, 3, 8, 6, 1, 8, 5, 6, 6, 9]
299205:[2, 4, 3, 6, 7, 0, 6, 7, 6, 7]
2993454:[8, 8, 2, 8, 4, 8, 2, 6, 5, 4]
2993662:[7, 3, 8, 2, 7, 2, 5, 6, 5, 6]
2994323:[3, 9, 6, 8, 4, 0, 4, 9, 9, 6]
2995863:[6, 6, 6, 4, 6, 8, 7, 0, 1, 2]
299627:[2, 5, 6, 9, 7, 1, 9, 2, 1, 6]
2996781:[8, 3, 2, 2, 9, 8, 5, 9, 2, 8]
2999791:[7, 9, 7, 0, 6, 1, 6, 6, 5, 5]
3001459:[8, 7, 9, 6, 8, 3, 9, 9, 0, 1]
3002803:[4, 0, 3, 3, 8, 9, 4, 6, 5, 2]
300303:[5, 7, 4, 1, 4, 5, 7, 9, 7, 1]
3003314:[5, 9, 4, 2, 5, 7, 3, 5, 5, 5]
3003930:[1, 0, 7, 0, 5, 0, 9, 3, 7, 6]
3005683:[5, 1, 2, 9, 2, 8, 1, 9, 2, 4]
3006134:[6, 9, 3, 6, 1, 2, 0, 1, 3, 8]
3009617:[0, 9, 9, 2, 5, 1, 1, 2, 3, 5]
301005:[0, 7, 1, 1, 4, 6, 9, 5, 0, 2]
3010298:[5, 0, 2, 7, 6, 5, 9, 9, 1, 0]
3010494:[6, 4, 1, 3, 9, 2, 2, 2, 8, 5]
3012467:[5, 9, 8, 8, 3, 5, 8, 0, 7, 2]
3013803:[7, 1, 7, 1, 2, 9, 6, 5, 1, 4]
3014370:[3, 6, 1, 9, 0, 8, 2, 9, 5, 1]
3014390:[7, 3, 6, 3, 9, 7, 1, 2, 5, 1]
3018584:[5, 4, 4, 2, 8, 0, 8, 3, 9, 9]
3018972:[8, 8, 1, 2, 5, 5, 9, 2, 2, 0]
3019804:[8, 9, 1, 9, 7, 6, 9, 3, 9, 7]
3021252:[7, 8, 4, 1, 5, 9, 1, 2, 4, 5]
3021419:[8, 9, 7, 4, 5, 9, 4, 4, 2, 4]
302313:[2, 6, 7, 8, 2, 0, 8, 8, 4, 1]
3024446:[0, 0, 1, 4, 7, 7, 4, 5, 9, 3]
3026321:[5, 9, 2, 9, 2, 5, 7, 2, 7, 1]
3028502:[2, 8, 1, 7, 0, 1, 4, 5, 0, 4]
303058:[1, 1, 3, 8, 0, 2, 2, 6, 9, 7]
3034583:[1, 2, 1, 0, 8, 0, 1, 5, 3, 8]
3035806:[2, 9, 1, 5, 2, 3, 5, 7, 9, 0]
3040089:[8, 0, 5, 0, 2, 6, 6, 0, 1, 2]
304350:[8, 4, 8, 2, 0, 0, 1, 3, 7, 2]
3048250:[0, 7, 2, 8, 0, 2, 5, 3, 4, 2]
3051872:[1, 7, 9, 2, 5, 6, 2, 7, 6, 8]
3053910:[4, 4, 8, 7, 7, 6, 6, 0, 4, 9]
3054104:[0, 8, 1, 0, 3, 2, 8, 9, 8, 1]
3056297:[4, 7, 0, 3, 1, 8, 6, 9, 9, 5]
305643:[4, 8, 9, 4, 3, 1, 9, 6, 9, 4]
3057430:[8, 3, 5, 3, 6, 5, 2, 3, 8, 6]
305769:[3, 0, 0, 5, 9, 3, 6, 5, 8, 1]
3058169:[7, 1, 5, 8, 5, 6, 9, 6, 5, 2]
3058249:[5, 2, 1, 9, 2, 4, 7, 3, 7, 3]
3059124:[2, 9, 8, 6, 4, 2, 4, 1, 9, 2]
306144:[0, 8, 8, 0, 1, 8, 2, 3, 1, 4]
3062339:[0, 1, 7, 1, 6, 8, 3, 7, 8, 8]
306353:[2, 7, 1, 0, 7, 1, 9, 9, 6, 9]
3064471:[9, 8, 3, 7, 8, 2, 9, 1, 9, 9]
306451:[6, 4, 4, 6, 5, 8, 3, 4, 5, 7]
3067033:[7, 3, 9, 3, 8, 4, 8, 4, 6, 1]
306742:[2, 8, 3, 6, 7, 3, 7, 6, 5, 0]
3067636:[7, 2, 1, 5, 4, 4, 5, 0, 4, 8]
3071450:[4, 6, 8, 8, 5, 1, 6, 9, 5, 1]
3072184:[6, 9, 7, 4, 7, 3, 0, 8, 3, 0]
3073263:[6, 0, 6, 4, 3, 5, 0, 9, 7, 8]
3075787:[1, 6, 4, 7, 4, 8, 7, 3, 4, 4]
3076084:[0, 1, 2, 3, 9, 3, 7, 4, 8, 4]
3077204:[2, 2, 5, 4, 1, 3, 4, 7, 1, 6]
3077776:[9, 8, 9, 6, 0, 0, 3, 5, 0, 4]
3080773:[1, 5, 6, 6, 4, 5, 6, 7, 1, 2]
30810:[5, 0, 7, 3, 3, 2, 5, 1, 6, 6]
3082089:[4, 4, 5, 0, 7, 5, 6, 5, 7, 2]
3083695:[9, 0, 0, 7, 8, 0, 2, 5, 4, 4]
3083707:[8, 5, 7, 9, 4, 8, 8, 5, 4, 2]
3084552:[8, 3, 5, 0, 3, 7, 3, 3, 2, 7]
3087078:[4, 6, 1, 4, 6, 1, 7, 0, 6, 3]
3087731:[5, 2, 4, 2, 6, 7, 9, 7, 9, 0]
3090230:[5, 2, 5, 9, 5, 1, 1, 6, 9, 9]
3090993:[2, 4, 6, 7, 2, 8, 7, 2, 6, 0]
3091919:[5, 4, 1, 7, 1, 1, 8, 3, 0, 5]
3092293:[8, 3, 1, 7, 2, 6, 3, 6, 5, 7]
309236:[1, 2, 9, 0, 1, 0, 3, 2, 1, 2]
3093096:[1, 4, 5, 9, 2, 1, 5, 3, 4, 6]
3095308:[2, 6, 1, 4, 7, 7, 5, 3, 0, 1]
3095556:[5, 2, 0, 0, 3, 4, 7, 3, 7, 4]
3097436:[5, 8, 5, 1, 6, 3, 5, 3, 3, 8]
31013:[0, 1, 0, 5, 5, 3, 3, 2, 3, 3]
3103053:[1, 8, 7, 1, 9, 3, 9, 9, 7, 0]
3104111:[7, 4, 5, 2, 8, 9, 8, 3, 7, 6]
3104589:[2, 7, 4, 8, 6, 4, 8, 6, 9, 2]
3106344:[4, 2, 9, 1, 5, 5, 4, 2, 2, 7]
310797:[2, 7, 2, 9, 4, 6, 8, 7, 6, 1]
3109292:[2, 3, 0, 6, 0, 7, 7, 9, 9, 2]
3110318:[6, 7, 1, 8, 5, 7, 8, 2, 2, 1]
311031:[3, 7, 4, 4, 6, 0, 0, 5, 6, 1]
3111403:[8, 4, 1, 0, 4, 8, 7, 9, 0, 2]
3111464:[9, 6, 2, 4, 8, 4, 6, 3, 4, 1]
3112246:[9, 4, 1, 7, 3, 1, 6, 7, 7, 7]
3113842:[7, 1, 5, 2, 7, 2, 5, 9, 5, 6]
3114527:[7, 4, 6, 9, 9, 0, 0, 1, 1, 1]
3114844:[8, 9, 4, 0, 2, 3, 5, 4, 4, 9]
3117420:[9, 7, 9, 2, 2, 0, 0, 9, 8, 6]
311743:[2, 9, 6, 9, 5, 6, 7, 6, 4, 5]
3118447:[6, 5, 2, 6, 3, 1, 6, 5, 4, 6]
3118866:[1, 8, 8, 0, 4, 7, 8, 3, 5, 5]
3119000:[9, 3, 8, 6, 0, 5, 1, 0, 7, 8]
311935:[3, 3, 5, 7, 6, 6, 4, 0, 8, 0]
312008:[3, 5, 6, 2, 4, 2, 5, 9, 2, 5]
3121232:[5, 7, 7, 1, 8, 4, 9, 9, 4, 8]
3121299:[8, 1, 2, 7, 6, 2, 7, 4, 5, 7]
3125749:[8, 5, 6, 8, 4, 8, 3, 7, 7, 5]
3125898:[1, 2, 0, 6, 5, 8, 2, 2, 6, 9]
3126071:[3, 6, 9, 4, 3, 5, 6, 0, 3, 3]
312639:[6, 2, 8, 8, 1, 8, 1, 0, 4, 7]
3126890:[0, 0, 4, 7, 3, 4, 3, 2, 1, 8]
3127229:[4, 4, 0, 9, 0, 8, 2, 3, 3, 1]
3127539:[9, 7, 1, 6, 4, 2, 0, 6, 3, 2]
3127549:[2, 9, 0, 7, 6, 4, 8, 2, 2, 1]
3128806:[9, 1, 1, 6, 5, 0, 0, 4, 6, 5]
3130474:[1, 1, 7, 3, 7, 2, 8, 4, 1, 1]
3130993:[5, 6, 5, 1, 3, 8, 4, 4, 7, 5]
3132992:[8, 7, 2, 8, 7, 9, 4, 3, 2, 3]
3133412:[4, 5, 8, 9, 7, 3, 5, 5, 6, 2]
3133761:[5, 3, 6, 1, 8, 4, 1, 8, 1, 0]
3135145:[8, 2, 7, 3, 8, 8, 5, 0, 2, 6]
3137709:[7, 0, 2, 3, 1, 2, 5, 4, 4, 7]
3138025:[8, 7, 2, 9, 1, 5, 6, 3, 5, 7]
3139994:[9, 1, 5, 9, 3, 3, 9, 7, 3, 7]
314006:[5, 3, 4, 1, 2, 6, 5, 3, 1, 0]
3142194:[6, 3, 5, 2, 7, 3, 3, 0, 7, 8]
3143569:[7, 7, 2, 4, 5, 9, 2, 8, 3, 8]
3143615:[1, 7, 0, 6, 5, 1, 8, 4, 7, 3]
3144827:[1, 0, 4, 0, 1, 4, 1, 2, 5, 7]
314586:[9, 2, 8, 1, 7, 0, 6, 9, 7, 4]
3147114:[4, 9, 4, 2, 2, 6, 4, 8, 7, 6]
3148039:[3, 7, 7, 1, 3, 6, 7, 6, 9, 4]
3150849:[6, 6, 0, 1, 8, 5, 4, 8, 5, 9]
3151357:[9, 4, 4, 8, 0, 8, 4, 8, 2, 3]
3152289:[7, 4, 9, 7, 8, 8, 9, 5, 7, 8]
3152894:[2, 7, 3, 5, 3, 4, 5, 7, 0, 5]
3154115:[7, 6, 5, 0, 2, 8, 9, 8, 3, 8]
3154586:[9, 4, 1, 4, 7, 6, 4, 2, 9, 9]
3155164:[9, 5, 2, 6, 5, 4, 4, 5, 6, 5]
3155216:[6, 6, 4, 3, 3, 5, 5, 3, 4, 9]
3155259:[5, 3, 0, 8, 1, 4, 9, 0, 5, 7]
3156250:[9, 9, 8, 7, 5, 7, 9, 4, 4, 4]
3156712:[0, 5, 6, 9, 5, 3, 2, 6, 2, 6]
315801:[8, 4, 3, 8, 2, 0, 9, 9, 6, 1]
3158779:[1, 9, 6, 8, 9, 7, 3, 1, 7, 7]
315895:[7, 5, 7, 1, 7, 5, 2, 9, 5, 6]
315898:[5, 6, 0, 7, 6, 9, 9, 5, 2, 7]
3160199:[1, 2, 0, 8, 6, 7, 4, 3, 2, 5]
3160823:[1, 2, 5, 0, 7, 2, 9, 0, 0, 9]
3161263:[8, 5, 5, 4, 7, 7, 5, 8, 3, 7]
3162671:[6, 0, 5, 5, 8, 8, 1, 5, 6, 3]
3163349:[8, 2, 3, 0, 4, 2, 7, 8, 0, 8]
3163794:[7, 7, 2, 4, 5, 9, 2, 8, 3, 8]
316401:[0, 4, 7, 5, 5, 4, 1, 2, 9, 4]
3166032:[0, 7, 3, 6, 8, 3, 4, 2, 1, 0]
3171980:[2, 9, 7, 6, 9, 0, 2, 0, 3, 0]
3172626:[7, 0, 4, 0, 7, 1, 5, 7, 0, 3]
3173693:[2, 7, 9, 2, 6, 8, 0, 5, 0, 6]
3176471:[8, 6, 6, 1, 5, 8, 4, 0, 7, 3]
3176964:[4, 8, 1, 8, 1, 1, 8, 0, 4, 1]
3178166:[4, 8, 0, 1, 3, 7, 1, 3, 0, 4]
3178942:[9, 8, 1, 0, 2, 6, 4, 9, 2, 5]
3180657:[3, 4, 7, 9, 7, 1, 8, 3, 3, 2]
3181728:[0, 9, 4, 5, 0, 3, 1, 6, 8, 3]
3184319:[6, 7, 2, 7, 5, 7, 5, 8, 3, 7]
3186509:[5, 6, 4, 1, 9, 6, 2, 1, 4, 5]
3186834:[4, 4, 0, 9, 1, 8, 4, 8, 7, 8]
3188048:[9, 5, 3, 5, 9, 7, 9, 9, 6, 0]
3188141:[9, 9, 5, 7, 6, 4, 9, 6, 2, 2]
3190564:[7, 6, 0, 3, 7, 6, 3, 4, 3, 5]
3193190:[8, 8, 7, 6, 6, 6, 9, 4, 1, 7]
319327:[6, 2, 1, 6, 8, 8, 5, 6, 5, 0]
3195191:[6, 3, 3, 1, 2, 1, 9, 3, 5, 9]
3196932:[7, 7, 3, 3, 2, 7, 1, 9, 6, 5]
3198062:[8, 8, 0, 3, 7, 3, 9, 6, 4, 2]
3199026:[9, 5, 2, 0, 7, 3, 3, 5, 6, 0]
3201179:[5, 2, 9, 5, 9, 6, 1, 5, 0, 6]
3202621:[8, 3, 4, 8, 7, 8, 4, 6, 7, 1]
3203488:[7, 1, 1, 9, 8, 6, 2, 1, 3, 7]
3203728:[0, 2, 2, 9, 8, 7, 7, 8, 5, 9]
3205653:[2, 3, 3, 9, 0, 6, 4, 8, 9, 4]
3207469:[1, 6, 5, 3, 4, 0, 8, 0, 9, 4]
3209787:[4, 5, 4, 5, 6, 4, 8, 4, 8, 6]
3212125:[1, 2, 1, 5, 5, 1, 0, 7, 3, 1]
3214390:[2, 4, 1, 4, 4, 0, 6, 8, 7, 8]
3215754:[9, 2, 4, 7, 9, 7, 8, 3, 2, 9]
3217346:[8, 9, 0, 6, 1, 9, 4, 7, 6, 5]
3218244:[7, 5, 6, 6, 6, 5, 0, 0, 6, 7]
3218726:[7, 4, 2, 2, 8, 8, 5, 9, 6, 0]
3219680:[2, 1, 6, 7, 3, 6, 8, 2, 4, 8]
3220143:[8, 3, 6, 8, 4, 6, 5, 6, 8, 7]
3223355:[1, 8, 3, 1, 9, 1, 2, 5, 9, 1]
3223518:[9, 2, 1, 8, 3, 2, 2, 8, 5, 1]
3223778:[6, 5, 9, 8, 4, 7, 1, 4, 7, 2]
3225590:[2, 2, 9, 7, 4, 6, 5, 8, 5, 7]
3229583:[0, 7, 1, 5, 4, 5, 7, 1, 0, 8]
3229602:[7, 9, 0, 3, 6, 6, 9, 4, 1, 0]
3229782:[3, 6, 8, 1, 7, 3, 5, 8, 7, 5]
3230064:[1, 6, 1, 9, 9, 5, 2, 3, 2, 4]
3231559:[5, 7, 3, 9, 2, 6, 0, 0, 2, 3]
3232694:[9, 0, 4, 2, 8, 2, 3, 3, 6, 9]
3234334:[3, 7, 2, 0, 1, 9, 7, 2, 5, 1]
3234732:[2, 0, 2, 1, 5, 2, 8, 1, 3, 9]
323522:[4, 1, 1, 0, 7, 1, 4, 8, 9, 5]
3240729:[1, 6, 3, 6, 5, 7, 4, 4, 0, 6]
3242064:[8, 6, 3, 7, 2, 2, 7, 6, 7, 4]
3243338:[7, 1, 3, 1, 7, 5, 1, 6, 7, 4]
3243642:[4, 2, 2, 1, 9, 7, 0, 3, 0, 6]
3243937:[9, 3, 6, 8, 9, 4, 3, 3, 5, 8]
3244393:[6, 8, 5, 9, 8, 9, 6, 6, 5, 2]
3245735:[4, 6, 5, 2, 3, 8, 3, 0, 5, 9]
3246315:[4, 9, 1, 2, 1, 4, 3, 9, 6, 7]
3249936:[1, 5, 5, 3, 6, 2, 4, 7, 0, 5]
3254109:[7, 7, 0, 0, 8, 0, 2, 9, 7, 7]
3255519:[0, 5, 2, 5, 0, 3, 9, 9, 3, 5]
3255670:[2, 7, 5, 7, 8, 8, 5, 2, 2, 7]
3256069:[9, 6, 6, 5, 0, 5, 2, 3, 4, 4]
3259921:[6, 7, 9, 7, 5, 6, 3, 8, 4, 7]
3261586:[7, 3, 6, 8, 3, 5, 1, 4, 0, 1]
3264883:[4, 0, 3, 2, 3, 1, 5, 6, 5, 4]
326818:[5, 7, 9, 3, 0, 7, 5, 5, 5, 6]
326970:[2, 1, 1, 7, 0, 0, 6, 2, 6, 4]
327773:[2, 4, 2, 2, 4, 3, 5, 5, 0, 4]
33026:[6, 3, 4, 4, 7, 5, 2, 8, 9, 8]
331179:[6, 3, 9, 4, 5, 7, 7, 7, 0, 2]
332928:[4, 4, 2, 3, 2, 6, 3, 6, 1, 1]
334063:[7, 5, 3, 4, 0, 9, 0, 8, 7, 8]
334374:[1, 8, 3, 4, 3, 5, 3, 7, 1, 6]
336459:[4, 0, 8, 3, 7, 0, 6, 5, 8, 1]
339329:[5, 0, 6, 6, 6, 9, 4, 6, 7, 5]
340906:[0, 1, 2, 3, 3, 9, 3, 9, 2, 5]
342934:[6, 7, 9, 9, 1, 1, 1, 4, 5, 1]
343375:[9, 3, 1, 3, 3, 7, 6, 5, 1, 0]
34412:[9, 2, 2, 2, 3, 3, 4, 1, 2, 8]
345496:[6, 2, 6, 1, 0, 4, 8, 2, 2, 8]
347175:[0, 8, 3, 9, 0, 7, 2, 4, 9, 5]
348240:[3, 7, 7, 9, 8, 0, 9, 6, 7, 1]
348490:[6, 9, 3, 2, 3, 3, 7, 3, 2, 0]
349255:[7, 6, 5, 7, 0, 4, 2, 3, 2, 7]
350851:[2, 5, 7, 9, 8, 7, 7, 1, 6, 3]
351204:[2, 9, 1, 5, 5, 8, 6, 2, 7, 5]
352347:[7, 9, 9, 4, 2, 4, 2, 8, 6, 3]
354621:[3, 7, 6, 4, 7, 5, 9, 7, 5, 2]
358480:[6, 4, 7, 9, 8, 9, 7, 8, 9, 2]
361199:[4, 6, 0, 7, 1, 5, 6, 6, 0, 0]
36371:[8, 2, 5, 0, 2, 2, 7, 0, 2, 4]
364687:[7, 3, 6, 3, 9, 7, 1, 2, 5, 1]
364906:[4, 1, 2, 3, 8, 9, 2, 4, 0, 7]
365630:[8, 7, 9, 9, 8, 3, 0, 5, 3, 9]
36565:[9, 3, 5, 7, 5, 1, 4, 9, 4, 2]
3660:[5, 5, 1, 1, 4, 1, 8, 4, 4, 6]
366391:[6, 4, 4, 9, 6, 5, 8, 9, 8, 7]
36744:[0, 4, 1, 7, 8, 6, 2, 5, 6, 6]
367983:[8, 6, 5, 5, 7, 9, 0, 9, 9, 6]
368273:[2, 5, 0, 7, 8, 9, 5, 1, 7, 7]
369438:[8, 7, 0, 0, 1, 8, 6, 2, 8, 8]
373279:[3, 3, 5, 8, 4, 4, 6, 4, 0, 6]
373739:[8, 5, 1, 1, 7, 0, 1, 3, 8, 1]
374561:[1, 7, 4, 7, 2, 2, 2, 7, 0, 2]
374864:[9, 5, 6, 6, 1, 0, 6, 0, 6, 9]
374931:[3, 2, 3, 9, 8, 1, 2, 6, 0, 4]
375366:[0, 1, 3, 5, 6, 6, 6, 6, 4, 0]
378895:[0, 0, 2, 1, 6, 4, 0, 6, 1, 6]
381739:[0, 6, 8, 6, 9, 5, 9, 3, 6, 9]
382442:[5, 5, 4, 0, 6, 7, 1, 9, 6, 6]
386458:[2, 2, 9, 2, 9, 2, 3, 2, 4, 2]
386593:[5, 1, 1, 7, 7, 6, 2, 3, 4, 5]
387256:[2, 3, 4, 0, 9, 2, 6, 5, 0, 8]
389587:[5, 0, 3, 6, 9, 3, 0, 9, 0, 2]
390258:[0, 5, 9, 9, 1, 7, 6, 8, 3, 2]
390822:[9, 7, 9, 3, 7, 8, 4, 5, 0, 6]
391409:[4, 3, 5, 9, 1, 7, 2, 9, 9, 7]
392573:[2, 7, 6, 1, 9, 0, 4, 8, 9, 4]
394034:[1, 9, 1, 9, 8, 5, 0, 8, 9, 4]
394366:[2, 4, 9, 9, 1, 4, 0, 0, 3, 8]
396477:[2, 2, 6, 3, 8, 2, 9, 3, 4, 6]
396530:[9, 8, 2, 5, 7, 9, 4, 2, 6, 2]
396851:[6, 6, 3, 0, 6, 9, 1, 0, 7, 6]
397938:[2, 2, 9, 8, 4, 0, 3, 1, 7, 2]
398979:[6, 0, 5, 5, 0, 2, 9, 7, 3, 1]
399029:[7, 8, 9, 8, 8, 6, 3, 4, 1, 2]
401162:[4, 8, 5, 2, 5, 9, 5, 4, 3, 8]
402016:[6, 3, 1, 7, 0, 1, 5, 0, 3, 6]
4028:[4, 0, 6, 8, 7, 4, 1, 5, 6, 9]
403075:[7, 8, 1, 8, 1, 5, 4, 5, 8, 9]
403799:[5, 4, 3, 5, 3, 5, 2, 9, 1, 6]
40400:[7, 0, 9, 9, 8, 0, 5, 3, 6, 0]
408266:[7, 8, 4, 8, 3, 5, 4, 6, 4, 7]
409854:[0, 4, 4, 8, 1, 4, 6, 1, 0, 8]
410424:[9, 0, 6, 6, 5, 9, 6, 7, 5, 3]
412108:[4, 1, 6, 2, 7, 3, 9, 0, 0, 8]
412306:[8, 0, 3, 4, 7, 6, 7, 4, 8, 1]
412380:[0, 2, 5, 1, 3, 8, 6, 0, 0, 3]
413869:[9, 3, 2, 7, 8, 1, 1, 8, 7, 2]
414076:[0, 8, 2, 1, 0, 7, 7, 9, 4, 8]
417083:[9, 0, 9, 8, 1, 1, 3, 1, 9, 7]
418964:[7, 6, 7, 5, 4, 2, 4, 7, 7, 2]
420072:[3, 5, 8, 4, 6, 1, 3, 7, 9, 5]
420739:[3, 5, 0, 2, 4, 5, 3, 9, 7, 7]
4213:[0, 5, 4, 6, 5, 3, 1, 3, 7, 6]
422430:[5, 8, 2, 3, 6, 8, 3, 3, 7, 2]
42283:[6, 2, 5, 9, 2, 9, 8, 1, 3, 9]
423126:[7, 6, 4, 8, 7, 3, 0, 4, 7, 3]
423604:[4, 8, 8, 5, 3, 2, 0, 4, 2, 0]
424011:[3, 4, 3, 8, 1, 9, 9, 9, 2, 7]
425554:[0, 4, 6, 0, 7, 3, 6, 8, 5, 9]
426593:[8, 1, 2, 2, 1, 5, 6, 4, 0, 0]
428911:[6, 6, 7, 2, 3, 8, 6, 9, 4, 7]
429429:[0, 1, 2, 4, 0, 9, 5, 5, 2, 9]
429541:[7, 2, 6, 8, 6, 7, 4, 8, 8, 5]
431229:[7, 6, 6, 0, 5, 8, 2, 0, 0, 7]
43287:[2, 5, 0, 9, 2, 6, 6, 3, 4, 1]
435997:[8, 6, 9, 3, 2, 4, 1, 0, 1, 0]
437904:[9, 5, 1, 7, 0, 2, 3, 5, 4, 3]
438043:[1, 8, 2, 6, 4, 3, 3, 4, 3, 7]
438807:[9, 3, 6, 3, 0, 5, 0, 1, 7, 0]
439212:[8, 5, 5, 4, 4, 7, 1, 2, 7, 8]
440080:[2, 2, 6, 4, 0, 5, 4, 8, 3, 4]
441694:[0, 5, 9, 1, 2, 2, 9, 4, 5, 0]
442263:[6, 5, 3, 1, 4, 1, 0, 8, 8, 2]
442336:[2, 4, 3, 8, 6, 0, 7, 5, 8, 8]
443002:[6, 6, 3, 1, 6, 1, 1, 4, 9, 7]
443127:[8, 9, 2, 5, 1, 8, 0, 9, 0, 0]
443145:[3, 5, 6, 7, 6, 7, 3, 1, 1, 7]
443924:[4, 1, 4, 3, 6, 2, 0, 4, 4, 9]
444698:[7, 2, 6, 1, 8, 3, 5, 1, 8, 7]
446259:[1, 4, 1, 9, 6, 2, 3, 9, 9, 8]
446364:[4, 2, 2, 2, 1, 3, 6, 3, 0, 2]
448246:[5, 5, 9, 8, 8, 7, 7, 7, 1, 4]
448570:[0, 5, 7, 2, 2, 9, 8, 5, 6, 3]
448680:[4, 4, 9, 4, 7, 8, 5, 4, 9, 6]
449320:[1, 1, 3, 8, 2, 7, 1, 1, 4, 7]
451430:[1, 5, 2, 1, 6, 0, 2, 8, 4, 8]
451903:[7, 2, 8, 3, 3, 1, 0, 3, 5, 2]
454879:[5, 3, 4, 6, 6, 6, 1, 9, 4, 2]
455894:[3, 5, 9, 9, 8, 3, 6, 8, 9, 5]
456513:[7, 7, 2, 2, 6, 6, 2, 2, 9, 3]
456537:[9, 8, 9, 3, 3, 2, 1, 2, 2, 0]
457303:[3, 6, 6, 0, 8, 7, 3, 5, 5, 8]
46229:[7, 8, 0, 6, 6, 0, 7, 5, 0, 7]
465722:[5, 6, 7, 1, 7, 5, 7, 0, 6, 2]
466900:[0, 7, 3, 4, 9, 2, 9, 6, 9, 9]
468024:[8, 8, 3, 2, 7, 9, 1, 3, 3, 2]
468912:[6, 9, 9, 9, 5, 0, 1, 3, 8, 2]
469597:[6, 4, 4, 2, 9, 3, 8, 5, 6, 3]
469698:[0, 8, 2, 7, 0, 5, 8, 1, 2, 4]
470423:[6, 0, 3, 1, 2, 6, 2, 9, 7, 7]
473429:[7, 2, 6, 3, 0, 9, 6, 3, 0, 4]
47724:[5, 6, 5, 9, 5, 3, 8, 2, 8, 5]
477822:[8, 9, 7, 9, 2, 3, 8, 4, 9, 1]
478133:[4, 4, 6, 5, 4, 8, 0, 3, 6, 1]
478177:[0, 3, 9, 3, 5, 9, 7, 0, 6, 7]
47819:[3, 2, 5, 9, 9, 4, 5, 9, 3, 3]
478289:[4, 8, 9, 4, 4, 3, 4, 4, 0, 3]
481290:[2, 5, 7, 7, 5, 9, 7, 2, 9, 4]
481636:[9, 4, 7, 7, 6, 6, 6, 8, 7, 2]
482394:[3, 7, 0, 5, 9, 9, 8, 6, 6, 4]
482645:[7, 6, 2, 3, 1, 8, 4, 9, 5, 7]
48348:[7, 4, 0, 3, 8, 0, 1, 5, 7, 9]
48531:[8, 3, 0, 8, 6, 8, 2, 7, 4, 8]
486291:[4, 1, 7, 2, 1, 4, 0, 7, 7, 8]
487351:[3, 2, 9, 7, 1, 9, 4, 2, 1, 0]
487654:[1, 1, 7, 2, 2, 0, 7, 6, 9, 6]
489223:[5, 7, 7, 9, 8, 5, 3, 9, 2, 6]
491399:[8, 6, 7, 1, 0, 7, 2, 5, 9, 4]
499316:[7, 6, 5, 2, 9, 3, 8, 6, 6, 5]
499558:[2, 6, 1, 2, 1, 3, 7, 1, 5, 4]
502236:[4, 6, 1, 0, 2, 4, 2, 4, 4, 9]
506012:[8, 7, 6, 1, 1, 8, 8, 8, 4, 4]
506894:[6, 3, 6, 1, 5, 5, 7, 0, 9, 1]
508856:[7, 4, 6, 9, 3, 8, 5, 4, 1, 4]
510851:[7, 6, 8, 2, 6, 7, 5, 2, 3, 2]
51147:[8, 7, 6, 0, 7, 9, 5, 7, 6, 3]
511749:[0, 2, 7, 7, 8, 1, 9, 9, 5, 7]
512668:[8, 6, 6, 7, 1, 5, 8, 6, 1, 7]
51331:[4, 9, 6, 4, 2, 6, 8, 4, 5, 8]
514539:[4, 1, 0, 3, 1, 9, 5, 2, 0, 0]
514627:[3, 3, 7, 2, 1, 9, 5, 9, 2, 0]
514933:[7, 5, 5, 9, 3, 3, 2, 2, 3, 7]
516639:[0, 0, 3, 4, 5, 9, 1, 5, 4, 8]
517722:[4, 3, 1, 7, 5, 4, 6, 4, 6, 2]
518488:[8, 9, 7, 8, 6, 8, 5, 2, 4, 1]
520043:[3, 7, 7, 5, 5, 1, 6, 4, 4, 6]
520318:[3, 1, 1, 9, 0, 1, 2, 9, 5, 1]
520695:[1, 2, 3, 5, 7, 8, 2, 5, 1, 1]
522516:[3, 8, 2, 7, 0, 9, 5, 1, 3, 3]
523232:[6, 8, 5, 8, 7, 0, 0, 3, 9, 3]
523386:[4, 6, 7, 6, 0, 4, 6, 5, 4, 7]
524697:[6, 8, 4, 2, 6, 2, 8, 0, 4, 6]
528904:[1, 2, 7, 2, 5, 2, 1, 2, 7, 0]
530125:[5, 5, 5, 7, 4, 3, 9, 1, 6, 3]
530384:[3, 0, 3, 2, 3, 8, 1, 7, 7, 7]
531997:[4, 5, 4, 8, 8, 7, 9, 1, 1, 1]
53219:[8, 4, 1, 8, 7, 4, 4, 0, 1, 6]
532661:[7, 3, 8, 1, 6, 1, 5, 0, 7, 6]
534101:[0, 9, 3, 5, 5, 7, 1, 1, 9, 5]
535394:[9, 4, 4, 6, 2, 8, 4, 3, 5, 7]
536058:[8, 6, 7, 3, 1, 0, 1, 2, 4, 7]
536074:[8, 1, 8, 2, 1, 7, 0, 6, 7, 7]
536172:[6, 4, 7, 8, 2, 3, 6, 0, 1, 0]
536433:[8, 6, 5, 9, 6, 1, 9, 3, 3, 6]
538641:[7, 7, 3, 5, 1, 7, 2, 1, 1, 4]
53875:[5, 9, 5, 5, 6, 2, 4, 3, 7, 1]
539266:[5, 0, 6, 8, 7, 8, 7, 7, 2, 6]
541998:[6, 8, 2, 5, 1, 6, 5, 0, 0, 5]
5457:[5, 3, 1, 3, 0, 2, 1, 5, 1, 9]
54709:[2, 4, 2, 3, 4, 8, 0, 1, 3, 6]
54774:[0, 1, 4, 6, 7, 7, 1, 7, 6, 3]
549486:[8, 1, 5, 3, 0, 5, 4, 8, 5, 3]
55056:[3, 2, 9, 9, 4, 9, 3, 9, 1, 4]
550810:[5, 4, 8, 4, 0, 1, 9, 8, 7, 0]
551087:[2, 8, 0, 5, 2, 7, 7, 5, 6, 0]
553531:[2, 6, 4, 8, 6, 6, 1, 1, 2, 9]
554138:[3, 2, 7, 6, 0, 9, 0, 6, 0, 9]
556116:[3, 1, 2, 8, 3, 8, 9, 6, 0, 8]
558620:[9, 2, 0, 2, 0, 7, 9, 9, 9, 4]
560921:[8, 4, 4, 5, 8, 7, 9, 1, 2, 2]
562597:[7, 7, 0, 0, 8, 0, 2, 9, 7, 7]
564851:[3, 4, 3, 2, 1, 6, 2, 4, 5, 3]
565736:[4, 3, 1, 2, 3, 9, 8, 2, 7, 9]
567264:[9, 2, 1, 1, 8, 0, 3, 7, 3, 7]
568791:[0, 7, 7, 4, 0, 0, 8, 1, 0, 9]
570433:[8, 9, 8, 7, 1, 9, 5, 5, 0, 3]
571805:[4, 7, 6, 1, 1, 2, 3, 8, 9, 3]
574381:[8, 3, 7, 0, 9, 4, 7, 2, 9, 0]
57501:[0, 0, 1, 4, 4, 6, 4, 9, 6, 8]
576621:[8, 1, 1, 0, 8, 7, 4, 9, 4, 0]
580140:[9, 1, 7, 6, 0, 3, 3, 8, 9, 0]
58034:[8, 9, 3, 6, 3, 8, 6, 9, 7, 1]
585598:[7, 1, 9, 9, 1, 7, 1, 5, 8, 9]
586164:[9, 7, 4, 4, 7, 0, 8, 8, 7, 9]
586437:[2, 3, 0, 1, 4, 6, 6, 8, 8, 8]
586940:[8, 4, 9, 8, 7, 0, 7, 1, 9, 9]
587992:[3, 9, 8, 5, 4, 5, 7, 5, 4, 2]
588740:[8, 0, 1, 3, 1, 5, 1, 0, 1, 6]
589778:[6, 7, 3, 1, 7, 0, 1, 5, 9, 9]
592921:[8, 2, 2, 8, 1, 4, 1, 7, 7, 0]
593024:[5, 7, 3, 1, 4, 1, 9, 7, 4, 4]
59308:[5, 4, 0, 3, 2, 8, 2, 2, 4, 6]
594180:[1, 1, 0, 9, 7, 0, 3, 3, 4, 9]
594352:[0, 2, 8, 2, 7, 3, 3, 8, 6, 5]
600410:[8, 9, 4, 2, 8, 8, 7, 6, 5, 3]
600644:[4, 6, 2, 5, 1, 1, 1, 2, 7, 4]
602559:[9, 3, 1, 2, 1, 6, 3, 4, 3, 9]
603461:[6, 7, 6, 9, 3, 2, 8, 9, 5, 8]
606158:[5, 8, 1, 3, 5, 5, 9, 1, 7, 8]
606336:[6, 0, 0, 7, 7, 6, 0, 6, 6, 4]
607177:[8, 7, 5, 6, 6, 8, 7, 6, 1, 0]
612648:[5, 7, 3, 7, 5, 6, 3, 6, 4, 6]
614298:[2, 3, 0, 2, 6, 4, 6, 8, 5, 2]
616503:[7, 9, 6, 0, 2, 3, 9, 3, 8, 2]
616855:[3, 0, 0, 4, 3, 1, 6, 6, 5, 2]
618733:[2, 2, 6, 5, 5, 2, 9, 2, 4, 2]
619148:[2, 6, 0, 1, 8, 5, 3, 9, 2, 9]
61954:[7, 9, 1, 1, 1, 7, 1, 0, 4, 3]
619823:[9, 4, 9, 2, 8, 8, 8, 0, 4, 0]
621969:[6, 1, 5, 1, 6, 3, 8, 9, 9, 6]
622330:[7, 7, 6, 7, 9, 9, 0, 7, 5, 2]
623568:[3, 0, 6, 0, 6, 1, 6, 8, 2, 9]
623660:[8, 7, 3, 4, 8, 2, 1, 8, 6, 0]
629227:[9, 6, 8, 1, 4, 8, 2, 1, 7, 2]
629582:[2, 1, 6, 8, 4, 8, 7, 0, 1, 6]
629664:[1, 4, 0, 6, 8, 2, 1, 0, 0, 8]
629864:[9, 7, 4, 6, 3, 1, 5, 6, 7, 3]
630548:[1, 3, 2, 2, 3, 8, 5, 0, 0, 3]
631400:[9, 5, 6, 8, 3, 2, 9, 1, 4, 4]
631918:[7, 3, 4, 1, 2, 9, 7, 3, 5, 7]
633561:[7, 5, 8, 5, 3, 4, 3, 0, 6, 1]
634317:[4, 3, 4, 1, 1, 1, 7, 6, 3, 2]
635034:[1, 0, 6, 4, 4, 7, 7, 3, 2, 4]
635321:[0, 4, 4, 0, 8, 1, 0, 2, 1, 8]
635381:[4, 2, 6, 6, 9, 9, 3, 3, 9, 5]
635823:[9, 6, 7, 8, 6, 0, 8, 3, 3, 6]
635857:[7, 8, 4, 7, 8, 8, 2, 8, 7, 7]
636381:[1, 9, 5, 1, 2, 5, 1, 8, 7, 8]
637446:[7, 3, 3, 3, 2, 0, 5, 0, 1, 4]
64785:[8, 7, 6, 7, 9, 5, 7, 0, 2, 4]
648862:[2, 4, 9, 8, 0, 1, 7, 6, 5, 5]
649844:[0, 8, 5, 5, 0, 2, 0, 6, 7, 5]
65016:[7, 1, 8, 3, 0, 8, 5, 6, 6, 7]
65035:[9, 2, 5, 5, 0, 5, 6, 2, 2, 7]
651367:[2, 6, 2, 0, 6, 5, 6, 4, 8, 0]
651486:[2, 9, 2, 4, 3, 5, 7, 1, 0, 7]
653037:[1, 1, 8, 6, 5, 6, 6, 3, 0, 3]
657150:[3, 9, 4, 2, 4, 2, 0, 4, 7, 0]
657328:[2, 0, 2, 6, 7, 4, 5, 9, 6, 5]
658877:[6, 8, 0, 8, 1, 2, 6, 9, 1, 3]
659615:[1, 2, 3, 5, 7, 3, 6, 6, 0, 5]
659853:[6, 2, 2, 9, 7, 0, 6, 3, 0, 1]
660759:[1, 7, 9, 4, 8, 1, 8, 9, 7, 9]
665316:[2, 0, 7, 1, 2, 6, 9, 9, 7, 8]
666569:[3, 1, 3, 0, 7, 7, 0, 3, 7, 5]
667058:[7, 8, 1, 7, 0, 3, 9, 4, 7, 6]
668182:[0, 3, 5, 5, 6, 9, 0, 0, 1, 6]
669720:[5, 8, 1, 2, 0, 7, 5, 9, 9, 6]
671121:[7, 4, 7, 0, 2, 9, 7, 4, 1, 6]
67307:[5, 2, 4, 6, 5, 6, 9, 7, 0, 4]
673734:[2, 3, 3, 8, 0, 8, 2, 8, 1, 5]
674937:[1, 8, 7, 7, 3, 9, 8, 0, 1, 1]
677511:[6, 5, 6, 1, 3, 6, 9, 8, 7, 8]
679597:[4, 5, 0, 2, 6, 7, 5, 0, 1, 6]
680852:[5, 5, 1, 4, 3, 4, 8, 3, 3, 6]
681427:[1, 8, 5, 4, 5, 1, 4, 5, 2, 4]
681586:[3, 8, 8, 9, 5, 1, 7, 6, 6, 3]
68171:[8, 8, 0, 0, 0, 6, 4, 7, 1, 2]
681816:[2, 1, 6, 6, 0, 2, 0, 8, 7, 3]
682149:[1, 4, 2, 3, 7, 8, 5, 2, 1, 7]
682441:[8, 6, 9, 1, 0, 4, 5, 0, 0, 6]
682588:[4, 1, 0, 5, 3, 7, 0, 5, 2, 9]
685129:[9, 7, 2, 8, 8, 9, 8, 7, 2, 6]
685284:[9, 6, 1, 1, 1, 5, 2, 3, 9, 9]
685911:[5, 9, 8, 5, 5, 9, 4, 1, 3, 5]
686872:[5, 8, 1, 5, 8, 5, 7, 7, 5, 7]
689504:[7, 1, 2, 6, 2, 8, 1, 5, 2, 9]
691636:[5, 9, 6, 4, 0, 4, 2, 3, 3, 8]
69233:[4, 5, 4, 9, 3, 7, 1, 9, 1, 0]
693313:[2, 4, 9, 5, 6, 9, 2, 5, 2, 0]
693914:[0, 5, 4, 3, 4, 5, 4, 6, 8, 2]
69462:[2, 8, 2, 3, 1, 0, 9, 0, 2, 5]
697940:[0, 4, 7, 7, 7, 8, 4, 7, 6, 4]
698007:[5, 7, 6, 3, 3, 8, 1, 2, 7, 0]
698848:[8, 5, 6, 9, 4, 5, 8, 7, 8, 6]
698894:[4, 8, 4, 7, 2, 7, 7, 2, 7, 7]
699290:[8, 4, 9, 2, 1, 2, 1, 4, 1, 3]
703505:[7, 6, 6, 2, 4, 8, 0, 8, 7, 7]
703728:[6, 9, 3, 6, 3, 8, 4, 4, 0, 7]
704184:[6, 0, 9, 6, 1, 9, 9, 1, 9, 8]
706596:[0, 1, 8, 5, 8, 4, 4, 4, 9, 3]
707746:[6, 8, 3, 4, 0, 3, 1, 1, 5, 8]
708:[3, 1, 2, 8, 0, 6, 8, 9, 9, 4]
710189:[3, 0, 7, 0, 4, 7, 1, 6, 8, 1]
711381:[0, 9, 2, 3, 2, 0, 1, 0, 5, 9]
712730:[2, 5, 9, 2, 4, 2, 7, 2, 1, 8]
712788:[7, 1, 6, 4, 6, 2, 5, 6, 0, 8]
714886:[4, 8, 5, 2, 6, 8, 4, 2, 4, 3]
716757:[0, 0, 4, 0, 8, 2, 6, 2, 8, 6]
720447:[4, 6, 5, 8, 3, 6, 0, 5, 3, 8]
722115:[4, 6, 3, 8, 7, 2, 0, 3, 6, 7]
722339:[0, 1, 4, 7, 6, 6, 4, 8, 5, 4]
723753:[8, 0, 6, 5, 8, 5, 1, 9, 3, 1]
723790:[2, 2, 7, 0, 3, 9, 1, 7, 4, 9]
724497:[0, 0, 0, 9, 4, 1, 3, 9, 9, 7]
724622:[1, 4, 9, 9, 2, 5, 7, 6, 8, 6]
725228:[9, 0, 5, 6, 4, 9, 6, 8, 7, 6]
726632:[2, 6, 0, 8, 7, 5, 7, 1, 0, 3]
727332:[8, 8, 6, 1, 8, 1, 7, 1, 8, 9]
727881:[2, 2, 0, 3, 5, 6, 7, 2, 7, 4]
730670:[2, 7, 3, 6, 5, 5, 9, 1, 0, 8]
733429:[7, 6, 1, 3, 2, 6, 0, 3, 2, 3]
733748:[0, 6, 2, 6, 0, 1, 8, 0, 8, 8]
733834:[6, 2, 6, 5, 2, 9, 0, 6, 6, 1]
738703:[6, 4, 5, 3, 3, 8, 5, 0, 6, 7]
739432:[5, 7, 8, 2, 7, 2, 3, 0, 5, 8]
739504:[3, 9, 7, 9, 0, 1, 0, 4, 7, 9]
740482:[7, 1, 0, 1, 5, 6, 4, 9, 9, 4]
741346:[4, 0, 4, 9, 1, 7, 7, 2, 2, 2]
744986:[7, 0, 1, 5, 6, 5, 8, 3, 9, 4]
747486:[5, 2, 1, 5, 5, 8, 0, 3, 7, 3]
749786:[7, 9, 6, 1, 9, 9, 0, 7, 8, 0]
753789:[1, 8, 4, 1, 5, 2, 9, 7, 2, 4]
753835:[5, 8, 3, 1, 5, 4, 8, 5, 7, 5]
754769:[3, 9, 1, 6, 3, 9, 8, 0, 0, 9]
755110:[8, 7, 7, 0, 0, 5, 7, 1, 7, 5]
755287:[0, 0, 1, 4, 7, 7, 3, 5, 9, 0]
757113:[9, 5, 5, 7, 2, 1, 9, 9, 2, 7]
758130:[1, 5, 0, 7, 3, 6, 5, 8, 6, 8]
758806:[4, 6, 8, 8, 1, 6, 1, 1, 2, 1]
761167:[3, 2, 9, 5, 4, 5, 3, 6, 3, 9]
762739:[9, 3, 4, 2, 4, 3, 6, 4, 1, 7]
764384:[5, 6, 3, 6, 3, 5, 8, 8, 5, 4]
765361:[5, 4, 5, 6, 9, 0, 9, 9, 0, 8]
765411:[5, 9, 8, 3, 5, 1, 2, 7, 1, 6]
769473:[8, 8, 4, 8, 3, 2, 6, 9, 7, 3]
771616:[4, 6, 1, 4, 2, 7, 9, 3, 1, 6]
771964:[5, 1, 0, 2, 8, 9, 6, 9, 5, 1]
775076:[0, 6, 1, 7, 8, 6, 2, 1, 5, 6]
775139:[1, 7, 2, 7, 8, 2, 3, 6, 3, 5]
775523:[0, 6, 8, 4, 3, 0, 3, 7, 0, 2]
776510:[6, 3, 5, 6, 0, 6, 8, 9, 1, 3]
776665:[5, 7, 7, 4, 3, 5, 3, 5, 2, 2]
777169:[5, 3, 2, 0, 5, 7, 9, 3, 8, 5]
779570:[4, 4, 8, 3, 7, 1, 0, 6, 0, 9]
781243:[5, 3, 1, 0, 2, 0, 2, 0, 6, 5]
783220:[8, 5, 2, 1, 4, 3, 4, 3, 9, 2]
783445:[4, 7, 6, 6, 3, 5, 1, 9, 5, 6]
783481:[9, 5, 0, 2, 7, 0, 7, 9, 5, 5]
784103:[6, 9, 6, 2, 9, 0, 6, 4, 5, 1]
79178:[4, 1, 0, 4, 2, 6, 3, 5, 2, 5]
797965:[0, 0, 3, 4, 3, 0, 7, 3, 8, 8]
800675:[3, 6, 3, 8, 5, 0, 9, 0, 1, 1]
802373:[3, 8, 7, 5, 0, 5, 0, 5, 9, 8]
803055:[7, 1, 0, 8, 3, 1, 7, 4, 6, 8]
804396:[8, 7, 3, 2, 5, 6, 9, 4, 0, 7]
806220:[3, 5, 1, 8, 9, 1, 0, 5, 3, 3]
807063:[9, 4, 6, 3, 4, 1, 6, 2, 7, 2]
809498:[6, 7, 9, 3, 6, 0, 3, 6, 7, 7]
811065:[2, 9, 9, 9, 3, 0, 0, 7, 8, 8]
811783:[1, 3, 2, 8, 0, 2, 7, 9, 2, 6]
812642:[8, 2, 5, 5, 5, 5, 8, 6, 0, 9]
813045:[9, 1, 7, 2, 5, 3, 4, 0, 4, 2]
813562:[4, 5, 6, 4, 8, 6, 7, 7, 0, 8]
814052:[2, 0, 6, 5, 0, 8, 4, 7, 6, 7]
814600:[1, 3, 5, 8, 6, 5, 1, 0, 2, 1]
815522:[0, 5, 2, 0, 4, 8, 4, 4, 6, 9]
817046:[8, 0, 6, 3, 7, 3, 3, 7, 4, 6]
817502:[9, 6, 7, 8, 3, 5, 1, 7, 5, 8]
818327:[2, 8, 8, 0, 9, 5, 7, 6, 2, 8]
820936:[9, 8, 5, 0, 2, 3, 4, 8, 5, 2]
823762:[6, 8, 1, 6, 6, 5, 5, 3, 3, 7]
827739:[7, 5, 6, 2, 5, 9, 9, 4, 2, 9]
82949:[7, 8, 1, 3, 9, 6, 2, 0, 9, 6]
830037:[5, 7, 4, 4, 7, 3, 3, 8, 1, 5]
830306:[1, 6, 5, 3, 2, 8, 7, 9, 8, 8]
830747:[1, 9, 9, 9, 4, 1, 1, 6, 4, 1]
831999:[4, 8, 9, 0, 0, 3, 3, 0, 5, 0]
835017:[4, 5, 4, 8, 8, 7, 9, 9, 1, 1]
836110:[8, 9, 8, 4, 4, 3, 0, 2, 7, 3]
837613:[2, 7, 4, 0, 4, 6, 8, 8, 4, 7]
837678:[1, 9, 0, 1, 6, 5, 3, 6, 7, 1]
837848:[1, 6, 7, 8, 2, 8, 7, 6, 6, 4]
845756:[4, 0, 0, 4, 8, 6, 1, 8, 6, 9]
847543:[5, 2, 6, 7, 3, 1, 2, 9, 1, 3]
847551:[6, 7, 1, 7, 2, 7, 1, 9, 7, 0]
850093:[9, 3, 7, 1, 7, 4, 0, 0, 0, 8]
850846:[4, 3, 5, 9, 2, 9, 8, 0, 7, 7]
860209:[9, 4, 9, 0, 0, 3, 9, 4, 1, 2]
8603:[2, 6, 7, 5, 1, 0, 2, 1, 1, 6]
860447:[9, 7, 4, 2, 7, 0, 9, 3, 7, 8]
860807:[2, 8, 6, 5, 6, 5, 4, 7, 6, 7]
860978:[9, 7, 0, 4, 1, 0, 6, 4, 3, 3]
86555:[2, 5, 5, 6, 4, 8, 6, 5, 7, 6]
866279:[6, 1, 7, 8, 0, 3, 4, 4, 9, 6]
86699:[1, 3, 8, 3, 1, 0, 9, 4, 8, 0]
867478:[8, 0, 3, 5, 1, 1, 1, 7, 0, 0]
870054:[7, 5, 9, 0, 5, 2, 0, 2, 3, 7]
87109:[0, 4, 7, 0, 0, 5, 9, 5, 1, 3]
872901:[4, 9, 8, 0, 6, 4, 8, 4, 3, 8]
873523:[8, 9, 0, 1, 2, 7, 5, 9, 3, 9]
873991:[5, 2, 4, 5, 8, 6, 8, 2, 6, 7]
87488:[5, 8, 5, 5, 6, 7, 4, 8, 9, 1]
877025:[7, 6, 3, 5, 0, 0, 8, 4, 1, 9]
878757:[2, 4, 1, 5, 5, 8, 7, 6, 8, 6]
881127:[5, 3, 7, 0, 5, 3, 6, 2, 6, 0]
883828:[0, 7, 1, 2, 0, 6, 6, 8, 6, 1]
884736:[2, 3, 5, 8, 9, 0, 0, 3, 3, 0]
887300:[4, 1, 2, 0, 6, 8, 3, 6, 6, 2]
889401:[8, 5, 6, 3, 0, 5, 6, 3, 2, 3]
893534:[6, 7, 2, 1, 9, 5, 3, 2, 6, 6]
893674:[0, 0, 0, 4, 0, 9, 2, 9, 0, 3]
895654:[1, 8, 2, 9, 6, 0, 8, 7, 6, 5]
89846:[2, 3, 1, 4, 2, 2, 4, 6, 4, 3]
90147:[3, 0, 2, 0, 9, 1, 4, 6, 3, 7]
902470:[1, 2, 2, 4, 6, 7, 7, 1, 1, 3]
905829:[3, 5, 3, 1, 6, 3, 8, 6, 2, 2]
906430:[7, 4, 5, 7, 6, 9, 7, 3, 5, 0]
908934:[7, 8, 4, 9, 0, 0, 7, 8, 7, 3]
909901:[4, 5, 6, 3, 7, 8, 7, 5, 0, 6]
910456:[0, 0, 9, 3, 2, 4, 7, 6, 7, 7]
911284:[9, 9, 9, 7, 1, 8, 6, 9, 5, 5]
912324:[5, 8, 0, 7, 7, 9, 0, 9, 6, 6]
914842:[1, 2, 4, 5, 8, 3, 9, 7, 4, 5]
914878:[0, 0, 0, 1, 9, 0, 8, 3, 2, 3]
914983:[6, 4, 2, 4, 5, 3, 8, 5, 2, 5]
915861:[6, 0, 1, 8, 8, 6, 3, 6, 0, 4]
917570:[5, 4, 2, 7, 1, 1, 5, 4, 5, 8]
919052:[5, 0, 5, 0, 3, 9, 6, 9, 9, 3]
920896:[3, 0, 4, 5, 9, 0, 5, 4, 2, 0]
92343:[1, 2, 0, 1, 1, 9, 8, 8, 0, 3]
927800:[6, 2, 7, 5, 6, 2, 5, 8, 6, 7]
92785:[6, 4, 8, 7, 8, 8, 4, 9, 8, 5]
928166:[2, 1, 2, 6, 2, 8, 2, 9, 2, 4]
929900:[1, 8, 9, 0, 4, 2, 9, 6, 3, 9]
931539:[5, 3, 3, 9, 9, 0, 4, 8, 4, 8]
933072:[5, 5, 8, 7, 5, 7, 8, 9, 0, 0]
934559:[7, 9, 1, 4, 3, 8, 2, 4, 0, 2]
935483:[4, 9, 1, 9, 5, 9, 9, 9, 6, 6]
935675:[1, 9, 6, 1, 4, 6, 5, 9, 9, 5]
936033:[6, 0, 8, 5, 9, 4, 2, 2, 8, 1]
939364:[3, 2, 5, 1, 8, 9, 4, 5, 4, 8]
940223:[8, 5, 6, 3, 2, 2, 1, 7, 6, 5]
945767:[9, 8, 9, 5, 3, 0, 9, 0, 3, 9]
946518:[9, 7, 1, 5, 4, 3, 4, 3, 8, 6]
947170:[0, 4, 6, 5, 8, 5, 2, 6, 4, 0]
948195:[1, 8, 1, 1, 5, 1, 7, 4, 4, 4]
949127:[2, 8, 8, 5, 8, 0, 8, 2, 6, 5]
949167:[6, 0, 1, 5, 4, 3, 7, 8, 9, 9]
949201:[7, 1, 3, 6, 9, 0, 8, 6, 2, 6]
949324:[5, 5, 1, 0, 0, 4, 0, 3, 2, 2]
95092:[4, 2, 9, 0, 5, 7, 9, 6, 5, 9]
951997:[1, 3, 0, 2, 0, 2, 0, 2, 2, 5]
953633:[7, 8, 3, 6, 0, 0, 5, 4, 2, 9]
953642:[9, 1, 8, 3, 1, 9, 2, 5, 0, 7]
953856:[4, 0, 6, 9, 5, 1, 6, 0, 5, 0]
954279:[4, 2, 3, 4, 4, 2, 3, 1, 7, 9]
957004:[6, 4, 2, 1, 1, 0, 5, 1, 3, 5]
957034:[4, 4, 7, 6, 0, 5, 6, 8, 0, 8]
959721:[7, 6, 9, 1, 5, 3, 6, 9, 5, 5]
961943:[2, 0, 5, 4, 5, 7, 8, 4, 9, 8]
962251:[6, 1, 0, 0, 6, 6, 0, 2, 7, 1]
963265:[9, 2, 5, 4, 6, 2, 0, 1, 6, 6]
964278:[2, 1, 5, 6, 3, 2, 3, 3, 4, 3]
967128:[3, 3, 2, 4, 5, 4, 8, 2, 8, 3]
967575:[9, 6, 7, 8, 3, 0, 7, 8, 9, 7]
968348:[4, 4, 7, 2, 9, 0, 3, 6, 3, 2]
968483:[3, 3, 7, 3, 7, 8, 9, 9, 9, 5]
968596:[3, 1, 2, 2, 6, 5, 2, 9, 7, 9]
968817:[1, 5, 0, 2, 4, 6, 1, 2, 4, 2]
969084:[0, 4, 9, 7, 0, 0, 8, 7, 9, 5]
969574:[9, 2, 9, 2, 8, 7, 8, 0, 3, 4]
972545:[6, 1, 8, 9, 7, 5, 5, 7, 8, 6]
975374:[5, 8, 2, 6, 3, 4, 9, 9, 4, 1]
975582:[8, 8, 9, 4, 8, 4, 9, 6, 7, 4]
978664:[1, 7, 3, 8, 9, 7, 0, 3, 5, 2]
983726:[2, 3, 3, 9, 6, 9, 8, 0, 0, 7]
984452:[1, 3, 6, 2, 3, 1, 3, 3, 0, 8]
987289:[8, 6, 1, 5, 0, 9, 9, 1, 8, 0]
989382:[7, 3, 8, 2, 0, 8, 3, 3, 5, 9]
989911:[8, 8, 1, 4, 8, 5, 1, 7, 7, 9]
990025:[2, 5, 1, 3, 1, 1, 1, 2, 0, 3]
990677:[1, 0, 4, 0, 1, 4, 0, 9, 4, 1]
993175:[3, 6, 3, 4, 9, 0, 7, 2, 1, 6]
995459:[5, 1, 6, 7, 6, 0, 1, 8, 8, 6]
999202:[8, 6, 0, 8, 6, 9, 2, 0, 6, 5]
999289:[3, 8, 0, 0, 4, 6, 3, 1, 6, 3]
