1018715:[4, 4, 5, 4, 0, 0, 1, 0, 7, 9]
1022388:[7, 3, 9, 6, 7, 6, 4, 0, 2, 9]
1034746:[9, 8, 8, 0, 9, 6, 5, 5, 1, 2]
1039119:[0, 4, 2, 7, 0, 3, 9, 7, 9, 7]
1052366:[1, 6, 8, 6, 1, 4, 5, 4, 9, 8]
1059004:[4, 1, 2, 5, 0, 4, 2, 9, 4, 4]
1086717:[5, 9, 9, 1, 2, 0, 5, 3, 7, 6]
1102956:[2, 7, 8, 0, 9, 5, 6, 1, 0, 7]
1112084:[6, 5, 5, 0, 7, 7, 7, 4, 4, 8]
1178887:[4, 3, 2, 1, 3, 9, 8, 5, 8, 0]
1214201:[2, 7, 6, 8, 5, 2, 3, 2, 8, 5]
122863:[5, 1, 1, 2, 8, 6, 2, 7, 3, 6]
1238641:[0, 9, 3, 5, 7, 3, 9, 7, 3, 5]
1243752:[6, 6, 3, 4, 3, 1, 2, 8, 1, 4]
1248485:[6, 6, 5, 3, 2, 3, 9, 4, 3, 9]
1253553:[7, 3, 1, 5, 7, 5, 0, 9, 3, 0]
1272897:[6, 5, 2, 7, 4, 1, 3, 9, 8, 0]
1279602:[0, 7, 2, 7, 9, 9, 3, 6, 9, 2]
1299868:[9, 7, 1, 5, 4, 6, 6, 4, 5, 7]
1302762:[2, 6, 5, 9, 0, 0, 8, 8, 5, 6]
1304228:[1, 9, 1, 1, 1, 0, 3, 1, 4, 0]
1311092:[8, 3, 9, 9, 6, 6, 3, 8, 3, 1]
1313412:[2, 8, 0, 3, 8, 9, 4, 5, 1, 4]
1345191:[5, 7, 3, 5, 0, 9, 8, 9, 2, 3]
1374780:[3, 3, 9, 2, 0, 5, 0, 3, 6, 7]
1411934:[4, 9, 8, 5, 4, 9, 6, 1, 6, 2]
1521667:[8, 2, 7, 4, 6, 4, 9, 5, 5, 0]
1521776:[4, 0, 8, 4, 4, 3, 4, 9, 4, 9]
156719:[0, 0, 5, 3, 4, 6, 8, 8, 3, 0]
1590987:[2, 7, 3, 3, 7, 2, 0, 2, 8, 4]
1597437:[5, 0, 9, 3, 2, 8, 6, 9, 6, 7]
1613130:[3, 9, 4, 9, 4, 1, 4, 2, 3, 2]
1640569:[8, 1, 8, 0, 9, 8, 1, 6, 1, 5]
1662356:[5, 9, 6, 8, 2, 4, 9, 2, 3, 5]
1700520:[0, 0, 5, 2, 5, 7, 6, 5, 7, 0]
1709680:[1, 4, 5, 3, 8, 4, 1, 8, 1, 9]
1739653:[3, 1, 7, 2, 9, 2, 1, 3, 6, 6]
1756700:[8, 0, 4, 7, 6, 7, 4, 8, 9, 7]
1771644:[9, 0, 7, 7, 7, 3, 0, 2, 3, 5]
1778435:[8, 8, 3, 3, 6, 0, 3, 3, 6, 2]
1795860:[3, 7, 0, 6, 8, 3, 8, 2, 8, 8]
1799265:[2, 1, 1, 2, 8, 7, 3, 0, 3, 1]
1807294:[0, 9, 3, 9, 1, 8, 7, 5, 6, 6]
1810170:[9, 4, 6, 6, 2, 3, 5, 8, 0, 3]
1812127:[8, 3, 1, 9, 6, 7, 7, 9, 0, 8]
1837107:[0, 7, 2, 9, 9, 1, 5, 7, 6, 3]
1857801:[7, 9, 1, 5, 5, 4, 4, 3, 1, 8]
189427:[7, 4, 8, 3, 1, 1, 9, 3, 0, 0]
1900707:[8, 6, 5, 2, 8, 8, 7, 2, 2, 9]
1916756:[7, 4, 1, 0, 8, 9, 9, 6, 0, 6]
1935241:[9, 5, 4, 0, 5, 5, 2, 5, 4, 3]
1935736:[0, 8, 3, 5, 5, 5, 9, 3, 4, 3]
1982014:[7, 4, 7, 2, 0, 5, 6, 3, 7, 9]
1989774:[5, 9, 7, 4, 2, 9, 4, 7, 2, 1]
2018503:[4, 9, 0, 7, 2, 9, 5, 2, 1, 8]
202005:[7, 9, 1, 5, 5, 4, 4, 3, 1, 6]
20443:[6, 3, 8, 8, 6, 6, 1, 6, 5, 8]
2055829:[1, 8, 2, 7, 8, 1, 2, 7, 7, 5]
2080668:[6, 5, 1, 8, 1, 4, 3, 4, 7, 5]
2082077:[9, 1, 8, 9, 8, 7, 5, 8, 4, 5]
2103801:[8, 6, 7, 4, 4, 1, 0, 4, 2, 0]
2126772:[0, 7, 4, 9, 1, 7, 5, 2, 9, 2]
2132554:[6, 8, 7, 2, 3, 2, 6, 3, 4, 7]
2141479:[7, 0, 7, 2, 2, 8, 5, 1, 8, 4]
2161211:[6, 4, 0, 8, 1, 7, 7, 7, 5, 5]
2204210:[5, 3, 0, 2, 9, 7, 8, 8, 0, 8]
2220216:[7, 6, 8, 1, 7, 2, 8, 0, 2, 3]
2300411:[8, 4, 0, 2, 1, 5, 7, 2, 7, 8]
2322839:[4, 1, 0, 8, 7, 8, 5, 4, 9, 5]
2354815:[0, 3, 0, 4, 0, 4, 5, 8, 2, 7]
2365376:[0, 8, 1, 6, 6, 8, 0, 1, 9, 6]
2373621:[0, 2, 9, 2, 8, 8, 7, 9, 3, 8]
2387362:[5, 1, 9, 4, 2, 6, 8, 7, 8, 5]
241041:[0, 4, 9, 9, 9, 3, 4, 7, 5, 7]
2414942:[1, 9, 1, 1, 1, 0, 3, 1, 4, 0]
2448437:[8, 9, 9, 6, 4, 8, 6, 3, 0, 6]
2453908:[2, 4, 2, 6, 2, 7, 4, 3, 8, 0]
2564644:[4, 6, 5, 6, 5, 9, 9, 0, 6, 8]
2566672:[3, 7, 8, 8, 6, 2, 2, 5, 5, 9]
2631114:[2, 8, 2, 6, 6, 8, 7, 0, 7, 6]
263180:[8, 8, 2, 5, 3, 7, 7, 4, 7, 3]
2632456:[8, 5, 3, 4, 1, 7, 9, 1, 8, 1]
2634981:[1, 7, 3, 3, 1, 3, 4, 4, 9, 8]
2648209:[7, 1, 7, 2, 7, 6, 2, 3, 2, 5]
2651422:[9, 0, 5, 7, 1, 2, 7, 6, 7, 7]
2660535:[9, 2, 2, 7, 8, 5, 0, 0, 6, 7]
268111:[1, 9, 5, 4, 9, 3, 9, 1, 3, 8]
2684016:[4, 6, 3, 0, 3, 3, 7, 7, 7, 5]
2705977:[4, 0, 9, 5, 2, 8, 8, 8, 1, 3]
2726253:[5, 7, 8, 6, 9, 6, 3, 2, 7, 9]
276675:[6, 2, 6, 6, 7, 3, 7, 6, 1, 5]
2810007:[8, 3, 2, 7, 3, 3, 2, 5, 4, 2]
2831833:[3, 3, 6, 3, 5, 8, 9, 3, 4, 8]
2843529:[5, 5, 9, 7, 3, 7, 7, 0, 6, 7]
286881:[4, 4, 9, 5, 5, 7, 3, 0, 7, 5]
2878889:[4, 2, 3, 6, 4, 3, 7, 0, 2, 6]
2895582:[6, 3, 4, 4, 2, 2, 3, 0, 6, 8]
2938054:[8, 4, 3, 7, 2, 6, 9, 2, 0, 9]
2938616:[2, 0, 2, 9, 4, 6, 2, 5, 7, 9]
2947191:[3, 3, 6, 0, 0, 6, 0, 2, 5, 7]
3075110:[4, 7, 6, 9, 0, 8, 8, 3, 8, 7]
3082989:[2, 5, 7, 7, 5, 1, 9, 0, 0, 9]
3124324:[8, 4, 8, 1, 8, 4, 3, 6, 3, 2]
3142279:[2, 6, 7, 3, 9, 0, 6, 7, 4, 4]
3147855:[0, 9, 0, 8, 8, 8, 6, 5, 7, 9]
3179512:[8, 7, 5, 5, 0, 1, 6, 5, 2, 3]
3181019:[9, 5, 0, 6, 0, 2, 8, 5, 2, 8]
3194964:[7, 1, 7, 1, 9, 0, 2, 4, 1, 9]
3195742:[9, 9, 7, 9, 6, 3, 9, 9, 7, 9]
3229563:[5, 1, 1, 6, 9, 6, 2, 5, 6, 6]
3230332:[4, 2, 8, 0, 9, 9, 2, 9, 9, 2]
3238721:[3, 1, 9, 5, 6, 7, 6, 8, 7, 3]
342403:[1, 2, 1, 3, 3, 2, 4, 3, 2, 4]
371045:[7, 7, 8, 9, 2, 9, 1, 5, 9, 7]
395293:[7, 8, 9, 1, 4, 9, 2, 9, 1, 8]
404571:[2, 0, 9, 3, 0, 2, 9, 8, 6, 3]
409423:[0, 4, 8, 6, 0, 4, 7, 2, 9, 9]
410044:[4, 9, 5, 6, 7, 5, 0, 0, 7, 4]
418658:[3, 9, 1, 8, 3, 8, 5, 5, 7, 1]
424568:[1, 8, 7, 9, 5, 7, 3, 9, 1, 9]
452914:[3, 7, 7, 4, 8, 5, 9, 2, 5, 3]
458262:[0, 3, 3, 7, 4, 4, 0, 0, 2, 1]
459261:[6, 6, 5, 9, 6, 6, 8, 1, 0, 7]
498543:[1, 9, 9, 0, 6, 9, 7, 4, 8, 1]
50546:[1, 0, 9, 2, 1, 5, 0, 5, 8, 7]
518942:[7, 8, 1, 5, 0, 0, 6, 3, 0, 3]
612170:[0, 0, 9, 3, 1, 0, 4, 7, 4, 9]
625773:[0, 4, 8, 1, 9, 7, 8, 0, 4, 9]
640533:[5, 8, 7, 9, 1, 5, 7, 9, 2, 0]
649393:[7, 3, 9, 8, 8, 9, 6, 6, 9, 5]
688988:[1, 1, 1, 1, 2, 1, 1, 8, 4, 2]
756763:[1, 3, 7, 5, 1, 6, 8, 2, 5, 8]
759008:[8, 2, 2, 4, 1, 0, 7, 0, 2, 4]
762645:[7, 4, 4, 3, 9, 9, 7, 4, 7, 3]
782621:[5, 8, 5, 4, 3, 7, 9, 3, 1, 9]
795240:[5, 5, 7, 6, 7, 2, 5, 1, 6, 5]
82488:[0, 2, 0, 4, 7, 3, 9, 1, 3, 6]
85793:[5, 7, 5, 4, 2, 9, 8, 3, 3, 1]
863178:[5, 2, 8, 8, 9, 0, 7, 4, 7, 4]
869778:[1, 7, 1, 1, 4, 2, 6, 1, 5, 1]
903545:[6, 3, 0, 4, 2, 8, 7, 5, 2, 0]
951521:[9, 8, 0, 8, 7, 6, 3, 9, 2, 0]
964272:[2, 9, 4, 1, 6, 0, 3, 2, 5, 6]
971048:[4, 9, 9, 9, 5, 4, 0, 7, 6, 6]
978926:[9, 9, 1, 8, 3, 5, 6, 1, 7, 3]
