1010249:[2, 2, 3, 7, 8, 2, 8, 5, 3, 8]
1045350:[9, 1, 3, 0, 9, 5, 5, 8, 7, 7]
1096463:[6, 1, 6, 8, 3, 9, 3, 6, 7, 5]
1125676:[4, 8, 2, 0, 3, 1, 9, 2, 3, 9]
1148789:[6, 2, 8, 9, 4, 3, 0, 7, 4, 7]
1190236:[1, 7, 4, 1, 1, 5, 1, 4, 6, 0]
1270870:[5, 6, 3, 0, 1, 7, 0, 1, 6, 7]
1272969:[1, 3, 5, 3, 1, 8, 0, 3, 7, 9]
1278449:[7, 4, 6, 2, 8, 0, 4, 7, 3, 0]
1279559:[8, 6, 3, 2, 6, 0, 5, 1, 9, 4]
1296844:[9, 5, 4, 6, 4, 7, 7, 3, 8, 8]
1300279:[6, 4, 7, 7, 7, 4, 5, 2, 6, 2]
1327379:[6, 3, 6, 5, 1, 6, 2, 7, 4, 3]
1352020:[1, 9, 5, 1, 3, 3, 7, 8, 9, 3]
1361220:[7, 4, 6, 7, 1, 8, 4, 8, 0, 8]
1383004:[8, 2, 5, 6, 0, 5, 3, 1, 8, 8]
1388525:[9, 0, 7, 1, 2, 3, 3, 8, 8, 8]
1389703:[7, 2, 4, 7, 0, 5, 5, 1, 4, 8]
1396071:[7, 7, 5, 9, 4, 1, 0, 7, 5, 9]
1396415:[7, 5, 1, 4, 1, 6, 3, 8, 6, 7]
1396700:[8, 4, 8, 1, 5, 3, 7, 6, 3, 2]
1438267:[2, 6, 1, 6, 7, 6, 2, 5, 6, 7]
1481873:[6, 4, 3, 5, 0, 8, 8, 1, 6, 2]
1484209:[9, 0, 5, 8, 9, 1, 1, 9, 8, 7]
1497503:[5, 2, 1, 1, 6, 1, 8, 6, 1, 2]
1498573:[5, 4, 1, 7, 7, 7, 4, 8, 7, 0]
1555390:[7, 6, 7, 4, 7, 4, 4, 6, 9, 7]
1564337:[7, 2, 5, 7, 2, 2, 0, 4, 2, 6]
1567856:[9, 6, 3, 4, 1, 9, 8, 7, 3, 0]
1582117:[9, 8, 6, 7, 4, 8, 4, 4, 6, 2]
1586522:[4, 8, 4, 9, 3, 6, 3, 9, 8, 8]
1615860:[5, 7, 4, 5, 6, 3, 9, 6, 0, 6]
1652721:[0, 8, 0, 2, 5, 7, 8, 4, 2, 3]
1669834:[5, 1, 6, 2, 4, 2, 6, 9, 2, 3]
168975:[8, 2, 7, 7, 7, 8, 5, 7, 1, 8]
1692234:[3, 2, 7, 2, 0, 2, 1, 4, 8, 7]
1695934:[7, 4, 5, 3, 0, 4, 9, 0, 6, 0]
1715931:[2, 9, 0, 2, 2, 4, 4, 7, 9, 8]
172151:[4, 7, 8, 3, 2, 0, 6, 8, 8, 3]
1748438:[8, 1, 1, 3, 9, 5, 4, 1, 5, 8]
1749971:[9, 4, 8, 7, 4, 2, 6, 9, 4, 8]
1755284:[7, 5, 1, 9, 7, 4, 2, 7, 4, 2]
176659:[1, 1, 1, 3, 9, 7, 1, 8, 7, 0]
1772664:[8, 9, 4, 7, 6, 9, 6, 6, 9, 1]
1775723:[6, 5, 5, 1, 6, 8, 8, 9, 8, 1]
1782201:[8, 9, 1, 6, 8, 6, 1, 2, 7, 4]
1791483:[1, 8, 8, 2, 3, 1, 0, 2, 7, 3]
1813718:[2, 1, 1, 6, 2, 7, 8, 9, 8, 2]
1818676:[9, 2, 4, 6, 9, 2, 7, 5, 2, 6]
1827166:[0, 8, 2, 9, 5, 5, 8, 1, 4, 7]
1836023:[0, 8, 3, 0, 1, 6, 8, 1, 5, 2]
1837249:[8, 6, 5, 5, 1, 3, 0, 8, 9, 4]
1850206:[8, 3, 3, 3, 6, 0, 9, 9, 4, 4]
1874014:[7, 4, 2, 5, 8, 5, 2, 8, 6, 8]
187438:[0, 9, 1, 9, 0, 8, 0, 9, 3, 7]
1888278:[7, 4, 6, 5, 5, 2, 9, 7, 2, 0]
1934706:[9, 1, 4, 1, 8, 1, 4, 8, 8, 4]
1959481:[4, 8, 7, 5, 2, 9, 8, 6, 6, 3]
1964921:[1, 2, 5, 9, 3, 3, 2, 5, 3, 9]
1969119:[2, 1, 3, 3, 5, 6, 8, 9, 5, 5]
198358:[6, 0, 4, 5, 1, 2, 7, 6, 5, 8]
2001184:[8, 9, 8, 2, 0, 5, 9, 5, 4, 8]
2002511:[1, 8, 2, 0, 8, 2, 2, 7, 2, 9]
2003675:[7, 1, 5, 0, 9, 5, 6, 7, 4, 1]
2009835:[9, 1, 0, 6, 8, 4, 7, 2, 1, 2]
2019271:[7, 9, 5, 9, 0, 6, 6, 6, 9, 6]
2039950:[7, 7, 1, 4, 4, 0, 7, 5, 2, 5]
2080821:[9, 4, 7, 9, 9, 7, 4, 5, 8, 5]
2081987:[5, 5, 4, 3, 9, 4, 1, 6, 8, 8]
2100758:[8, 3, 2, 5, 2, 6, 7, 8, 8, 2]
2117431:[0, 0, 1, 7, 3, 4, 8, 0, 0, 1]
2121297:[4, 5, 6, 7, 7, 9, 9, 0, 7, 2]
2139601:[1, 2, 9, 6, 3, 6, 1, 0, 2, 2]
216877:[1, 3, 4, 9, 8, 1, 4, 4, 6, 6]
2169800:[5, 3, 8, 1, 6, 9, 0, 4, 2, 8]
217771:[3, 0, 0, 8, 7, 9, 6, 0, 2, 1]
2206232:[6, 9, 4, 1, 8, 5, 5, 3, 2, 0]
2238966:[3, 3, 9, 7, 5, 2, 4, 2, 2, 0]
2257212:[4, 2, 8, 7, 9, 7, 5, 3, 3, 3]
2276032:[0, 2, 3, 1, 2, 2, 9, 4, 2, 4]
2279666:[9, 5, 2, 6, 1, 0, 5, 6, 2, 0]
2310995:[9, 7, 1, 5, 3, 8, 1, 0, 2, 3]
2312288:[7, 4, 4, 4, 9, 1, 1, 5, 0, 6]
2338755:[7, 6, 2, 6, 3, 0, 2, 8, 2, 5]
2358375:[7, 4, 9, 0, 8, 4, 2, 2, 8, 4]
2363956:[3, 0, 2, 9, 6, 0, 3, 8, 7, 4]
2369119:[9, 8, 9, 7, 2, 6, 4, 7, 2, 8]
2385499:[8, 1, 6, 7, 9, 9, 6, 1, 9, 0]
2388616:[6, 6, 8, 7, 8, 7, 5, 1, 4, 8]
2388668:[0, 5, 7, 7, 7, 2, 5, 0, 5, 0]
241561:[2, 4, 2, 3, 0, 0, 7, 6, 4, 5]
2420259:[9, 5, 5, 1, 3, 6, 3, 6, 3, 8]
248640:[7, 0, 0, 4, 2, 1, 9, 3, 9, 8]
2495386:[6, 2, 6, 3, 8, 5, 8, 4, 5, 7]
2503456:[3, 2, 9, 8, 5, 4, 3, 8, 1, 0]
2513728:[6, 4, 9, 7, 4, 4, 8, 6, 6, 7]
2517051:[3, 9, 3, 0, 1, 9, 1, 8, 6, 3]
2525872:[1, 4, 9, 7, 3, 9, 8, 9, 9, 1]
255408:[4, 8, 6, 5, 0, 2, 4, 1, 6, 1]
2556773:[1, 2, 5, 8, 8, 3, 6, 2, 0, 4]
2557649:[5, 4, 0, 1, 7, 2, 9, 4, 4, 9]
2579838:[6, 6, 7, 5, 8, 0, 7, 4, 0, 8]
2587976:[0, 8, 3, 8, 6, 8, 3, 7, 7, 1]
2599935:[7, 5, 4, 7, 5, 5, 7, 0, 5, 7]
2611328:[1, 9, 4, 7, 1, 5, 5, 2, 1, 7]
2630785:[3, 2, 0, 8, 5, 4, 7, 0, 1, 0]
2646768:[8, 0, 7, 7, 0, 2, 8, 0, 1, 1]
2649254:[4, 8, 5, 5, 5, 9, 1, 9, 3, 5]
2671021:[4, 2, 1, 7, 1, 6, 1, 6, 8, 5]
275038:[0, 6, 5, 9, 3, 6, 7, 8, 9, 3]
279406:[1, 8, 4, 9, 9, 5, 7, 5, 8, 2]
2798102:[8, 8, 6, 7, 0, 3, 4, 4, 2, 1]
2813740:[2, 0, 3, 1, 4, 0, 4, 2, 0, 6]
2841432:[8, 7, 0, 8, 6, 6, 3, 0, 8, 3]
2871166:[4, 7, 7, 9, 6, 9, 4, 4, 9, 4]
2872231:[3, 5, 6, 9, 0, 7, 5, 7, 7, 9]
2892375:[6, 9, 3, 0, 9, 0, 5, 0, 4, 3]
2914914:[9, 5, 5, 5, 7, 2, 1, 3, 8, 0]
2932824:[1, 1, 0, 4, 3, 1, 1, 6, 1, 7]
2942622:[2, 1, 2, 0, 6, 3, 4, 8, 1, 3]
2989697:[8, 8, 1, 5, 1, 3, 5, 0, 5, 7]
2993076:[2, 8, 3, 0, 6, 6, 8, 1, 4, 3]
3014057:[0, 2, 5, 2, 0, 3, 2, 2, 8, 1]
3031430:[4, 6, 3, 3, 1, 6, 7, 8, 4, 3]
303283:[8, 8, 3, 0, 9, 9, 1, 6, 3, 4]
3038716:[7, 1, 5, 7, 4, 0, 5, 9, 0, 3]
3048542:[1, 8, 1, 5, 2, 6, 7, 1, 5, 6]
3070151:[9, 6, 1, 3, 5, 5, 7, 2, 4, 9]
3087787:[9, 4, 6, 4, 4, 5, 6, 1, 5, 9]
3099754:[9, 7, 1, 4, 8, 6, 8, 4, 0, 7]
3119488:[1, 0, 7, 7, 2, 5, 0, 5, 6, 7]
3154944:[6, 5, 7, 7, 6, 1, 7, 4, 5, 6]
3157193:[7, 7, 9, 4, 1, 4, 4, 0, 8, 6]
3159526:[8, 4, 1, 6, 0, 6, 5, 5, 9, 5]
3242774:[7, 5, 7, 8, 4, 9, 8, 7, 0, 1]
339104:[1, 7, 7, 6, 6, 3, 1, 8, 2, 2]
34576:[4, 1, 0, 1, 3, 5, 0, 0, 3, 2]
412087:[3, 2, 7, 0, 8, 9, 7, 6, 6, 8]
424475:[2, 4, 3, 1, 7, 3, 8, 2, 3, 2]
444060:[6, 4, 5, 7, 1, 0, 8, 6, 7, 3]
461930:[9, 5, 6, 1, 9, 0, 6, 4, 0, 9]
476385:[0, 2, 5, 9, 6, 0, 7, 6, 3, 3]
509809:[8, 8, 6, 1, 7, 9, 7, 9, 5, 5]
63228:[5, 6, 2, 7, 8, 4, 1, 2, 5, 6]
634945:[4, 8, 3, 7, 9, 9, 9, 6, 5, 4]
648478:[2, 6, 2, 6, 3, 6, 3, 6, 7, 1]
662678:[1, 0, 9, 8, 9, 8, 6, 2, 0, 7]
709479:[2, 5, 0, 9, 1, 5, 9, 7, 0, 6]
721449:[4, 6, 1, 3, 1, 7, 7, 4, 1, 3]
723822:[1, 1, 8, 3, 7, 6, 6, 2, 9, 5]
746523:[5, 2, 5, 8, 5, 8, 8, 5, 0, 3]
749442:[2, 5, 2, 4, 2, 4, 1, 1, 9, 8]
785508:[8, 8, 7, 6, 5, 2, 7, 6, 4, 4]
803113:[6, 6, 3, 4, 8, 6, 3, 4, 0, 9]
826162:[7, 6, 9, 3, 1, 2, 5, 3, 7, 6]
840727:[8, 6, 4, 6, 4, 3, 4, 0, 8, 0]
881704:[0, 7, 1, 2, 1, 1, 5, 5, 3, 4]
884410:[3, 8, 0, 4, 0, 7, 0, 7, 1, 7]
887653:[4, 7, 7, 5, 6, 3, 4, 1, 9, 8]
911583:[4, 9, 0, 3, 2, 8, 8, 7, 4, 2]
925163:[0, 8, 9, 1, 3, 3, 4, 8, 4, 9]
938706:[1, 9, 0, 5, 9, 9, 9, 3, 9, 7]
985257:[4, 7, 9, 2, 5, 4, 7, 6, 9, 7]
