102414:[7, 9, 4, 1, 7, 9, 3, 2, 4, 3]
1043347:[2, 2, 2, 4, 4, 4, 9, 4, 8, 1]
1105374:[6, 1, 0, 8, 4, 9, 2, 2, 0, 2]
112799:[1, 8, 2, 7, 2, 3, 9, 1, 5, 0]
1207239:[1, 8, 2, 7, 2, 3, 9, 1, 5, 0]
1263398:[9, 0, 8, 4, 3, 9, 8, 2, 2, 7]
1279884:[1, 8, 2, 7, 2, 3, 9, 1, 5, 0]
1323536:[8, 6, 0, 5, 2, 1, 3, 8, 6, 6]
1341799:[2, 2, 4, 4, 6, 4, 5, 0, 3, 3]
1420125:[1, 8, 2, 7, 2, 3, 9, 1, 5, 0]
1485781:[1, 1, 5, 9, 9, 7, 3, 0, 0, 4]
1524044:[3, 6, 1, 8, 4, 4, 3, 9, 5, 0]
1567493:[3, 1, 5, 2, 8, 6, 8, 3, 5, 1]
1661042:[2, 4, 9, 2, 9, 8, 7, 4, 4, 6]
1677060:[3, 3, 5, 4, 1, 6, 7, 4, 0, 0]
1692158:[0, 9, 0, 9, 9, 7, 8, 3, 3, 0]
1743721:[7, 0, 4, 8, 5, 7, 5, 5, 0, 3]
1748031:[5, 9, 8, 1, 5, 9, 1, 7, 5, 6]
1790751:[2, 0, 7, 3, 3, 8, 7, 4, 1, 2]
1817345:[1, 0, 7, 1, 1, 0, 3, 8, 0, 4]
1922183:[3, 8, 5, 6, 9, 4, 9, 5, 3, 0]
2018034:[1, 8, 2, 7, 2, 3, 9, 1, 5, 0]
2030732:[3, 7, 7, 5, 2, 0, 3, 5, 3, 4]
2159441:[3, 9, 1, 6, 6, 8, 7, 4, 2, 9]
217888:[9, 0, 8, 4, 3, 9, 8, 2, 2, 7]
2212765:[1, 8, 2, 7, 2, 3, 9, 1, 5, 0]
2222321:[7, 4, 4, 6, 9, 2, 3, 8, 4, 0]
2226020:[5, 1, 0, 2, 0, 3, 7, 9, 7, 4]
2234002:[0, 5, 1, 6, 4, 3, 1, 2, 8, 5]
2242469:[7, 8, 4, 4, 4, 1, 9, 8, 5, 1]
2256315:[4, 0, 6, 5, 3, 4, 8, 4, 7, 3]
2399355:[1, 7, 0, 4, 7, 5, 5, 1, 9, 9]
2433163:[6, 0, 3, 2, 2, 3, 8, 5, 7, 3]
2444635:[1, 7, 2, 7, 0, 3, 1, 9, 1, 1]
2444864:[0, 1, 7, 8, 9, 0, 5, 8, 0, 6]
2490264:[3, 6, 1, 8, 4, 4, 3, 9, 5, 0]
2548794:[3, 6, 1, 8, 4, 4, 3, 9, 5, 0]
2587417:[3, 6, 1, 8, 4, 4, 3, 9, 5, 0]
2594745:[4, 3, 4, 4, 7, 4, 2, 5, 8, 8]
2662247:[3, 6, 1, 8, 4, 4, 3, 9, 5, 0]
2675785:[3, 6, 1, 8, 4, 4, 3, 9, 5, 0]
2680990:[8, 9, 6, 7, 0, 7, 8, 3, 3, 0]
275396:[1, 6, 6, 9, 6, 7, 4, 7, 2, 2]
2855719:[0, 1, 5, 1, 9, 3, 5, 7, 8, 8]
2909349:[6, 6, 8, 3, 1, 4, 3, 1, 8, 5]
291004:[1, 8, 2, 7, 2, 3, 9, 1, 5, 0]
2939044:[7, 6, 9, 5, 8, 3, 5, 8, 0, 4]
2959122:[3, 6, 1, 8, 4, 4, 3, 9, 5, 0]
300104:[3, 6, 1, 8, 4, 4, 3, 9, 5, 0]
3132467:[9, 0, 8, 4, 3, 9, 8, 2, 2, 7]
3140440:[9, 0, 8, 4, 3, 9, 8, 2, 2, 7]
3154173:[3, 2, 8, 2, 1, 8, 0, 7, 9, 6]
318889:[2, 6, 0, 3, 4, 7, 0, 4, 9, 6]
3202453:[1, 8, 2, 7, 2, 3, 9, 1, 5, 0]
3209228:[9, 5, 9, 5, 3, 1, 9, 5, 8, 6]
3246267:[1, 8, 2, 7, 2, 3, 9, 1, 5, 0]
430797:[6, 1, 1, 6, 4, 5, 0, 5, 5, 3]
459401:[5, 5, 6, 2, 7, 6, 4, 5, 1, 5]
547362:[1, 8, 2, 7, 2, 3, 9, 1, 5, 0]
600936:[9, 5, 9, 7, 8, 0, 8, 1, 6, 8]
661712:[1, 5, 0, 8, 8, 9, 1, 7, 0, 9]
686208:[9, 9, 3, 7, 0, 3, 7, 9, 0, 8]
701129:[9, 0, 8, 4, 3, 9, 8, 2, 2, 7]
791190:[9, 0, 8, 4, 3, 9, 8, 2, 2, 7]
802825:[6, 1, 1, 0, 5, 1, 5, 9, 2, 2]
917110:[6, 4, 1, 8, 9, 4, 1, 8, 5, 7]
