1083337:[7, 9, 1, 1, 4, 2, 5, 1, 4, 4]
1105219:[5, 3, 2, 2, 6, 3, 1, 4, 4, 7]
1124827:[0, 8, 6, 6, 3, 7, 9, 2, 5, 1]
1267674:[1, 7, 2, 1, 6, 7, 5, 3, 0, 8]
1311737:[3, 6, 5, 5, 3, 9, 8, 0, 9, 6]
1331430:[4, 1, 9, 9, 4, 1, 1, 4, 8, 8]
133204:[1, 8, 2, 5, 8, 4, 6, 8, 8, 2]
1350757:[1, 9, 4, 4, 9, 6, 0, 1, 0, 9]
1364253:[2, 7, 0, 7, 8, 2, 5, 2, 8, 8]
136871:[9, 6, 6, 2, 7, 5, 8, 2, 1, 7]
13726:[2, 1, 5, 4, 0, 7, 0, 4, 8, 8]
1374079:[1, 1, 7, 0, 4, 5, 0, 0, 8, 9]
1383248:[1, 7, 0, 2, 7, 4, 3, 6, 0, 3]
1391873:[6, 3, 9, 4, 9, 5, 9, 2, 2, 9]
1441099:[3, 9, 8, 0, 8, 8, 1, 7, 8, 4]
1468916:[2, 3, 5, 7, 7, 5, 3, 6, 3, 1]
1490336:[2, 9, 1, 2, 6, 8, 0, 4, 0, 2]
1563154:[3, 2, 7, 5, 3, 3, 8, 6, 8, 9]
1596367:[2, 9, 4, 3, 3, 6, 3, 5, 7, 7]
167545:[4, 1, 9, 9, 4, 1, 1, 4, 8, 8]
1691269:[5, 9, 6, 5, 3, 4, 7, 2, 3, 3]
1715563:[1, 4, 8, 0, 5, 0, 6, 1, 5, 6]
1741063:[3, 2, 2, 0, 5, 7, 0, 4, 5, 9]
1761337:[7, 1, 1, 9, 6, 9, 2, 1, 5, 6]
179264:[2, 6, 3, 5, 4, 0, 1, 7, 4, 4]
1865332:[0, 1, 4, 8, 4, 0, 6, 6, 6, 5]
1867311:[0, 7, 9, 6, 5, 8, 5, 8, 5, 1]
1947189:[0, 4, 5, 6, 0, 0, 6, 9, 5, 5]
2029669:[2, 4, 2, 6, 3, 7, 4, 5, 6, 7]
2080853:[4, 7, 0, 0, 5, 8, 8, 8, 9, 8]
2100599:[5, 4, 3, 9, 2, 0, 0, 9, 6, 2]
2132474:[2, 1, 1, 6, 0, 3, 6, 8, 1, 0]
214041:[3, 9, 5, 0, 8, 0, 8, 2, 1, 2]
2159693:[2, 1, 4, 9, 3, 8, 1, 3, 6, 7]
21982:[3, 4, 8, 3, 7, 0, 9, 6, 9, 2]
2218856:[4, 1, 8, 4, 9, 2, 2, 1, 3, 2]
2331857:[1, 2, 8, 5, 4, 2, 4, 7, 9, 5]
2362872:[5, 0, 5, 1, 5, 2, 5, 9, 3, 7]
2393759:[9, 8, 7, 2, 1, 9, 8, 0, 3, 2]
2420121:[6, 2, 3, 9, 8, 9, 7, 3, 5, 0]
2443102:[3, 7, 7, 9, 3, 8, 3, 5, 9, 0]
2473931:[3, 0, 3, 3, 0, 5, 6, 3, 5, 8]
2508950:[6, 6, 1, 1, 9, 3, 9, 1, 1, 7]
253803:[2, 9, 2, 9, 9, 2, 4, 2, 5, 4]
2555382:[6, 9, 6, 8, 1, 8, 5, 6, 2, 9]
262954:[7, 1, 0, 6, 4, 9, 3, 1, 2, 8]
2673260:[7, 8, 9, 9, 9, 0, 0, 0, 5, 7]
2673356:[6, 7, 4, 9, 1, 8, 0, 8, 2, 6]
2675915:[8, 5, 9, 3, 3, 7, 9, 0, 7, 5]
2681964:[5, 4, 9, 6, 0, 5, 1, 5, 9, 7]
2695799:[5, 0, 6, 4, 4, 6, 1, 7, 4, 7]
273468:[2, 6, 6, 6, 0, 0, 9, 2, 5, 4]
2751799:[9, 3, 2, 8, 1, 4, 9, 6, 1, 4]
2761907:[8, 9, 3, 6, 8, 3, 0, 0, 6, 7]
2763184:[4, 9, 7, 9, 3, 7, 5, 2, 3, 3]
2802214:[9, 5, 1, 0, 7, 5, 8, 8, 5, 5]
2808696:[7, 4, 6, 9, 5, 2, 3, 1, 4, 4]
2889030:[7, 7, 2, 4, 8, 5, 3, 6, 5, 7]
2905580:[7, 5, 6, 7, 7, 0, 6, 6, 0, 1]
2932261:[4, 1, 9, 0, 4, 2, 4, 5, 2, 0]
2985199:[6, 4, 7, 9, 6, 7, 9, 5, 9, 1]
3109366:[2, 3, 7, 6, 0, 5, 5, 1, 2, 0]
3114942:[1, 9, 5, 9, 1, 5, 4, 4, 6, 9]
3156774:[3, 0, 6, 9, 5, 4, 2, 7, 6, 7]
3160612:[1, 7, 8, 0, 8, 7, 8, 7, 9, 6]
3171610:[9, 3, 6, 7, 3, 8, 4, 7, 5, 2]
317950:[9, 1, 2, 1, 8, 3, 0, 9, 7, 1]
3235769:[5, 4, 0, 6, 8, 6, 9, 6, 2, 7]
3261759:[7, 0, 6, 7, 3, 1, 1, 4, 2, 2]
398704:[2, 8, 8, 9, 2, 5, 7, 7, 6, 8]
434665:[1, 6, 3, 3, 5, 3, 2, 7, 4, 8]
45372:[7, 6, 5, 4, 0, 2, 8, 0, 1, 6]
458197:[8, 8, 8, 5, 4, 2, 3, 4, 0, 5]
518038:[0, 3, 6, 4, 5, 5, 0, 3, 3, 2]
536859:[4, 2, 8, 4, 3, 4, 3, 2, 8, 2]
540980:[3, 9, 0, 9, 6, 9, 0, 0, 7, 9]
556501:[5, 0, 0, 0, 4, 5, 5, 3, 5, 1]
583481:[8, 6, 9, 1, 1, 8, 7, 2, 2, 9]
632096:[1, 5, 1, 9, 9, 9, 9, 0, 8, 1]
633287:[9, 0, 0, 9, 1, 6, 9, 6, 9, 6]
64615:[9, 1, 3, 1, 8, 1, 3, 6, 6, 5]
669035:[9, 1, 1, 3, 7, 4, 1, 2, 9, 3]
743868:[5, 6, 6, 6, 8, 8, 2, 6, 0, 8]
755090:[1, 6, 7, 0, 4, 3, 4, 3, 9, 8]
759823:[4, 8, 6, 1, 1, 0, 6, 0, 5, 9]
768739:[2, 0, 9, 9, 6, 6, 2, 2, 9, 6]
776043:[4, 2, 3, 9, 1, 5, 7, 3, 9, 7]
924464:[0, 5, 2, 0, 9, 6, 9, 3, 9, 4]
953715:[1, 1, 6, 1, 2, 6, 1, 1, 8, 0]
955978:[4, 5, 9, 9, 4, 1, 1, 4, 9, 6]
962351:[5, 5, 5, 0, 1, 5, 8, 9, 0, 3]
975558:[2, 7, 6, 0, 8, 0, 9, 5, 2, 5]
989534:[9, 2, 1, 6, 1, 6, 1, 3, 6, 0]
