1281520:[7, 0, 0, 1, 9, 3, 2, 6, 5, 5]
1446593:[4, 6, 9, 4, 0, 3, 7, 0, 5, 0]
1578066:[5, 4, 1, 9, 9, 6, 2, 1, 1, 6]
1724049:[5, 8, 6, 4, 9, 9, 6, 1, 0, 3]
2067151:[7, 2, 1, 1, 0, 5, 5, 6, 2, 9]
2104299:[4, 1, 7, 4, 9, 1, 1, 4, 8, 2]
2196029:[0, 2, 8, 2, 1, 5, 4, 6, 2, 6]
2242972:[2, 2, 3, 3, 5, 1, 4, 8, 9, 4]
2249175:[3, 6, 1, 2, 5, 2, 4, 7, 9, 4]
2361647:[2, 4, 0, 5, 3, 6, 4, 1, 6, 9]
2577655:[4, 1, 8, 5, 4, 1, 8, 8, 3, 9]
2699741:[0, 5, 4, 3, 3, 0, 2, 3, 1, 1]
2932431:[3, 9, 1, 4, 0, 4, 5, 8, 6, 9]
2991150:[8, 2, 5, 0, 7, 4, 6, 9, 6, 7]
686653:[3, 8, 0, 5, 3, 6, 9, 1, 6, 9]
695290:[7, 6, 3, 1, 2, 9, 2, 1, 4, 5]
