100168:[0, 3, 9, 8, 8, 7, 7, 9, 4, 9]
1006014:[6, 2, 9, 4, 4, 5, 2, 3, 6, 2]
1008524:[7, 6, 8, 2, 0, 3, 5, 4, 0, 9]
1039994:[0, 8, 5, 4, 4, 8, 6, 7, 2, 5]
1058977:[8, 6, 3, 1, 8, 7, 1, 2, 3, 9]
1076919:[1, 8, 7, 7, 6, 8, 9, 1, 4, 4]
1077389:[2, 0, 8, 9, 3, 6, 4, 3, 2, 9]
1122861:[1, 7, 3, 5, 1, 6, 2, 6, 0, 1]
1126979:[1, 1, 6, 0, 8, 9, 1, 8, 0, 9]
1141153:[4, 8, 2, 9, 4, 7, 6, 5, 6, 3]
1168796:[2, 5, 8, 7, 0, 6, 6, 5, 2, 5]
1170938:[4, 5, 6, 8, 0, 4, 1, 0, 0, 9]
1174018:[6, 0, 2, 1, 4, 0, 1, 0, 5, 4]
1181915:[9, 9, 4, 9, 0, 0, 2, 3, 5, 3]
1213573:[5, 9, 0, 8, 5, 3, 2, 8, 9, 1]
1246784:[0, 8, 6, 6, 9, 0, 6, 9, 1, 0]
1253641:[6, 3, 2, 5, 4, 3, 5, 0, 0, 4]
1258556:[9, 8, 4, 5, 0, 3, 9, 5, 2, 0]
1279878:[1, 9, 0, 8, 1, 2, 2, 2, 3, 8]
1307542:[1, 0, 6, 3, 0, 6, 3, 0, 0, 4]
1319807:[1, 5, 4, 4, 2, 7, 3, 6, 5, 7]
1321256:[8, 9, 8, 0, 8, 6, 7, 4, 4, 5]
1326999:[1, 8, 5, 4, 6, 0, 8, 5, 2, 5]
1334284:[5, 5, 5, 1, 6, 5, 2, 4, 6, 9]
1366756:[4, 3, 6, 9, 4, 3, 7, 2, 6, 1]
1367032:[0, 8, 5, 3, 1, 9, 1, 0, 0, 1]
1422986:[4, 4, 8, 3, 9, 4, 2, 9, 4, 3]
1436043:[6, 8, 5, 8, 1, 8, 8, 4, 1, 3]
146185:[7, 6, 8, 2, 5, 9, 9, 3, 6, 1]
1489699:[7, 0, 8, 1, 7, 1, 7, 3, 6, 7]
1501980:[5, 3, 2, 2, 2, 8, 2, 1, 1, 1]
1508590:[6, 1, 5, 2, 2, 0, 1, 1, 6, 8]
1514014:[8, 8, 3, 2, 1, 2, 2, 4, 9, 2]
1514906:[4, 8, 9, 4, 4, 3, 3, 3, 4, 8]
1521053:[3, 0, 8, 8, 1, 8, 7, 0, 8, 1]
1523831:[3, 4, 6, 8, 8, 4, 9, 5, 8, 5]
1552528:[7, 7, 3, 0, 5, 4, 0, 9, 9, 1]
1554739:[2, 4, 4, 4, 1, 4, 5, 1, 7, 1]
1589186:[0, 9, 5, 5, 5, 9, 4, 8, 7, 3]
1601579:[0, 5, 0, 2, 4, 9, 9, 2, 2, 4]
1604944:[3, 5, 0, 2, 0, 8, 8, 8, 6, 2]
1641362:[8, 1, 4, 0, 3, 8, 7, 0, 0, 3]
165167:[4, 9, 1, 8, 9, 6, 5, 7, 5, 4]
1691519:[2, 8, 2, 1, 6, 0, 6, 1, 2, 2]
1702643:[2, 9, 4, 0, 2, 1, 3, 4, 8, 9]
174351:[4, 9, 7, 1, 8, 4, 8, 4, 9, 0]
1746215:[3, 8, 2, 5, 2, 9, 9, 7, 1, 7]
1763049:[9, 3, 3, 1, 5, 1, 5, 4, 9, 7]
1772284:[6, 1, 4, 1, 1, 7, 9, 9, 9, 4]
1786426:[9, 8, 8, 7, 4, 7, 1, 9, 3, 6]
1797783:[3, 5, 8, 7, 6, 9, 1, 9, 7, 3]
1802292:[7, 1, 8, 0, 2, 6, 6, 5, 0, 7]
1811186:[7, 4, 0, 8, 2, 9, 3, 0, 9, 9]
1817321:[2, 0, 8, 1, 3, 9, 1, 4, 9, 2]
1833100:[9, 9, 0, 3, 4, 0, 6, 3, 8, 5]
1841087:[9, 2, 9, 0, 8, 6, 1, 5, 6, 3]
1849070:[0, 1, 7, 3, 8, 7, 2, 0, 7, 3]
1862830:[3, 3, 5, 1, 0, 8, 4, 7, 1, 4]
1885877:[2, 5, 2, 1, 7, 0, 0, 7, 9, 1]
1892271:[6, 0, 3, 7, 8, 7, 4, 9, 2, 3]
1900450:[1, 3, 4, 8, 3, 1, 1, 9, 2, 1]
1919434:[8, 7, 7, 0, 3, 0, 0, 7, 9, 5]
193345:[0, 9, 4, 2, 1, 4, 2, 8, 8, 1]
1952607:[9, 3, 8, 3, 1, 9, 1, 4, 8, 9]
1954020:[0, 6, 8, 2, 3, 6, 1, 3, 7, 8]
1973465:[1, 7, 7, 8, 2, 8, 3, 0, 6, 4]
1988674:[3, 5, 9, 2, 0, 3, 3, 2, 4, 4]
1991721:[1, 9, 5, 7, 5, 8, 8, 8, 6, 0]
2038922:[2, 6, 1, 2, 8, 4, 3, 5, 0, 6]
2058342:[7, 0, 0, 9, 5, 8, 0, 6, 9, 1]
2062755:[5, 3, 5, 3, 5, 7, 5, 2, 8, 2]
2069094:[6, 2, 8, 9, 1, 3, 3, 9, 6, 2]
2131722:[6, 8, 3, 0, 3, 6, 4, 8, 9, 7]
2132752:[2, 6, 8, 9, 5, 0, 5, 6, 2, 1]
2135465:[4, 9, 1, 5, 7, 3, 0, 1, 9, 1]
2143832:[8, 6, 5, 9, 5, 5, 3, 5, 5, 6]
2153449:[0, 9, 2, 3, 7, 4, 9, 6, 2, 3]
2163226:[9, 7, 6, 0, 1, 3, 0, 0, 4, 8]
2168902:[6, 1, 1, 1, 7, 7, 8, 7, 1, 2]
2176879:[0, 1, 5, 7, 1, 6, 5, 4, 5, 6]
2189093:[1, 0, 9, 1, 7, 3, 6, 8, 3, 8]
2208519:[4, 5, 8, 0, 4, 2, 5, 0, 5, 1]
221127:[4, 5, 5, 0, 8, 7, 0, 0, 5, 0]
2222299:[3, 4, 9, 7, 4, 6, 2, 2, 2, 7]
2230084:[4, 7, 8, 6, 6, 2, 1, 5, 8, 8]
2254123:[0, 2, 3, 6, 7, 6, 3, 5, 9, 2]
2281125:[2, 1, 5, 9, 2, 2, 5, 2, 3, 0]
228617:[9, 8, 2, 2, 2, 8, 8, 7, 3, 5]
2295073:[0, 6, 6, 3, 7, 6, 2, 5, 5, 8]
2311143:[7, 5, 8, 6, 1, 6, 0, 5, 5, 5]
2315259:[8, 3, 8, 2, 4, 2, 8, 5, 2, 4]
2336539:[0, 2, 9, 8, 1, 8, 8, 7, 7, 9]
2348008:[2, 4, 8, 1, 4, 8, 7, 4, 6, 6]
235309:[2, 7, 1, 8, 9, 2, 7, 1, 6, 9]
2358290:[7, 6, 4, 8, 2, 8, 9, 8, 0, 1]
2367676:[2, 5, 8, 0, 7, 1, 0, 1, 3, 8]
2390866:[6, 8, 3, 7, 5, 4, 5, 0, 1, 5]
2404184:[4, 0, 8, 8, 9, 5, 1, 1, 7, 5]
2426328:[9, 4, 5, 4, 4, 6, 5, 2, 7, 1]
2435733:[3, 3, 8, 6, 9, 4, 4, 5, 8, 4]
2435927:[8, 2, 3, 3, 7, 6, 7, 4, 9, 2]
2439189:[5, 7, 6, 0, 3, 7, 7, 1, 6, 8]
2445025:[4, 9, 5, 5, 4, 9, 4, 6, 2, 3]
2453829:[5, 1, 5, 9, 7, 3, 7, 2, 3, 6]
2478892:[7, 2, 8, 3, 3, 5, 4, 2, 7, 6]
2482403:[1, 8, 2, 2, 4, 9, 7, 8, 5, 1]
2498441:[2, 8, 1, 2, 5, 6, 2, 8, 0, 9]
2510013:[8, 2, 0, 9, 0, 5, 0, 2, 9, 5]
2519487:[1, 6, 3, 1, 4, 1, 2, 5, 8, 3]
2525818:[5, 3, 3, 8, 7, 2, 1, 4, 7, 4]
2534232:[5, 4, 0, 3, 1, 5, 9, 8, 8, 4]
2543123:[7, 2, 6, 4, 3, 3, 3, 2, 4, 9]
2546416:[4, 6, 9, 1, 0, 8, 4, 5, 7, 3]
256018:[3, 3, 8, 2, 8, 2, 5, 7, 0, 2]
2566012:[8, 0, 0, 1, 4, 0, 6, 9, 7, 6]
2592441:[9, 9, 4, 7, 6, 8, 1, 2, 2, 1]
2625775:[6, 6, 4, 0, 8, 4, 4, 6, 1, 1]
2627013:[7, 8, 2, 1, 2, 9, 2, 4, 4, 5]
2627457:[6, 0, 1, 6, 8, 8, 3, 9, 5, 8]
2646422:[2, 1, 3, 0, 8, 6, 0, 7, 8, 4]
2646428:[0, 8, 3, 6, 8, 2, 3, 4, 8, 2]
2655257:[6, 9, 7, 9, 1, 1, 7, 3, 6, 5]
2656224:[2, 3, 2, 4, 4, 5, 3, 7, 4, 1]
2674218:[6, 9, 4, 1, 0, 1, 4, 2, 1, 8]
268743:[8, 0, 7, 0, 6, 6, 5, 0, 0, 2]
2688445:[3, 0, 2, 9, 2, 6, 6, 9, 6, 9]
2713232:[7, 6, 5, 6, 2, 4, 8, 0, 3, 1]
2713431:[7, 4, 2, 1, 9, 7, 2, 3, 3, 5]
2742743:[6, 1, 4, 3, 0, 8, 4, 5, 3, 7]
2759815:[7, 9, 7, 5, 0, 8, 1, 9, 8, 9]
2764861:[0, 7, 4, 3, 6, 3, 7, 7, 4, 5]
2780602:[2, 6, 9, 2, 3, 7, 6, 1, 9, 4]
2781252:[4, 3, 0, 9, 4, 8, 4, 5, 0, 2]
2825070:[4, 0, 8, 1, 2, 7, 3, 6, 5, 4]
2836602:[5, 3, 2, 7, 6, 3, 8, 0, 8, 1]
2857483:[3, 1, 3, 8, 8, 7, 8, 8, 8, 4]
2869399:[3, 3, 8, 4, 2, 8, 9, 1, 6, 9]
2877199:[2, 9, 8, 0, 1, 3, 2, 2, 6, 7]
2894781:[4, 5, 6, 4, 2, 8, 9, 3, 4, 1]
2905391:[2, 7, 6, 1, 6, 9, 3, 8, 9, 4]
2909979:[5, 5, 1, 1, 0, 0, 0, 3, 9, 1]
2914102:[5, 4, 2, 8, 6, 3, 9, 4, 0, 1]
2925457:[4, 0, 9, 7, 2, 6, 3, 4, 2, 7]
2944611:[7, 4, 4, 7, 8, 5, 6, 8, 0, 2]
2944633:[8, 1, 0, 0, 9, 3, 9, 8, 2, 7]
2970922:[6, 6, 4, 0, 8, 4, 4, 6, 1, 1]
2997443:[9, 4, 3, 4, 3, 4, 3, 8, 5, 6]
3008794:[4, 1, 0, 2, 0, 6, 0, 7, 5, 5]
3017773:[4, 5, 5, 3, 9, 5, 5, 9, 4, 3]
3056660:[7, 0, 5, 7, 4, 4, 3, 4, 6, 1]
3058713:[8, 2, 2, 3, 8, 2, 4, 4, 4, 0]
3066027:[4, 6, 4, 1, 6, 7, 6, 7, 9, 6]
3086853:[3, 3, 4, 9, 0, 4, 0, 0, 5, 2]
3100104:[4, 5, 2, 0, 9, 9, 5, 2, 6, 5]
3105644:[5, 1, 2, 4, 5, 3, 7, 4, 1, 4]
3114095:[9, 7, 3, 7, 2, 1, 9, 7, 4, 3]
3121803:[1, 2, 3, 9, 8, 2, 0, 5, 6, 5]
3134460:[6, 5, 0, 0, 8, 0, 1, 9, 8, 2]
3135367:[5, 8, 8, 8, 6, 7, 0, 0, 5, 5]
3144267:[4, 8, 8, 8, 2, 5, 6, 9, 8, 9]
3148549:[5, 7, 7, 7, 0, 5, 9, 3, 2, 4]
3163422:[8, 3, 7, 1, 4, 0, 1, 6, 8, 5]
3169459:[8, 5, 2, 3, 5, 3, 6, 9, 3, 7]
3181183:[9, 9, 8, 1, 1, 0, 1, 4, 4, 4]
3206262:[9, 2, 1, 0, 3, 7, 7, 7, 5, 5]
3206713:[7, 2, 1, 1, 1, 9, 1, 3, 0, 2]
320859:[1, 3, 1, 5, 5, 7, 1, 4, 1, 0]
3209764:[3, 6, 2, 9, 2, 4, 9, 2, 4, 3]
3210944:[2, 1, 1, 1, 5, 2, 5, 0, 0, 9]
3216123:[7, 4, 6, 0, 9, 5, 3, 3, 1, 3]
3217052:[9, 7, 0, 8, 8, 5, 1, 2, 5, 5]
3241908:[8, 9, 9, 3, 7, 5, 5, 7, 0, 9]
3259912:[0, 6, 5, 0, 6, 2, 1, 2, 5, 5]
3267740:[7, 3, 6, 4, 8, 1, 5, 7, 1, 9]
345943:[8, 6, 5, 2, 5, 0, 3, 0, 6, 0]
347403:[7, 4, 3, 2, 4, 0, 6, 8, 2, 3]
356619:[9, 5, 0, 3, 4, 8, 8, 5, 4, 1]
358229:[2, 9, 3, 5, 7, 4, 2, 1, 9, 1]
386772:[7, 2, 3, 7, 5, 4, 0, 5, 4, 9]
393212:[7, 8, 1, 6, 0, 9, 8, 1, 0, 9]
404070:[2, 2, 3, 7, 1, 4, 5, 7, 5, 6]
415892:[7, 1, 5, 1, 3, 0, 0, 9, 2, 0]
423426:[4, 0, 5, 4, 5, 9, 5, 6, 2, 7]
453376:[2, 8, 6, 8, 8, 5, 5, 0, 6, 2]
468588:[8, 6, 6, 5, 2, 5, 9, 5, 2, 8]
480611:[9, 1, 8, 1, 0, 5, 3, 4, 4, 0]
487013:[3, 3, 6, 0, 7, 1, 5, 0, 6, 9]
488260:[9, 9, 6, 6, 6, 6, 3, 4, 0, 2]
491944:[8, 9, 7, 9, 8, 7, 7, 0, 3, 5]
492822:[1, 7, 9, 1, 6, 4, 3, 4, 0, 8]
494227:[4, 9, 4, 1, 0, 7, 1, 6, 8, 3]
495031:[1, 1, 5, 8, 5, 1, 3, 6, 0, 9]
505442:[8, 0, 5, 1, 2, 0, 7, 3, 1, 9]
522084:[5, 1, 1, 5, 0, 5, 7, 2, 4, 3]
529334:[2, 8, 5, 8, 5, 6, 7, 9, 3, 1]
538891:[9, 9, 4, 1, 5, 8, 0, 7, 0, 1]
550260:[7, 3, 8, 1, 5, 3, 7, 7, 4, 5]
550274:[8, 2, 4, 8, 4, 1, 8, 4, 1, 4]
550812:[8, 8, 0, 1, 4, 3, 2, 5, 1, 4]
552164:[0, 3, 4, 2, 3, 7, 8, 0, 4, 4]
556099:[9, 8, 8, 7, 1, 6, 1, 5, 2, 8]
559277:[6, 8, 5, 8, 1, 8, 8, 4, 1, 3]
560318:[5, 6, 4, 0, 2, 4, 7, 2, 1, 9]
56069:[0, 6, 0, 1, 6, 8, 0, 4, 1, 9]
569635:[6, 0, 4, 4, 9, 1, 8, 8, 0, 7]
570500:[3, 6, 7, 9, 5, 6, 7, 1, 0, 5]
612448:[7, 6, 6, 1, 3, 0, 6, 4, 2, 2]
61252:[8, 9, 3, 7, 1, 3, 4, 5, 9, 7]
648312:[2, 0, 7, 7, 1, 1, 5, 8, 3, 9]
653730:[1, 2, 3, 1, 7, 9, 2, 7, 5, 3]
664670:[2, 3, 0, 9, 2, 2, 0, 1, 4, 8]
665165:[5, 7, 2, 2, 0, 4, 4, 8, 0, 3]
691033:[1, 8, 3, 6, 8, 6, 7, 6, 7, 9]
695141:[7, 9, 2, 8, 3, 5, 5, 4, 1, 7]
701818:[3, 9, 1, 4, 7, 6, 0, 4, 1, 6]
709304:[3, 7, 6, 0, 7, 9, 0, 5, 4, 2]
719178:[1, 7, 2, 2, 3, 0, 3, 5, 0, 3]
736882:[9, 9, 1, 2, 2, 3, 1, 4, 6, 8]
761507:[5, 2, 5, 3, 1, 0, 0, 8, 9, 1]
764435:[2, 3, 8, 7, 2, 0, 9, 3, 7, 8]
790821:[3, 0, 7, 3, 9, 9, 7, 7, 2, 7]
812769:[6, 6, 6, 8, 7, 0, 3, 0, 3, 3]
854153:[0, 4, 8, 9, 4, 1, 4, 8, 6, 5]
860686:[9, 8, 7, 0, 7, 3, 0, 4, 5, 0]
880253:[4, 4, 1, 0, 1, 3, 3, 9, 4, 8]
89182:[1, 3, 1, 0, 6, 6, 2, 4, 7, 8]
92439:[8, 6, 1, 5, 2, 2, 4, 3, 4, 7]
973059:[0, 4, 4, 1, 0, 2, 4, 6, 2, 8]
977037:[5, 5, 8, 0, 0, 3, 3, 7, 3, 1]
984466:[9, 4, 4, 0, 5, 2, 1, 3, 1, 3]
