1025271:[7, 2, 8, 6, 0, 0, 4, 1, 9, 8]
1140528:[6, 5, 2, 0, 6, 7, 1, 5, 9, 9]
1152280:[7, 8, 4, 0, 0, 8, 7, 9, 9, 5]
1182984:[5, 2, 8, 0, 0, 1, 2, 8, 2, 9]
120281:[6, 5, 7, 0, 9, 7, 6, 7, 7, 9]
124510:[1, 9, 4, 4, 2, 9, 9, 6, 2, 8]
1339978:[4, 8, 6, 3, 9, 6, 8, 4, 4, 4]
138073:[6, 0, 7, 4, 8, 6, 7, 6, 2, 7]
1415164:[4, 0, 6, 4, 9, 6, 3, 9, 6, 3]
1464735:[6, 7, 9, 4, 2, 7, 9, 8, 1, 7]
1497557:[7, 3, 4, 6, 3, 6, 6, 0, 9, 7]
1523035:[2, 3, 4, 5, 3, 5, 9, 5, 0, 5]
1590031:[7, 1, 4, 6, 8, 3, 6, 0, 7, 7]
1611461:[5, 1, 4, 4, 7, 3, 2, 2, 2, 3]
1633620:[3, 7, 1, 3, 1, 4, 8, 2, 5, 2]
1668166:[4, 4, 5, 3, 8, 4, 5, 8, 8, 8]
1732624:[1, 7, 9, 8, 1, 4, 6, 7, 9, 3]
1733653:[9, 5, 5, 2, 9, 2, 5, 9, 4, 9]
1763336:[0, 5, 4, 5, 5, 5, 3, 0, 6, 6]
1818571:[6, 3, 4, 8, 5, 7, 5, 0, 8, 0]
1976986:[3, 5, 5, 0, 5, 7, 5, 5, 9, 3]
2013714:[6, 5, 2, 7, 7, 4, 8, 7, 4, 5]
2036385:[4, 0, 6, 6, 5, 4, 1, 3, 8, 2]
2074317:[6, 1, 8, 3, 4, 4, 4, 3, 6, 2]
2079910:[0, 6, 3, 4, 5, 1, 3, 3, 2, 6]
2120012:[7, 7, 6, 4, 1, 0, 8, 2, 6, 9]
214516:[5, 8, 8, 6, 0, 3, 5, 8, 7, 4]
2145975:[5, 4, 3, 9, 1, 1, 8, 5, 1, 2]
216911:[9, 5, 8, 2, 6, 2, 3, 1, 9, 9]
2247968:[5, 2, 5, 0, 4, 0, 3, 6, 8, 7]
2274276:[7, 1, 4, 8, 7, 3, 2, 2, 9, 3]
2298423:[1, 3, 1, 5, 2, 9, 0, 2, 5, 9]
2367842:[3, 1, 7, 7, 3, 0, 0, 8, 8, 6]
2438280:[8, 7, 4, 5, 2, 6, 2, 7, 9, 8]
2458645:[0, 9, 7, 4, 6, 1, 5, 4, 4, 6]
2485741:[5, 8, 8, 3, 9, 5, 0, 2, 1, 3]
2487333:[0, 8, 7, 9, 3, 8, 1, 0, 3, 3]
250923:[0, 8, 9, 4, 9, 9, 4, 2, 8, 1]
2577521:[0, 4, 1, 1, 3, 7, 3, 3, 0, 2]
2691944:[6, 0, 7, 5, 9, 6, 8, 3, 2, 8]
2778022:[6, 7, 3, 8, 4, 2, 1, 8, 6, 5]
2790325:[4, 8, 3, 4, 2, 1, 6, 4, 4, 3]
2799885:[1, 5, 7, 7, 1, 0, 6, 7, 4, 9]
2873076:[6, 5, 5, 9, 1, 6, 6, 4, 3, 8]
2905047:[6, 7, 6, 9, 9, 9, 0, 0, 0, 9]
2926072:[4, 4, 8, 4, 1, 1, 6, 9, 5, 5]
29564:[9, 9, 9, 9, 6, 0, 6, 9, 8, 5]
2960249:[0, 8, 6, 3, 6, 3, 8, 9, 0, 5]
298460:[3, 3, 1, 7, 3, 2, 6, 7, 6, 8]
2986907:[2, 2, 7, 4, 0, 1, 4, 0, 1, 0]
3000865:[3, 8, 1, 0, 5, 4, 4, 7, 3, 8]
3058369:[5, 5, 3, 4, 5, 8, 5, 2, 9, 9]
3071971:[0, 9, 4, 8, 9, 3, 3, 2, 7, 6]
3074175:[3, 1, 0, 3, 8, 4, 5, 5, 9, 6]
3077236:[3, 8, 9, 8, 8, 0, 6, 8, 1, 3]
3097759:[5, 8, 8, 6, 9, 5, 3, 3, 9, 3]
3154866:[2, 9, 3, 2, 7, 4, 0, 2, 2, 3]
3162713:[8, 3, 7, 7, 1, 3, 4, 9, 2, 3]
3184515:[5, 1, 3, 3, 8, 2, 7, 4, 1, 7]
3217349:[5, 5, 9, 8, 9, 4, 8, 7, 0, 7]
324727:[7, 2, 2, 0, 7, 6, 5, 1, 9, 1]
32502:[3, 6, 3, 6, 3, 7, 1, 0, 8, 3]
3253983:[4, 0, 1, 8, 7, 2, 2, 4, 0, 1]
3255285:[3, 4, 1, 1, 0, 1, 5, 0, 5, 4]
339782:[5, 3, 3, 6, 9, 9, 5, 3, 0, 9]
371252:[6, 6, 9, 1, 6, 5, 1, 9, 5, 7]
399331:[0, 8, 9, 3, 8, 3, 7, 8, 4, 1]
478162:[8, 5, 4, 5, 6, 8, 0, 4, 8, 2]
487249:[7, 5, 6, 5, 0, 1, 0, 3, 8, 5]
521214:[7, 3, 2, 6, 2, 2, 1, 5, 1, 8]
52722:[2, 4, 3, 1, 9, 6, 3, 3, 0, 6]
558493:[8, 9, 6, 9, 4, 4, 9, 2, 7, 0]
628394:[5, 5, 3, 6, 9, 1, 9, 7, 5, 4]
637640:[8, 6, 3, 5, 4, 4, 9, 0, 5, 3]
666430:[3, 6, 4, 0, 3, 7, 3, 2, 0, 6]
683484:[3, 9, 2, 8, 7, 3, 1, 3, 6, 3]
704724:[1, 1, 5, 8, 1, 9, 0, 3, 6, 8]
706857:[4, 0, 5, 9, 2, 0, 0, 5, 3, 6]
738626:[7, 6, 7, 8, 8, 6, 5, 9, 4, 3]
749481:[6, 2, 4, 1, 3, 7, 2, 0, 4, 6]
803819:[5, 2, 2, 4, 7, 6, 6, 5, 0, 8]
830876:[2, 0, 1, 6, 9, 3, 4, 6, 1, 5]
84425:[8, 7, 5, 8, 9, 4, 5, 5, 3, 6]
864374:[1, 6, 2, 8, 4, 9, 2, 0, 8, 8]
898325:[6, 5, 8, 2, 4, 4, 2, 3, 1, 2]
