1057159:[5, 9, 6, 8, 1, 5, 9, 4, 5, 2]
1536496:[3, 0, 8, 1, 1, 0, 0, 7, 0, 9]
1542458:[3, 4, 3, 6, 0, 4, 2, 9, 0, 4]
1575963:[3, 4, 3, 8, 5, 1, 4, 3, 7, 2]
1699444:[5, 8, 9, 1, 4, 2, 7, 7, 4, 9]
1816299:[7, 6, 3, 5, 9, 6, 2, 1, 2, 1]
2050135:[8, 9, 8, 0, 3, 1, 3, 0, 4, 7]
2232167:[8, 2, 2, 7, 7, 8, 3, 2, 1, 2]
238490:[3, 0, 8, 1, 1, 0, 0, 7, 0, 9]
2622323:[0, 5, 6, 7, 2, 0, 3, 5, 9, 1]
2753524:[9, 5, 6, 2, 6, 7, 1, 0, 1, 8]
277481:[3, 0, 7, 5, 6, 2, 6, 2, 0, 5]
285527:[6, 1, 4, 2, 2, 3, 5, 7, 5, 0]
3015379:[1, 7, 1, 4, 7, 3, 1, 4, 9, 7]
338554:[7, 5, 5, 1, 2, 2, 4, 6, 1, 3]
341884:[1, 3, 1, 0, 0, 0, 2, 9, 7, 8]
82768:[6, 5, 1, 0, 9, 7, 2, 5, 7, 8]
961510:[5, 6, 2, 2, 7, 9, 6, 9, 4, 9]
