1023994:[5, 9, 2, 2, 8, 1, 7, 3, 1, 7]
1049673:[7, 1, 1, 1, 5, 1, 0, 4, 6, 5]
1094184:[7, 0, 0, 8, 0, 5, 5, 2, 0, 9]
1109789:[4, 0, 7, 0, 7, 8, 2, 6, 2, 0]
1110845:[0, 5, 1, 7, 7, 3, 2, 6, 1, 9]
1126354:[4, 7, 6, 5, 8, 1, 4, 5, 7, 3]
113185:[0, 9, 7, 1, 2, 7, 9, 8, 4, 2]
11635:[3, 1, 3, 4, 9, 6, 9, 7, 5, 6]
1195893:[0, 6, 9, 0, 2, 4, 5, 9, 2, 0]
122963:[3, 7, 7, 0, 4, 5, 5, 7, 4, 8]
1240487:[0, 9, 1, 5, 8, 5, 5, 8, 6, 0]
1246409:[5, 0, 7, 6, 0, 4, 2, 2, 0, 5]
127488:[4, 4, 7, 9, 5, 2, 4, 3, 3, 5]
1303286:[4, 6, 1, 5, 5, 8, 6, 3, 6, 8]
1375943:[4, 9, 6, 6, 3, 3, 4, 0, 5, 4]
139829:[8, 0, 5, 9, 5, 0, 0, 9, 7, 3]
1399156:[8, 4, 7, 4, 5, 3, 0, 0, 3, 2]
1399322:[0, 5, 1, 3, 5, 3, 6, 1, 7, 3]
1404549:[0, 7, 8, 8, 6, 5, 1, 1, 9, 9]
1415675:[0, 2, 8, 3, 5, 7, 8, 9, 8, 7]
1536479:[6, 0, 9, 1, 6, 3, 1, 5, 1, 0]
1539092:[1, 5, 6, 8, 5, 5, 6, 3, 5, 3]
1568397:[2, 8, 4, 8, 3, 7, 9, 2, 1, 1]
1590079:[5, 8, 6, 9, 4, 8, 9, 1, 9, 2]
1594811:[4, 2, 0, 1, 0, 8, 9, 4, 1, 8]
1609364:[0, 4, 5, 1, 2, 3, 9, 2, 9, 3]
1646724:[4, 5, 1, 1, 6, 8, 3, 9, 6, 0]
1654006:[8, 2, 1, 7, 6, 9, 5, 1, 2, 3]
1678051:[6, 7, 6, 5, 3, 4, 4, 8, 6, 9]
1683932:[3, 6, 5, 3, 1, 2, 7, 8, 2, 5]
1737611:[3, 0, 1, 3, 1, 2, 2, 5, 9, 0]
1740551:[9, 0, 5, 6, 0, 1, 7, 1, 2, 8]
1759496:[6, 4, 9, 3, 1, 4, 2, 9, 8, 0]
1767681:[5, 3, 9, 1, 9, 9, 1, 3, 4, 7]
1769830:[3, 6, 3, 9, 8, 1, 3, 9, 1, 2]
1791970:[6, 2, 6, 9, 5, 1, 9, 7, 3, 6]
1800893:[8, 8, 4, 6, 2, 7, 5, 0, 1, 8]
181133:[0, 3, 6, 5, 8, 0, 6, 1, 0, 5]
1817610:[5, 8, 6, 2, 5, 0, 1, 3, 4, 9]
183952:[4, 8, 3, 3, 1, 8, 3, 4, 4, 0]
1843327:[6, 9, 6, 3, 9, 3, 6, 0, 9, 1]
18818:[5, 1, 2, 2, 6, 3, 0, 0, 5, 7]
1895935:[3, 8, 0, 5, 3, 5, 9, 8, 3, 0]
1908135:[2, 4, 5, 9, 7, 1, 8, 9, 1, 7]
1922460:[2, 0, 5, 3, 2, 9, 7, 1, 3, 4]
1958302:[2, 8, 0, 1, 7, 4, 0, 4, 5, 5]
1974105:[4, 7, 0, 6, 9, 8, 0, 4, 7, 5]
1982896:[4, 6, 1, 5, 5, 8, 6, 3, 4, 5]
1989074:[6, 3, 4, 1, 9, 4, 2, 4, 0, 7]
2048809:[2, 8, 4, 3, 4, 0, 1, 7, 7, 2]
2056376:[8, 9, 3, 6, 5, 1, 7, 3, 7, 8]
2082849:[8, 6, 0, 6, 0, 8, 7, 5, 6, 2]
2095364:[3, 6, 0, 6, 2, 7, 3, 6, 9, 9]
211872:[9, 6, 6, 3, 4, 0, 5, 6, 2, 1]
2142206:[4, 7, 4, 6, 7, 5, 2, 0, 4, 7]
2160560:[5, 6, 3, 8, 3, 6, 2, 4, 7, 5]
2175561:[5, 7, 0, 7, 0, 6, 0, 2, 8, 6]
2211061:[1, 4, 8, 8, 0, 9, 4, 6, 6, 8]
2235658:[8, 0, 5, 9, 0, 7, 2, 2, 8, 5]
2242437:[6, 1, 5, 4, 3, 2, 9, 3, 1, 5]
2265318:[4, 1, 1, 0, 5, 1, 1, 9, 9, 7]
2290768:[4, 9, 3, 1, 9, 2, 6, 8, 8, 7]
2352554:[1, 5, 0, 4, 8, 4, 1, 3, 5, 7]
2353745:[8, 3, 6, 3, 8, 2, 2, 8, 7, 0]
2361920:[5, 1, 3, 1, 8, 3, 2, 1, 2, 3]
2374058:[0, 8, 6, 8, 8, 9, 3, 6, 3, 4]
2400358:[3, 8, 5, 6, 8, 8, 6, 8, 2, 2]
2410009:[8, 1, 5, 9, 1, 9, 8, 2, 2, 2]
2424017:[3, 6, 4, 7, 2, 4, 0, 0, 3, 1]
243028:[2, 2, 8, 4, 3, 2, 6, 2, 6, 6]
2446084:[5, 1, 4, 6, 0, 9, 1, 6, 7, 3]
2498518:[5, 4, 6, 9, 3, 4, 7, 8, 2, 8]
2500942:[3, 8, 7, 5, 0, 3, 8, 0, 6, 8]
2509067:[0, 7, 1, 2, 7, 3, 5, 4, 2, 5]
2510396:[7, 3, 6, 8, 7, 4, 3, 2, 2, 3]
2522613:[2, 4, 7, 9, 1, 4, 9, 1, 3, 8]
2548126:[0, 6, 4, 1, 9, 9, 9, 6, 8, 9]
2577222:[6, 7, 5, 0, 9, 9, 6, 0, 9, 1]
2590251:[2, 2, 2, 7, 1, 0, 1, 3, 6, 6]
2590583:[7, 8, 6, 4, 9, 1, 3, 1, 7, 5]
2637054:[4, 7, 6, 0, 8, 4, 7, 9, 3, 7]
2728986:[5, 0, 7, 4, 3, 4, 4, 0, 9, 2]
2729648:[1, 6, 2, 1, 1, 7, 0, 8, 7, 2]
2757412:[5, 4, 9, 8, 9, 4, 7, 1, 3, 2]
2763335:[7, 5, 1, 4, 6, 9, 4, 6, 8, 0]
2768066:[0, 8, 4, 2, 6, 4, 3, 6, 0, 0]
2786872:[2, 8, 5, 7, 6, 9, 2, 5, 7, 2]
2811040:[2, 8, 0, 7, 7, 7, 2, 2, 6, 2]
2867476:[2, 4, 9, 9, 5, 9, 1, 6, 2, 5]
2881909:[3, 1, 2, 2, 3, 6, 6, 8, 3, 1]
2893621:[6, 0, 6, 6, 7, 2, 4, 8, 0, 9]
2923249:[1, 0, 4, 7, 1, 7, 4, 2, 1, 1]
2940357:[0, 3, 2, 5, 7, 4, 2, 7, 6, 6]
2965034:[0, 8, 6, 5, 2, 3, 8, 4, 9, 9]
2981683:[1, 6, 3, 9, 2, 5, 4, 2, 2, 0]
2998198:[6, 4, 5, 0, 4, 3, 5, 5, 7, 3]
3029009:[8, 3, 1, 3, 0, 3, 8, 2, 8, 0]
3092596:[1, 3, 2, 4, 3, 8, 5, 7, 4, 9]
309702:[9, 6, 3, 2, 6, 3, 7, 6, 7, 4]
3124605:[4, 8, 3, 7, 1, 8, 4, 1, 8, 1]
3176221:[1, 7, 5, 3, 5, 3, 2, 2, 6, 8]
3234738:[0, 4, 5, 1, 1, 9, 3, 4, 8, 3]
337200:[2, 5, 9, 5, 1, 6, 4, 4, 9, 5]
365637:[6, 9, 1, 8, 6, 1, 0, 2, 7, 6]
381936:[3, 1, 5, 1, 2, 5, 1, 4, 1, 8]
392722:[4, 4, 7, 0, 7, 1, 1, 3, 9, 6]
422005:[1, 3, 4, 0, 7, 7, 6, 0, 7, 7]
439329:[6, 3, 6, 1, 8, 4, 5, 3, 1, 7]
500046:[5, 2, 3, 0, 8, 1, 6, 0, 6, 4]
500895:[0, 3, 4, 6, 4, 6, 1, 7, 1, 8]
567850:[7, 7, 1, 6, 5, 4, 3, 0, 1, 7]
56809:[7, 6, 3, 2, 3, 0, 2, 2, 2, 7]
631084:[1, 9, 9, 0, 0, 3, 3, 9, 7, 8]
659609:[9, 5, 0, 2, 9, 3, 4, 8, 2, 1]
669877:[7, 2, 3, 5, 1, 9, 8, 0, 6, 3]
676912:[5, 7, 2, 5, 4, 3, 0, 7, 3, 9]
702357:[4, 6, 1, 4, 6, 7, 4, 2, 7, 0]
760323:[3, 5, 3, 6, 1, 4, 6, 8, 3, 5]
774386:[7, 5, 3, 7, 5, 7, 8, 0, 4, 6]
788161:[4, 0, 3, 8, 8, 9, 0, 7, 5, 7]
860171:[6, 9, 1, 4, 7, 5, 5, 3, 1, 1]
871761:[2, 3, 4, 8, 9, 7, 1, 5, 3, 7]
896310:[9, 9, 9, 1, 2, 4, 2, 1, 7, 3]
927153:[4, 6, 0, 3, 5, 8, 6, 1, 3, 5]
944947:[8, 8, 6, 5, 9, 6, 2, 3, 2, 2]
982655:[5, 0, 6, 4, 8, 7, 0, 0, 3, 6]
