1003990:[6, 7, 1, 8, 2, 7, 2, 7, 5, 2]
1008477:[4, 7, 1, 3, 4, 6, 7, 5, 4, 9]
1017950:[5, 9, 3, 4, 5, 0, 6, 6, 6, 7]
1018556:[1, 1, 6, 5, 5, 1, 8, 1, 9, 8]
1048600:[2, 0, 8, 8, 3, 7, 3, 6, 0, 3]
1063890:[1, 1, 8, 2, 7, 8, 8, 6, 1, 5]
106563:[7, 6, 5, 0, 2, 2, 7, 9, 1, 2]
1069728:[6, 2, 4, 4, 5, 1, 1, 0, 9, 1]
1070266:[0, 9, 8, 6, 7, 9, 4, 4, 2, 8]
1075534:[0, 7, 2, 1, 8, 0, 8, 2, 0, 9]
1079667:[1, 3, 5, 7, 5, 3, 1, 1, 8, 6]
1080677:[4, 0, 1, 8, 5, 9, 8, 7, 4, 4]
1082889:[1, 5, 0, 5, 8, 2, 3, 6, 2, 4]
1086070:[5, 9, 0, 3, 6, 6, 9, 0, 6, 4]
1098108:[6, 5, 3, 4, 4, 0, 7, 2, 3, 7]
1102323:[1, 7, 2, 1, 5, 6, 4, 6, 5, 4]
1102428:[8, 5, 8, 7, 3, 8, 2, 4, 8, 1]
1107751:[8, 5, 9, 4, 2, 6, 6, 1, 0, 5]
1114327:[5, 8, 4, 7, 0, 6, 8, 9, 0, 3]
111620:[4, 7, 8, 8, 4, 8, 3, 6, 0, 2]
1116727:[0, 0, 6, 6, 5, 1, 8, 7, 4, 6]
1121315:[7, 6, 4, 2, 0, 3, 4, 3, 2, 0]
1144917:[3, 5, 2, 9, 8, 2, 7, 4, 3, 3]
1154339:[9, 5, 2, 9, 0, 2, 2, 9, 9, 1]
1163589:[7, 0, 9, 6, 8, 9, 1, 5, 7, 9]
1175215:[6, 6, 8, 0, 8, 2, 7, 0, 0, 4]
117688:[0, 0, 7, 9, 2, 6, 9, 8, 6, 9]
1194725:[5, 6, 9, 2, 3, 2, 8, 3, 7, 5]
1206247:[1, 7, 5, 3, 9, 2, 4, 3, 8, 9]
1206692:[9, 9, 9, 6, 1, 7, 5, 3, 7, 0]
1208539:[9, 2, 4, 9, 5, 6, 2, 5, 1, 3]
1212717:[8, 4, 1, 4, 6, 8, 2, 8, 8, 8]
121421:[7, 8, 5, 8, 4, 6, 5, 2, 2, 1]
1214643:[5, 0, 6, 5, 3, 3, 9, 4, 5, 3]
121698:[2, 4, 1, 2, 0, 8, 5, 0, 4, 3]
1224119:[1, 3, 9, 4, 0, 9, 7, 6, 2, 3]
1227465:[8, 0, 2, 4, 5, 5, 2, 0, 7, 8]
1250062:[9, 1, 1, 1, 0, 8, 1, 4, 4, 5]
125104:[4, 3, 8, 9, 4, 0, 6, 3, 8, 1]
1259508:[0, 5, 4, 8, 6, 4, 1, 5, 3, 4]
1261568:[3, 3, 2, 2, 9, 7, 5, 9, 0, 5]
1265805:[6, 7, 6, 7, 9, 4, 2, 4, 5, 2]
126990:[9, 0, 0, 2, 4, 0, 9, 1, 5, 9]
1279662:[4, 4, 1, 5, 1, 8, 3, 0, 4, 7]
1286135:[5, 8, 6, 8, 8, 4, 3, 7, 1, 8]
1288130:[0, 9, 2, 0, 4, 8, 8, 8, 3, 7]
1290983:[9, 4, 4, 7, 6, 9, 8, 3, 9, 3]
1291151:[6, 0, 7, 4, 9, 2, 9, 6, 9, 3]
129613:[7, 8, 8, 0, 5, 7, 4, 7, 9, 9]
1296919:[9, 1, 8, 2, 5, 1, 0, 6, 5, 5]
1302545:[2, 7, 3, 6, 3, 5, 7, 3, 8, 9]
1314211:[9, 7, 8, 4, 2, 8, 7, 8, 1, 1]
1314553:[6, 4, 2, 6, 7, 1, 2, 5, 2, 5]
1326815:[4, 2, 7, 9, 7, 8, 1, 3, 3, 0]
1331310:[8, 0, 0, 1, 1, 4, 8, 1, 8, 7]
1333738:[4, 4, 3, 8, 6, 0, 3, 9, 6, 5]
1342140:[7, 7, 5, 5, 4, 4, 4, 4, 1, 7]
1359378:[3, 1, 2, 1, 5, 3, 9, 0, 0, 7]
1364630:[1, 6, 1, 2, 2, 3, 6, 2, 7, 4]
1371037:[6, 8, 8, 9, 1, 9, 1, 2, 0, 1]
1371325:[6, 9, 8, 3, 5, 0, 5, 6, 6, 0]
137466:[2, 7, 2, 9, 0, 4, 2, 1, 5, 8]
1378811:[3, 6, 0, 6, 6, 5, 0, 3, 7, 7]
1379211:[0, 8, 5, 4, 2, 6, 9, 6, 5, 8]
1381622:[8, 4, 2, 0, 0, 1, 0, 4, 9, 9]
1391121:[6, 5, 9, 5, 2, 0, 8, 2, 5, 3]
1399062:[8, 9, 2, 1, 9, 6, 1, 1, 8, 9]
1404130:[8, 7, 2, 2, 8, 3, 0, 6, 2, 7]
1407751:[0, 3, 2, 0, 2, 4, 2, 5, 0, 4]
1426407:[1, 7, 8, 5, 3, 1, 1, 9, 2, 2]
1428963:[0, 5, 4, 7, 7, 1, 5, 1, 3, 1]
1430925:[0, 4, 5, 4, 6, 0, 3, 5, 4, 1]
1432075:[4, 1, 4, 6, 1, 8, 6, 1, 7, 1]
1451624:[2, 1, 6, 8, 7, 5, 7, 6, 4, 7]
1453291:[6, 0, 0, 2, 8, 5, 2, 7, 9, 6]
1453497:[0, 7, 3, 4, 7, 6, 5, 0, 2, 0]
1455268:[2, 0, 0, 5, 8, 7, 8, 6, 4, 0]
1455639:[6, 2, 0, 9, 4, 9, 4, 4, 9, 3]
1455698:[0, 2, 6, 3, 3, 9, 6, 2, 2, 6]
1456588:[0, 4, 6, 9, 5, 5, 6, 1, 7, 9]
1466500:[5, 1, 1, 5, 5, 0, 3, 7, 6, 9]
1467029:[6, 3, 8, 4, 3, 6, 6, 6, 7, 5]
14676:[6, 0, 7, 2, 8, 3, 9, 0, 3, 9]
1468156:[6, 9, 2, 7, 4, 0, 3, 2, 2, 4]
1472675:[6, 6, 3, 2, 1, 6, 7, 5, 4, 8]
1473675:[8, 5, 8, 4, 3, 9, 4, 2, 7, 5]
1476072:[2, 0, 2, 8, 5, 1, 4, 8, 7, 7]
1477600:[3, 9, 2, 5, 0, 2, 2, 6, 7, 0]
1477879:[2, 6, 3, 6, 4, 2, 1, 8, 3, 7]
1480747:[8, 3, 4, 9, 5, 2, 7, 8, 3, 1]
1489156:[0, 2, 3, 9, 4, 8, 7, 8, 3, 5]
1494655:[8, 5, 6, 7, 5, 2, 2, 0, 5, 0]
1511968:[8, 2, 2, 4, 5, 0, 2, 4, 9, 7]
1526396:[8, 8, 7, 2, 7, 5, 3, 3, 9, 3]
1538107:[0, 7, 6, 0, 8, 4, 3, 6, 4, 1]
1540181:[3, 8, 3, 9, 4, 4, 6, 9, 1, 8]
1541833:[4, 6, 7, 0, 6, 2, 3, 0, 8, 4]
1547327:[4, 4, 4, 5, 4, 8, 0, 2, 6, 2]
1552185:[5, 5, 7, 2, 5, 3, 8, 2, 1, 2]
1554762:[0, 3, 0, 0, 9, 6, 1, 3, 1, 4]
1557817:[7, 0, 9, 3, 9, 3, 9, 1, 1, 7]
1564:[3, 7, 8, 3, 2, 4, 7, 6, 3, 1]
1569484:[5, 3, 2, 7, 8, 9, 3, 0, 7, 8]
1577686:[6, 6, 6, 9, 7, 2, 5, 0, 1, 2]
1580286:[2, 3, 1, 0, 8, 5, 2, 7, 4, 8]
1585850:[5, 3, 1, 1, 9, 5, 7, 9, 9, 0]
1585943:[6, 1, 2, 9, 7, 2, 8, 6, 3, 1]
1588957:[7, 6, 1, 9, 4, 2, 4, 8, 3, 1]
1597703:[3, 9, 8, 4, 9, 6, 0, 5, 9, 4]
1611442:[8, 3, 5, 2, 7, 3, 9, 2, 8, 2]
1611900:[5, 8, 6, 6, 6, 3, 4, 7, 9, 8]
1617927:[0, 9, 9, 6, 5, 3, 4, 0, 8, 8]
1617986:[4, 8, 3, 1, 8, 0, 0, 2, 4, 7]
1618814:[7, 7, 4, 2, 9, 3, 5, 4, 3, 5]
1621329:[7, 9, 5, 7, 2, 6, 1, 7, 6, 2]
162518:[4, 9, 0, 2, 7, 0, 1, 6, 3, 6]
1627765:[5, 5, 2, 7, 8, 4, 4, 4, 0, 1]
1631428:[1, 7, 5, 1, 2, 3, 5, 4, 6, 2]
16472:[5, 7, 5, 3, 8, 8, 9, 2, 7, 8]
1651249:[5, 0, 3, 4, 6, 3, 2, 5, 5, 2]
1651460:[4, 0, 5, 4, 7, 3, 8, 7, 9, 8]
1654134:[1, 7, 7, 4, 5, 8, 3, 2, 8, 1]
1663883:[6, 0, 5, 7, 4, 9, 4, 8, 6, 7]
1677979:[1, 7, 6, 8, 3, 9, 9, 5, 2, 4]
1678875:[9, 5, 5, 5, 1, 9, 7, 0, 9, 0]
1678994:[0, 2, 8, 5, 2, 0, 0, 0, 7, 1]
1682287:[7, 9, 9, 9, 2, 3, 3, 3, 8, 4]
1684981:[0, 9, 2, 7, 9, 3, 7, 3, 1, 3]
1688158:[1, 3, 8, 1, 5, 0, 7, 1, 2, 7]
1689585:[9, 7, 0, 1, 7, 9, 8, 0, 7, 5]
1689626:[5, 1, 8, 9, 9, 3, 6, 0, 7, 0]
1690575:[7, 1, 6, 3, 5, 9, 0, 6, 8, 0]
1690922:[2, 3, 3, 9, 5, 9, 8, 0, 8, 2]
1691878:[5, 8, 3, 4, 9, 5, 2, 6, 9, 1]
1693993:[8, 2, 3, 8, 3, 8, 1, 7, 6, 4]
1694780:[7, 0, 1, 2, 8, 6, 6, 0, 8, 2]
1697290:[2, 4, 2, 4, 5, 0, 5, 8, 3, 4]
1706980:[5, 8, 5, 0, 8, 8, 0, 4, 3, 6]
1708191:[1, 0, 8, 1, 1, 0, 2, 7, 9, 4]
1709017:[2, 0, 2, 0, 6, 3, 7, 2, 1, 7]
1711826:[8, 8, 5, 7, 1, 9, 7, 1, 7, 5]
172650:[9, 6, 3, 8, 8, 9, 4, 8, 4, 7]
1738900:[7, 8, 7, 4, 1, 1, 1, 6, 9, 5]
1740213:[3, 9, 2, 9, 7, 8, 7, 6, 3, 6]
174179:[7, 8, 4, 4, 7, 1, 8, 3, 7, 4]
1746984:[8, 4, 9, 2, 4, 2, 4, 7, 2, 2]
175075:[7, 0, 3, 3, 7, 0, 5, 5, 4, 1]
1772055:[7, 9, 5, 8, 3, 2, 9, 1, 8, 9]
1783302:[1, 2, 3, 2, 7, 7, 2, 1, 7, 8]
178353:[8, 7, 1, 9, 0, 6, 7, 6, 5, 6]
1785902:[2, 3, 7, 6, 0, 0, 9, 5, 0, 5]
1788547:[0, 4, 2, 9, 3, 5, 5, 7, 5, 9]
1797179:[2, 5, 5, 4, 6, 4, 6, 2, 0, 0]
179960:[0, 1, 3, 0, 1, 0, 0, 9, 0, 7]
1809573:[0, 9, 7, 9, 2, 9, 9, 2, 4, 4]
1810158:[7, 9, 7, 7, 5, 0, 6, 0, 9, 5]
1810177:[9, 8, 5, 3, 9, 5, 6, 1, 7, 0]
1811920:[1, 4, 8, 3, 6, 9, 7, 0, 9, 8]
1816030:[7, 2, 4, 0, 5, 5, 0, 1, 0, 7]
18224:[2, 6, 2, 1, 0, 0, 1, 1, 1, 5]
1830365:[8, 3, 4, 2, 7, 5, 4, 7, 6, 3]
1831113:[8, 9, 5, 1, 2, 3, 8, 2, 3, 0]
1837397:[0, 3, 3, 3, 0, 4, 5, 6, 6, 1]
1841201:[5, 2, 3, 2, 3, 1, 9, 1, 9, 5]
1855674:[0, 0, 9, 1, 8, 5, 6, 8, 5, 0]
1860996:[8, 1, 2, 5, 9, 4, 4, 2, 9, 2]
1864342:[0, 3, 5, 3, 7, 3, 3, 7, 0, 1]
1864548:[0, 9, 7, 2, 3, 0, 8, 7, 5, 3]
188197:[1, 9, 1, 7, 2, 2, 9, 8, 4, 6]
1893268:[3, 5, 0, 1, 1, 6, 2, 8, 4, 1]
1924858:[0, 7, 0, 5, 7, 5, 4, 6, 5, 7]
1928118:[2, 5, 2, 8, 1, 9, 3, 5, 5, 9]
1930235:[3, 8, 4, 4, 6, 2, 5, 0, 5, 0]
1935584:[2, 5, 2, 8, 1, 9, 3, 5, 5, 9]
1941721:[8, 4, 7, 5, 2, 6, 4, 0, 5, 7]
1947337:[3, 1, 9, 1, 9, 6, 8, 8, 4, 2]
1950027:[7, 6, 6, 1, 0, 0, 9, 9, 8, 1]
1950979:[6, 0, 9, 5, 1, 0, 2, 6, 5, 7]
1951412:[5, 2, 5, 3, 5, 6, 9, 1, 2, 0]
195318:[0, 7, 4, 7, 7, 0, 8, 2, 1, 5]
1962039:[5, 9, 9, 7, 1, 2, 5, 8, 3, 0]
1962147:[7, 0, 9, 7, 6, 1, 8, 7, 0, 3]
1965189:[2, 6, 9, 6, 0, 8, 9, 1, 8, 5]
1966352:[4, 9, 7, 2, 4, 1, 9, 3, 3, 8]
1966813:[4, 8, 1, 3, 8, 4, 5, 5, 1, 9]
1979296:[1, 5, 6, 5, 2, 7, 2, 7, 5, 0]
1985542:[3, 8, 0, 6, 6, 3, 9, 1, 9, 8]
1988727:[1, 5, 8, 9, 6, 8, 0, 6, 2, 0]
1993940:[0, 0, 1, 2, 3, 1, 8, 1, 0, 5]
1994264:[4, 3, 0, 6, 6, 1, 9, 8, 6, 8]
1994601:[5, 3, 7, 9, 8, 2, 9, 0, 5, 0]
2004871:[6, 8, 6, 9, 0, 3, 0, 3, 3, 6]
2005636:[3, 3, 8, 5, 1, 5, 4, 6, 2, 4]
2010250:[0, 9, 6, 9, 2, 2, 8, 2, 9, 4]
2013430:[9, 0, 2, 5, 4, 7, 4, 8, 2, 9]
2029787:[8, 0, 7, 2, 9, 2, 4, 5, 4, 7]
2030878:[8, 0, 2, 2, 5, 6, 7, 5, 2, 0]
2030939:[5, 4, 9, 8, 2, 4, 6, 7, 5, 4]
2037233:[5, 4, 6, 3, 6, 7, 4, 6, 7, 2]
2038850:[9, 6, 9, 6, 0, 5, 9, 6, 4, 4]
2049083:[7, 3, 2, 0, 1, 1, 2, 9, 6, 3]
2053853:[6, 1, 2, 2, 7, 3, 5, 0, 7, 6]
2057860:[2, 8, 9, 7, 5, 5, 7, 2, 3, 8]
2063981:[0, 6, 9, 3, 6, 3, 1, 5, 9, 5]
206937:[5, 6, 9, 6, 8, 9, 9, 9, 8, 9]
2069457:[1, 3, 1, 7, 8, 3, 2, 2, 7, 2]
2074704:[1, 8, 6, 0, 4, 6, 3, 0, 4, 7]
2088192:[9, 2, 8, 6, 8, 0, 2, 1, 6, 0]
2090685:[7, 0, 5, 3, 6, 7, 8, 2, 2, 0]
2092578:[8, 2, 9, 1, 8, 2, 5, 8, 4, 7]
2093405:[1, 0, 0, 0, 4, 8, 4, 1, 4, 3]
2093721:[9, 4, 3, 3, 2, 9, 4, 4, 5, 8]
2097101:[9, 7, 1, 7, 7, 6, 9, 1, 8, 1]
2100041:[5, 0, 6, 7, 9, 5, 7, 8, 9, 0]
2107594:[2, 4, 7, 5, 5, 0, 2, 6, 0, 1]
2120298:[5, 2, 6, 2, 3, 4, 4, 6, 3, 1]
2124952:[7, 3, 9, 6, 9, 2, 4, 6, 3, 7]
2128510:[9, 1, 7, 9, 7, 3, 7, 8, 4, 6]
2129838:[8, 8, 2, 1, 7, 5, 9, 2, 9, 8]
2137088:[5, 0, 6, 0, 8, 1, 4, 3, 0, 2]
2140887:[1, 5, 4, 7, 1, 9, 5, 0, 6, 7]
2141325:[1, 2, 3, 9, 3, 4, 0, 2, 2, 0]
2155671:[7, 6, 7, 8, 1, 7, 7, 6, 4, 5]
2166623:[5, 9, 4, 3, 1, 8, 2, 2, 9, 1]
2171705:[2, 5, 4, 1, 4, 7, 7, 1, 0, 1]
2184044:[4, 3, 3, 2, 1, 6, 1, 6, 4, 9]
2184315:[6, 4, 0, 6, 3, 2, 5, 2, 1, 1]
2191050:[0, 5, 3, 3, 4, 0, 8, 3, 6, 8]
2193280:[3, 5, 0, 2, 7, 2, 5, 2, 0, 3]
2199641:[5, 8, 3, 1, 4, 8, 3, 5, 0, 3]
2205275:[6, 3, 7, 5, 8, 2, 7, 5, 6, 9]
2207712:[8, 8, 4, 2, 0, 1, 5, 7, 3, 1]
2219924:[3, 3, 5, 8, 2, 6, 4, 8, 3, 6]
2224408:[9, 9, 9, 0, 0, 1, 2, 3, 4, 0]
2224711:[5, 7, 4, 1, 7, 5, 7, 1, 7, 2]
2226746:[7, 8, 3, 4, 9, 1, 9, 4, 6, 8]
2231334:[4, 3, 2, 4, 2, 4, 7, 9, 0, 2]
2233401:[9, 9, 6, 8, 5, 5, 6, 1, 3, 8]
2236335:[1, 5, 5, 3, 4, 5, 1, 3, 7, 2]
2241316:[5, 5, 3, 6, 1, 7, 3, 1, 8, 4]
2252849:[3, 8, 2, 0, 9, 9, 6, 2, 6, 9]
2254936:[8, 8, 5, 4, 6, 3, 8, 2, 7, 6]
2263042:[0, 4, 1, 9, 4, 6, 6, 1, 9, 4]
2265839:[8, 5, 1, 4, 6, 5, 1, 6, 6, 8]
2268939:[8, 9, 5, 4, 7, 4, 8, 0, 4, 3]
2268969:[4, 1, 1, 2, 5, 1, 8, 1, 1, 7]
2271328:[5, 5, 8, 3, 3, 3, 0, 6, 3, 9]
2271712:[6, 1, 1, 5, 9, 9, 3, 6, 4, 5]
2272942:[2, 1, 1, 6, 6, 8, 6, 3, 6, 1]
2278854:[1, 0, 6, 0, 9, 3, 3, 7, 3, 7]
228056:[3, 9, 4, 6, 7, 9, 5, 7, 7, 8]
2284251:[5, 1, 4, 9, 3, 8, 3, 2, 6, 6]
2301321:[1, 8, 2, 9, 3, 3, 2, 0, 6, 5]
2311016:[0, 0, 8, 1, 6, 6, 5, 8, 3, 1]
2314519:[3, 8, 2, 0, 4, 8, 3, 1, 9, 3]
232626:[3, 6, 9, 7, 6, 9, 7, 8, 3, 8]
2338920:[4, 3, 0, 9, 9, 7, 5, 4, 7, 2]
2352072:[9, 8, 9, 4, 7, 9, 0, 4, 5, 2]
2354052:[8, 8, 1, 9, 0, 5, 8, 8, 0, 0]
2355608:[7, 0, 0, 7, 7, 9, 6, 3, 6, 2]
2357903:[8, 0, 9, 5, 2, 2, 3, 8, 8, 7]
2367929:[0, 0, 5, 8, 7, 1, 3, 0, 6, 1]
2375693:[5, 3, 2, 7, 9, 5, 1, 5, 8, 5]
2378863:[5, 5, 3, 6, 6, 0, 2, 4, 9, 9]
2384388:[1, 0, 2, 4, 8, 9, 4, 6, 5, 5]
2384832:[6, 7, 4, 4, 5, 9, 4, 4, 2, 2]
2394910:[7, 2, 5, 4, 7, 8, 7, 0, 6, 2]
2397286:[8, 2, 2, 9, 7, 8, 4, 8, 3, 8]
2411684:[5, 8, 5, 7, 8, 7, 5, 6, 5, 0]
2412600:[8, 4, 1, 7, 5, 6, 0, 8, 6, 5]
2420397:[9, 3, 5, 8, 8, 5, 1, 4, 7, 5]
2438026:[4, 8, 7, 2, 5, 4, 1, 0, 9, 5]
2445746:[1, 7, 0, 3, 4, 0, 0, 9, 0, 9]
2452223:[7, 5, 9, 3, 4, 7, 7, 8, 8, 6]
2456517:[7, 2, 5, 2, 7, 6, 2, 2, 0, 9]
2463228:[6, 2, 1, 3, 4, 8, 1, 7, 8, 5]
2464058:[9, 1, 6, 3, 8, 1, 9, 0, 4, 2]
2468862:[2, 0, 1, 3, 0, 8, 2, 7, 2, 6]
2474322:[7, 2, 4, 9, 9, 9, 8, 1, 4, 2]
2478475:[9, 2, 3, 3, 8, 7, 6, 7, 2, 8]
2484739:[9, 8, 0, 6, 5, 2, 9, 4, 9, 3]
248632:[0, 6, 6, 8, 3, 9, 5, 7, 2, 7]
2488769:[1, 9, 7, 2, 9, 2, 3, 7, 6, 4]
2494262:[3, 9, 4, 9, 8, 2, 9, 5, 6, 6]
2495975:[9, 4, 7, 6, 7, 2, 3, 3, 6, 9]
250524:[4, 1, 8, 3, 3, 2, 5, 6, 3, 4]
2511817:[0, 6, 6, 7, 4, 3, 4, 2, 8, 0]
2513707:[8, 8, 5, 1, 9, 3, 3, 0, 2, 8]
2519236:[0, 2, 9, 9, 8, 9, 7, 5, 4, 0]
2525852:[9, 4, 8, 4, 2, 1, 1, 1, 5, 0]
2530793:[6, 5, 0, 2, 5, 7, 4, 5, 6, 0]
2535146:[4, 4, 6, 1, 4, 7, 4, 4, 7, 1]
2536478:[3, 0, 1, 2, 1, 5, 9, 1, 2, 9]
2542123:[0, 4, 0, 2, 4, 5, 2, 6, 5, 1]
2542482:[6, 2, 9, 4, 9, 6, 5, 5, 6, 1]
2544425:[9, 4, 3, 7, 7, 7, 2, 7, 8, 5]
2547167:[0, 0, 1, 9, 8, 8, 4, 6, 5, 4]
2551815:[9, 3, 9, 9, 2, 6, 9, 6, 7, 7]
2552662:[1, 7, 5, 5, 2, 2, 5, 5, 1, 6]
2555718:[2, 2, 2, 7, 8, 3, 0, 6, 7, 9]
2558465:[8, 5, 4, 7, 0, 3, 0, 2, 4, 3]
2559734:[5, 3, 2, 9, 2, 2, 2, 7, 4, 8]
2566408:[7, 8, 2, 4, 9, 2, 2, 2, 8, 0]
2569393:[3, 4, 4, 2, 1, 2, 6, 5, 8, 5]
2576711:[3, 1, 4, 1, 9, 4, 4, 2, 5, 2]
2579233:[5, 9, 4, 3, 8, 3, 1, 1, 8, 7]
2591984:[5, 2, 2, 0, 1, 9, 7, 5, 8, 5]
2592683:[0, 0, 5, 7, 1, 4, 9, 4, 0, 0]
259298:[0, 6, 1, 1, 1, 2, 3, 6, 7, 5]
2597839:[9, 3, 9, 9, 2, 6, 9, 6, 7, 7]
2600634:[7, 0, 5, 9, 4, 9, 9, 1, 5, 5]
2606880:[0, 3, 3, 0, 5, 6, 2, 5, 7, 9]
2607587:[9, 0, 9, 9, 8, 3, 9, 6, 6, 8]
2609953:[6, 6, 2, 1, 0, 2, 5, 6, 8, 7]
2616811:[7, 2, 2, 2, 0, 3, 7, 9, 1, 5]
2617402:[9, 7, 8, 7, 3, 8, 9, 4, 0, 2]
2617855:[6, 9, 3, 7, 1, 4, 2, 4, 4, 7]
2618269:[6, 0, 4, 1, 8, 5, 8, 3, 4, 5]
2620144:[8, 2, 1, 6, 9, 5, 0, 6, 4, 2]
2620903:[6, 2, 7, 8, 5, 2, 7, 3, 7, 5]
2629080:[9, 0, 7, 1, 0, 8, 9, 9, 7, 2]
2633491:[1, 9, 3, 5, 9, 8, 1, 2, 0, 2]
2635852:[8, 9, 0, 6, 6, 8, 3, 5, 7, 1]
2647080:[4, 2, 2, 0, 5, 5, 5, 0, 1, 8]
2648814:[1, 9, 3, 8, 1, 0, 7, 4, 9, 4]
265046:[1, 6, 8, 1, 7, 8, 5, 0, 7, 6]
2651080:[5, 8, 3, 8, 7, 5, 4, 7, 6, 1]
2651896:[4, 2, 9, 2, 5, 1, 9, 9, 4, 3]
2658658:[3, 0, 4, 5, 2, 8, 5, 2, 9, 3]
2663205:[0, 2, 2, 7, 1, 4, 5, 1, 8, 7]
2664511:[6, 2, 8, 7, 6, 1, 6, 9, 7, 9]
2670104:[5, 9, 5, 7, 7, 0, 2, 5, 8, 7]
2677339:[4, 2, 1, 7, 8, 6, 9, 0, 8, 2]
2692014:[9, 3, 5, 3, 0, 3, 5, 4, 8, 0]
2701101:[7, 3, 8, 0, 6, 0, 5, 0, 1, 0]
2707092:[1, 4, 2, 7, 4, 0, 0, 6, 6, 4]
2716826:[9, 6, 0, 6, 0, 2, 2, 3, 5, 2]
2722083:[8, 6, 7, 0, 5, 6, 9, 0, 5, 6]
2723554:[7, 4, 1, 1, 2, 8, 9, 8, 5, 9]
2728446:[6, 4, 1, 8, 8, 1, 7, 4, 8, 0]
2734007:[1, 7, 1, 9, 2, 8, 0, 7, 7, 0]
2735638:[5, 3, 8, 5, 4, 6, 6, 5, 8, 1]
2743165:[8, 0, 8, 0, 6, 2, 9, 8, 6, 4]
2757256:[5, 8, 2, 0, 6, 3, 8, 0, 1, 6]
2760164:[3, 2, 9, 4, 4, 3, 4, 9, 2, 3]
2760402:[4, 4, 5, 8, 1, 9, 4, 7, 4, 8]
2762879:[0, 0, 4, 1, 6, 2, 7, 6, 2, 1]
2785446:[2, 3, 3, 8, 1, 7, 7, 2, 0, 7]
2785551:[5, 6, 6, 2, 1, 2, 0, 2, 3, 0]
2787277:[1, 0, 3, 8, 6, 8, 6, 5, 3, 6]
2797452:[0, 9, 4, 4, 4, 0, 3, 4, 4, 3]
2804423:[6, 0, 5, 0, 8, 9, 3, 0, 2, 5]
2807626:[6, 6, 2, 1, 0, 2, 5, 6, 8, 7]
2816489:[2, 1, 8, 8, 0, 8, 2, 6, 6, 7]
2825210:[8, 9, 8, 1, 0, 6, 2, 0, 6, 3]
2832538:[8, 8, 4, 8, 1, 9, 0, 9, 8, 6]
2843980:[4, 0, 8, 2, 0, 3, 1, 1, 7, 0]
2844391:[1, 6, 9, 9, 1, 8, 8, 2, 2, 9]
2855963:[6, 3, 1, 9, 3, 7, 2, 5, 0, 2]
2859465:[2, 9, 8, 6, 2, 9, 7, 3, 3, 5]
286293:[1, 0, 7, 5, 1, 5, 5, 9, 0, 0]
2866855:[5, 3, 7, 9, 6, 3, 9, 7, 8, 2]
2870449:[4, 9, 9, 6, 1, 4, 4, 0, 4, 6]
2889277:[0, 9, 1, 6, 8, 9, 6, 1, 5, 8]
2895202:[2, 9, 5, 3, 3, 0, 9, 2, 3, 3]
2896596:[7, 9, 4, 7, 1, 2, 9, 9, 8, 2]
2921446:[3, 6, 3, 3, 9, 7, 7, 2, 2, 5]
2930498:[8, 6, 9, 0, 7, 0, 1, 0, 9, 6]
2938699:[4, 5, 5, 6, 6, 2, 4, 3, 8, 2]
2942600:[6, 5, 0, 2, 4, 6, 9, 3, 6, 5]
2943609:[6, 2, 4, 6, 7, 8, 3, 2, 6, 1]
2946495:[9, 9, 1, 6, 3, 1, 1, 8, 6, 2]
2947492:[2, 8, 8, 7, 0, 8, 0, 0, 5, 1]
2948161:[5, 7, 1, 7, 5, 4, 5, 2, 7, 2]
2951518:[3, 6, 8, 4, 3, 0, 0, 1, 4, 6]
2952356:[4, 8, 6, 2, 1, 9, 4, 0, 6, 2]
2952561:[6, 9, 1, 8, 4, 8, 0, 6, 4, 1]
2954191:[8, 4, 2, 5, 7, 9, 2, 3, 3, 8]
2965117:[4, 3, 0, 2, 0, 7, 2, 2, 3, 3]
2968328:[1, 9, 1, 2, 8, 1, 2, 3, 8, 0]
2968515:[1, 5, 8, 1, 6, 0, 9, 6, 4, 4]
2972193:[0, 3, 3, 8, 0, 3, 7, 8, 6, 1]
2981979:[8, 7, 0, 4, 8, 1, 2, 4, 4, 0]
2986280:[9, 7, 4, 5, 5, 9, 3, 3, 1, 2]
2990953:[9, 8, 7, 1, 8, 7, 8, 0, 9, 5]
2993166:[8, 8, 3, 5, 9, 4, 0, 2, 8, 5]
2997299:[1, 9, 0, 8, 4, 6, 2, 1, 9, 9]
3004065:[4, 9, 4, 2, 7, 8, 1, 6, 6, 2]
3006592:[3, 9, 1, 3, 7, 3, 3, 6, 0, 8]
3008339:[1, 6, 4, 5, 4, 5, 7, 2, 1, 3]
3016126:[1, 7, 4, 2, 6, 8, 1, 0, 3, 8]
3018453:[0, 7, 1, 9, 6, 3, 8, 0, 3, 4]
3028482:[6, 3, 9, 0, 7, 1, 0, 1, 4, 5]
3033679:[6, 0, 9, 5, 8, 6, 7, 7, 1, 8]
303746:[8, 7, 9, 9, 9, 7, 2, 8, 6, 5]
303829:[0, 7, 4, 1, 2, 6, 7, 0, 2, 7]
3049896:[9, 0, 0, 6, 5, 8, 4, 1, 7, 1]
3050345:[1, 9, 0, 0, 8, 4, 1, 3, 1, 4]
3062541:[5, 9, 0, 7, 1, 6, 9, 3, 8, 0]
3066052:[3, 4, 9, 2, 9, 4, 3, 5, 2, 9]
3066054:[9, 3, 8, 8, 5, 3, 1, 1, 7, 0]
3066731:[4, 8, 9, 7, 4, 9, 2, 3, 3, 2]
3070604:[5, 2, 7, 8, 0, 6, 3, 0, 3, 9]
3080580:[8, 9, 9, 0, 3, 4, 8, 1, 9, 2]
3082194:[3, 4, 1, 1, 4, 3, 9, 5, 1, 3]
308446:[6, 0, 8, 8, 6, 0, 2, 6, 4, 1]
3084668:[3, 5, 1, 7, 8, 9, 1, 6, 3, 2]
3086802:[8, 4, 9, 6, 7, 5, 6, 1, 8, 0]
3101022:[2, 6, 4, 8, 0, 1, 4, 4, 0, 8]
3105979:[4, 7, 8, 5, 5, 8, 2, 2, 5, 0]
3106556:[9, 9, 0, 4, 2, 7, 7, 8, 5, 1]
3113561:[7, 1, 5, 2, 2, 9, 5, 1, 4, 5]
3117328:[0, 1, 3, 6, 6, 9, 7, 6, 3, 0]
3120413:[9, 4, 3, 9, 6, 9, 8, 6, 2, 7]
3123404:[3, 4, 4, 8, 7, 6, 5, 1, 1, 5]
3126333:[5, 9, 3, 9, 8, 5, 9, 7, 9, 5]
3129848:[6, 4, 8, 3, 5, 1, 1, 9, 4, 0]
3132588:[5, 1, 2, 8, 9, 5, 3, 4, 1, 9]
3140865:[1, 0, 0, 9, 4, 5, 9, 9, 6, 4]
3148884:[7, 3, 9, 1, 8, 8, 7, 2, 4, 6]
3154289:[7, 5, 9, 7, 9, 9, 8, 2, 0, 7]
3158072:[7, 9, 6, 0, 6, 3, 0, 7, 7, 4]
3159833:[5, 3, 4, 3, 2, 7, 5, 0, 7, 4]
3160944:[0, 0, 0, 3, 3, 1, 3, 6, 3, 0]
3163641:[1, 5, 1, 0, 2, 8, 9, 9, 0, 9]
3165399:[2, 8, 3, 0, 7, 6, 5, 1, 8, 3]
3168460:[2, 7, 4, 5, 5, 2, 2, 7, 8, 6]
317211:[8, 8, 4, 0, 8, 5, 5, 3, 3, 5]
3175029:[8, 7, 5, 9, 7, 7, 2, 8, 8, 1]
3179808:[1, 9, 9, 7, 2, 3, 3, 7, 6, 6]
3180048:[6, 8, 1, 1, 2, 2, 2, 4, 6, 9]
3181149:[5, 6, 6, 6, 8, 0, 3, 0, 9, 7]
3181197:[1, 8, 7, 8, 0, 8, 9, 5, 5, 8]
3187571:[0, 3, 5, 4, 2, 7, 9, 6, 3, 8]
3191733:[9, 6, 2, 7, 3, 2, 6, 2, 5, 5]
3200924:[0, 5, 7, 3, 3, 2, 0, 7, 8, 8]
3209207:[9, 4, 7, 8, 8, 4, 2, 7, 5, 7]
3209532:[7, 3, 1, 4, 1, 1, 7, 3, 3, 7]
3216113:[0, 7, 9, 8, 1, 4, 0, 6, 3, 9]
322493:[1, 2, 3, 3, 9, 4, 0, 8, 9, 0]
3229040:[7, 5, 0, 9, 9, 7, 8, 0, 6, 0]
3231944:[4, 4, 2, 2, 5, 4, 3, 2, 0, 7]
3239423:[4, 3, 1, 0, 4, 6, 8, 1, 9, 8]
3251637:[6, 5, 9, 2, 7, 0, 5, 5, 6, 3]
3253129:[8, 3, 5, 1, 5, 0, 2, 6, 4, 4]
3258404:[9, 6, 8, 5, 4, 6, 0, 9, 3, 3]
3262518:[7, 0, 9, 0, 9, 6, 0, 3, 6, 5]
3263904:[0, 3, 9, 1, 2, 2, 5, 5, 9, 0]
3265126:[8, 4, 7, 1, 2, 0, 6, 5, 9, 0]
3269450:[9, 5, 2, 1, 3, 0, 2, 4, 2, 9]
330536:[1, 9, 6, 8, 3, 4, 3, 3, 5, 8]
331695:[0, 3, 4, 7, 3, 0, 3, 7, 6, 7]
337089:[7, 6, 1, 6, 5, 1, 1, 2, 3, 0]
338371:[4, 6, 8, 2, 8, 0, 1, 4, 0, 6]
350271:[1, 6, 8, 2, 6, 1, 5, 4, 5, 0]
353091:[0, 4, 7, 0, 4, 7, 1, 8, 0, 6]
354828:[0, 2, 6, 0, 2, 0, 5, 1, 9, 1]
35573:[4, 7, 4, 8, 1, 9, 0, 2, 8, 7]
360614:[9, 3, 2, 6, 0, 9, 9, 6, 2, 6]
360963:[7, 7, 7, 8, 1, 5, 5, 1, 9, 4]
361609:[6, 6, 4, 9, 2, 0, 9, 2, 7, 4]
371051:[7, 6, 9, 7, 5, 3, 9, 1, 5, 4]
374371:[0, 8, 1, 2, 8, 8, 4, 1, 8, 5]
379853:[4, 5, 1, 7, 0, 7, 2, 6, 6, 3]
384710:[6, 5, 7, 5, 2, 0, 5, 6, 3, 0]
385986:[1, 0, 0, 1, 7, 3, 9, 9, 4, 6]
387517:[0, 1, 4, 8, 6, 6, 3, 9, 6, 7]
388762:[1, 5, 3, 3, 6, 4, 3, 2, 0, 3]
398249:[0, 4, 8, 3, 7, 7, 9, 3, 2, 0]
399511:[0, 3, 8, 3, 3, 5, 1, 4, 9, 5]
41209:[2, 2, 3, 6, 3, 0, 9, 6, 9, 4]
424242:[9, 3, 8, 6, 7, 5, 5, 4, 0, 0]
426885:[4, 9, 7, 4, 9, 1, 5, 6, 5, 6]
426978:[9, 9, 9, 9, 2, 0, 5, 0, 9, 5]
427727:[9, 1, 8, 0, 4, 8, 2, 7, 4, 3]
439588:[5, 7, 3, 1, 4, 1, 0, 3, 5, 5]
444265:[4, 9, 8, 1, 0, 2, 7, 6, 7, 9]
453479:[3, 7, 2, 6, 2, 0, 9, 8, 8, 0]
458117:[1, 7, 9, 4, 5, 0, 6, 2, 0, 0]
46115:[6, 1, 3, 2, 1, 4, 0, 1, 7, 8]
465505:[7, 0, 7, 1, 1, 2, 9, 4, 0, 6]
469500:[4, 6, 1, 2, 3, 1, 2, 1, 6, 2]
476305:[8, 6, 0, 6, 0, 0, 8, 0, 4, 7]
479341:[8, 5, 8, 1, 9, 0, 7, 2, 3, 7]
481577:[5, 8, 3, 3, 4, 8, 7, 9, 2, 2]
481745:[8, 0, 6, 2, 7, 7, 8, 3, 1, 2]
483574:[0, 9, 4, 8, 8, 7, 3, 7, 2, 0]
490370:[2, 2, 7, 9, 4, 1, 9, 1, 1, 1]
491380:[2, 1, 7, 3, 8, 9, 5, 9, 3, 0]
493840:[5, 3, 4, 8, 6, 3, 4, 9, 2, 1]
508355:[9, 1, 7, 3, 3, 4, 5, 7, 2, 5]
508702:[7, 7, 3, 8, 0, 3, 5, 6, 1, 9]
509753:[9, 3, 2, 2, 0, 1, 6, 5, 0, 1]
50990:[0, 4, 7, 0, 1, 1, 5, 0, 7, 7]
513312:[8, 9, 0, 0, 4, 3, 1, 3, 4, 1]
513532:[6, 5, 1, 9, 8, 6, 9, 7, 1, 4]
52164:[4, 5, 2, 6, 0, 0, 7, 4, 9, 4]
523947:[5, 9, 9, 9, 0, 3, 5, 5, 5, 7]
524971:[7, 3, 3, 7, 3, 1, 0, 1, 3, 3]
52946:[5, 0, 8, 2, 8, 6, 2, 9, 0, 2]
537007:[0, 1, 4, 6, 7, 5, 4, 0, 7, 0]
537690:[5, 1, 9, 2, 7, 2, 1, 5, 0, 6]
55404:[6, 3, 1, 0, 7, 6, 2, 8, 5, 7]
55578:[1, 6, 1, 1, 9, 9, 8, 7, 4, 4]
571350:[8, 5, 9, 4, 2, 6, 6, 1, 0, 5]
571506:[4, 7, 5, 5, 4, 5, 5, 3, 4, 2]
581184:[8, 6, 7, 9, 9, 2, 2, 2, 9, 5]
583221:[1, 3, 2, 1, 0, 0, 7, 7, 2, 7]
598952:[8, 7, 2, 0, 3, 0, 3, 4, 0, 6]
605817:[0, 0, 6, 7, 6, 4, 1, 2, 9, 1]
616178:[6, 5, 0, 4, 5, 7, 2, 9, 2, 0]
61905:[5, 3, 6, 1, 1, 0, 1, 4, 5, 0]
621164:[9, 5, 8, 1, 1, 9, 5, 7, 7, 9]
62564:[2, 0, 5, 2, 1, 3, 8, 5, 8, 8]
627418:[5, 8, 0, 0, 8, 0, 3, 6, 8, 2]
632399:[7, 8, 9, 7, 5, 0, 4, 1, 8, 4]
633772:[8, 2, 2, 6, 2, 5, 5, 5, 8, 4]
63578:[0, 0, 8, 3, 4, 1, 1, 3, 7, 8]
636405:[8, 0, 8, 2, 8, 3, 4, 5, 7, 0]
639175:[0, 0, 4, 9, 1, 0, 8, 7, 3, 7]
646393:[4, 4, 3, 1, 8, 2, 4, 7, 6, 0]
65104:[7, 8, 8, 4, 6, 4, 0, 0, 0, 2]
652155:[8, 0, 0, 3, 1, 0, 3, 6, 7, 4]
660776:[8, 2, 1, 6, 5, 6, 3, 8, 3, 8]
664874:[2, 0, 0, 5, 8, 7, 8, 6, 4, 0]
677650:[6, 9, 4, 7, 4, 4, 1, 3, 5, 9]
678197:[8, 3, 8, 2, 8, 5, 0, 6, 4, 0]
683006:[9, 2, 5, 0, 1, 4, 0, 6, 5, 8]
684382:[9, 3, 9, 9, 2, 6, 9, 6, 7, 7]
684929:[6, 1, 1, 3, 6, 9, 1, 1, 8, 9]
688482:[2, 1, 8, 2, 1, 9, 1, 6, 8, 4]
689420:[0, 2, 4, 1, 1, 5, 8, 8, 9, 5]
692723:[6, 6, 4, 7, 7, 2, 4, 4, 8, 3]
693661:[4, 7, 1, 3, 0, 6, 8, 5, 4, 9]
696897:[6, 7, 2, 3, 4, 3, 0, 9, 2, 6]
698593:[7, 8, 3, 4, 9, 1, 9, 4, 6, 8]
706109:[4, 4, 1, 7, 6, 3, 1, 8, 5, 3]
70809:[7, 1, 4, 8, 2, 2, 5, 6, 7, 5]
709672:[6, 0, 5, 0, 2, 2, 1, 2, 0, 5]
713009:[2, 0, 0, 5, 3, 7, 0, 0, 4, 0]
715784:[4, 9, 0, 2, 7, 0, 1, 6, 3, 6]
71860:[3, 7, 2, 0, 9, 4, 0, 2, 7, 2]
721527:[3, 9, 8, 1, 0, 9, 9, 0, 3, 8]
728858:[6, 1, 5, 2, 8, 5, 1, 6, 1, 0]
729576:[4, 1, 2, 7, 4, 2, 4, 7, 5, 7]
73357:[0, 4, 2, 7, 1, 4, 7, 6, 1, 4]
735722:[1, 2, 2, 0, 0, 5, 8, 2, 6, 4]
736679:[2, 7, 5, 0, 5, 5, 8, 5, 3, 3]
742830:[4, 1, 7, 2, 3, 6, 8, 6, 2, 7]
750748:[9, 3, 9, 0, 7, 9, 5, 4, 4, 2]
753050:[5, 8, 8, 1, 7, 8, 6, 6, 3, 4]
753876:[0, 3, 0, 2, 2, 3, 7, 1, 9, 1]
756187:[0, 9, 7, 9, 2, 9, 9, 2, 4, 4]
756326:[9, 1, 9, 4, 4, 6, 3, 3, 8, 8]
763142:[0, 5, 8, 5, 7, 1, 7, 0, 3, 9]
769159:[3, 8, 4, 9, 2, 6, 6, 8, 2, 3]
773589:[1, 6, 9, 9, 3, 2, 0, 0, 5, 9]
77914:[2, 7, 7, 8, 7, 4, 5, 5, 1, 3]
785869:[7, 5, 9, 2, 3, 5, 8, 7, 7, 9]
787943:[4, 1, 7, 0, 9, 0, 9, 8, 4, 4]
78878:[5, 2, 2, 8, 6, 6, 7, 1, 1, 5]
78900:[8, 0, 7, 0, 5, 9, 4, 3, 5, 8]
790131:[8, 9, 0, 8, 4, 8, 9, 6, 4, 7]
790182:[6, 0, 0, 3, 1, 0, 8, 6, 9, 9]
799310:[7, 3, 6, 9, 2, 5, 7, 7, 6, 8]
802642:[5, 9, 8, 7, 5, 0, 2, 4, 3, 4]
802674:[9, 5, 3, 0, 0, 0, 9, 5, 0, 3]
803740:[6, 6, 0, 3, 0, 9, 7, 8, 3, 1]
803835:[9, 4, 1, 5, 6, 5, 8, 8, 7, 5]
808916:[7, 2, 6, 9, 8, 6, 0, 4, 9, 4]
811716:[0, 5, 3, 4, 0, 4, 3, 6, 6, 7]
822401:[4, 3, 6, 8, 3, 7, 7, 2, 3, 3]
829275:[3, 4, 1, 8, 0, 4, 3, 9, 6, 9]
831169:[1, 1, 4, 3, 3, 4, 2, 7, 0, 9]
833982:[4, 4, 1, 9, 4, 1, 6, 7, 8, 3]
840994:[5, 5, 0, 7, 8, 9, 7, 0, 9, 0]
843068:[3, 1, 5, 1, 8, 2, 4, 4, 9, 3]
848223:[2, 6, 1, 6, 9, 0, 7, 0, 8, 4]
848831:[1, 3, 7, 7, 3, 2, 2, 2, 5, 1]
850037:[0, 3, 4, 9, 7, 2, 8, 5, 2, 5]
851915:[6, 8, 8, 4, 8, 6, 9, 2, 2, 5]
85987:[7, 7, 7, 8, 2, 8, 3, 7, 0, 9]
874130:[0, 6, 0, 4, 0, 6, 3, 7, 4, 3]
879961:[7, 1, 4, 4, 5, 0, 0, 1, 2, 5]
883347:[3, 1, 0, 8, 6, 6, 3, 9, 7, 7]
88357:[3, 7, 5, 0, 4, 6, 3, 7, 7, 0]
902316:[8, 2, 6, 0, 9, 0, 6, 0, 2, 1]
906744:[3, 0, 8, 9, 0, 1, 4, 3, 1, 6]
909999:[1, 3, 8, 6, 4, 5, 9, 0, 0, 1]
910330:[4, 2, 8, 6, 8, 4, 8, 5, 7, 3]
921782:[2, 4, 5, 2, 5, 7, 9, 7, 3, 2]
922293:[1, 1, 6, 4, 9, 3, 6, 2, 6, 2]
923221:[6, 9, 2, 4, 2, 0, 5, 6, 4, 9]
924201:[8, 1, 8, 4, 9, 4, 2, 6, 4, 3]
927224:[7, 6, 7, 8, 1, 2, 6, 8, 3, 3]
927537:[1, 6, 8, 1, 7, 8, 5, 0, 7, 6]
930463:[5, 0, 8, 1, 2, 0, 1, 1, 5, 1]
933130:[0, 9, 3, 8, 3, 6, 7, 8, 4, 8]
938083:[4, 9, 2, 1, 0, 5, 1, 2, 4, 2]
949927:[0, 9, 2, 2, 3, 9, 4, 3, 4, 0]
960397:[1, 1, 3, 1, 1, 0, 7, 5, 6, 9]
975852:[5, 6, 4, 4, 3, 6, 0, 5, 1, 9]
987800:[3, 1, 8, 6, 5, 3, 8, 1, 9, 7]
991120:[8, 7, 4, 5, 1, 7, 6, 8, 0, 6]
991503:[9, 1, 6, 2, 2, 0, 2, 4, 1, 0]
993157:[6, 1, 4, 4, 1, 6, 0, 0, 1, 2]
994275:[3, 3, 4, 7, 3, 4, 4, 3, 8, 5]
995035:[8, 6, 6, 1, 4, 8, 3, 0, 0, 4]
