1309016:[4, 9, 7, 3, 0, 0, 6, 1, 7, 1]
1469582:[7, 4, 4, 1, 7, 4, 2, 9, 7, 3]
1949035:[6, 4, 5, 6, 9, 3, 2, 5, 7, 3]
2028157:[5, 6, 2, 5, 6, 0, 3, 5, 0, 3]
2044059:[1, 9, 7, 2, 2, 8, 0, 5, 4, 3]
2044225:[5, 2, 9, 7, 7, 2, 3, 4, 2, 6]
2466214:[7, 5, 6, 8, 4, 5, 9, 2, 2, 4]
2800316:[5, 6, 1, 8, 5, 7, 2, 5, 6, 2]
2833816:[6, 3, 3, 3, 4, 3, 3, 7, 3, 5]
297066:[6, 5, 7, 6, 3, 9, 7, 5, 0, 9]
3049161:[4, 9, 4, 9, 7, 9, 8, 1, 8, 4]
3060061:[8, 7, 8, 8, 0, 0, 8, 6, 7, 9]
412201:[3, 7, 0, 0, 0, 3, 5, 1, 8, 8]
467896:[5, 6, 1, 8, 5, 7, 2, 5, 6, 2]
482017:[8, 3, 9, 6, 4, 7, 6, 0, 5, 8]
51536:[5, 4, 2, 0, 6, 6, 5, 9, 9, 4]
563214:[7, 5, 9, 0, 6, 0, 1, 3, 8, 0]
623208:[6, 0, 7, 7, 6, 0, 2, 0, 8, 1]
