1009099:[7, 3, 5, 7, 3, 6, 1, 0, 0, 0]
1077103:[0, 4, 9, 5, 2, 7, 2, 1, 4, 1]
1148565:[0, 3, 4, 6, 7, 1, 1, 6, 6, 9]
1150462:[1, 5, 9, 1, 2, 7, 0, 9, 4, 5]
1188937:[9, 1, 1, 0, 2, 0, 1, 3, 3, 0]
1271835:[4, 7, 4, 9, 8, 6, 8, 3, 8, 5]
1283238:[6, 9, 4, 7, 5, 4, 2, 8, 4, 3]
1419486:[3, 9, 4, 1, 7, 5, 4, 8, 6, 0]
1459734:[1, 3, 5, 5, 5, 4, 0, 4, 5, 6]
1531195:[9, 5, 5, 7, 3, 0, 4, 6, 7, 6]
1624682:[7, 9, 4, 0, 4, 0, 2, 1, 1, 3]
1874471:[0, 6, 0, 7, 8, 1, 0, 6, 0, 2]
1926216:[8, 8, 9, 7, 3, 4, 5, 1, 5, 1]
2226429:[2, 2, 4, 5, 1, 9, 3, 7, 1, 7]
2641481:[7, 1, 7, 3, 2, 9, 1, 4, 4, 3]
2649106:[2, 6, 4, 0, 6, 0, 5, 1, 4, 6]
2658794:[7, 2, 7, 2, 4, 9, 6, 6, 5, 0]
2692785:[2, 3, 3, 6, 7, 4, 6, 0, 5, 8]
2704833:[1, 1, 8, 9, 9, 4, 7, 3, 7, 7]
2730796:[2, 6, 0, 0, 9, 9, 1, 1, 9, 3]
2816222:[8, 0, 9, 4, 9, 6, 5, 2, 9, 3]
2881552:[6, 1, 1, 1, 7, 2, 6, 9, 5, 0]
2966355:[1, 4, 7, 8, 3, 4, 2, 1, 7, 4]
2975091:[3, 3, 0, 0, 8, 6, 6, 2, 2, 6]
386745:[3, 7, 0, 3, 9, 8, 3, 0, 4, 1]
433140:[7, 2, 6, 4, 0, 0, 8, 4, 4, 0]
502606:[8, 3, 7, 4, 0, 1, 0, 2, 5, 0]
626889:[7, 6, 9, 3, 0, 4, 1, 4, 4, 6]
661193:[7, 0, 0, 5, 8, 8, 5, 5, 3, 3]
716993:[3, 2, 4, 3, 0, 8, 0, 0, 8, 0]
76172:[9, 3, 2, 5, 2, 8, 3, 7, 8, 7]
777358:[8, 3, 4, 6, 4, 3, 5, 6, 6, 0]
818069:[2, 3, 7, 4, 0, 1, 8, 2, 5, 3]
828266:[2, 9, 3, 9, 0, 7, 9, 1, 0, 7]
871037:[0, 9, 8, 0, 7, 0, 5, 5, 3, 7]
920878:[7, 5, 0, 3, 1, 6, 4, 7, 9, 7]
945941:[4, 8, 4, 9, 5, 9, 0, 6, 9, 4]
978807:[8, 5, 7, 3, 1, 1, 9, 6, 3, 8]
