1005911:[1, 0, 7, 0, 6, 5, 5, 4, 6, 4]
1028330:[6, 6, 2, 7, 6, 2, 9, 9, 4, 6]
1039094:[7, 3, 0, 8, 7, 6, 2, 2, 4, 8]
1040283:[9, 7, 3, 4, 3, 7, 7, 3, 6, 7]
108313:[9, 0, 5, 4, 4, 0, 2, 5, 3, 5]
1125659:[4, 3, 1, 4, 9, 3, 1, 5, 3, 4]
1126174:[1, 9, 0, 4, 9, 8, 6, 1, 9, 5]
1128255:[6, 5, 4, 8, 5, 1, 5, 5, 3, 2]
1157400:[6, 5, 4, 5, 8, 1, 5, 5, 3, 2]
1160861:[6, 7, 3, 7, 4, 3, 1, 5, 1, 6]
1173215:[1, 3, 0, 3, 8, 5, 6, 5, 5, 2]
1179840:[8, 3, 0, 5, 1, 7, 8, 5, 8, 4]
1211193:[9, 1, 9, 7, 0, 6, 8, 5, 1, 1]
1220188:[2, 2, 6, 7, 9, 6, 0, 5, 3, 9]
122966:[2, 7, 5, 1, 2, 7, 1, 5, 7, 0]
1234032:[7, 1, 9, 9, 5, 6, 7, 5, 6, 7]
1234389:[4, 3, 4, 2, 4, 3, 5, 1, 2, 1]
1249145:[7, 7, 5, 6, 2, 6, 3, 4, 4, 4]
1254306:[0, 7, 6, 4, 8, 9, 5, 6, 8, 9]
1285416:[2, 0, 9, 7, 9, 1, 7, 1, 6, 4]
1287773:[1, 7, 9, 4, 7, 2, 3, 8, 8, 1]
1304524:[1, 5, 6, 9, 4, 0, 2, 9, 5, 5]
1312555:[0, 5, 1, 5, 8, 6, 9, 3, 0, 8]
1313629:[3, 5, 8, 7, 8, 1, 8, 4, 4, 5]
1316468:[2, 5, 0, 1, 6, 2, 7, 6, 4, 8]
1328444:[3, 1, 4, 5, 2, 9, 7, 2, 9, 3]
135908:[3, 7, 0, 2, 0, 2, 6, 4, 5, 5]
1371369:[6, 1, 8, 2, 9, 9, 2, 2, 4, 2]
1380939:[0, 1, 1, 0, 2, 7, 7, 0, 0, 0]
1405036:[6, 7, 2, 3, 3, 0, 4, 2, 9, 2]
1433475:[5, 2, 2, 5, 2, 3, 6, 5, 1, 3]
145010:[1, 2, 1, 3, 1, 3, 3, 7, 9, 3]
1451225:[7, 3, 3, 0, 0, 7, 5, 3, 7, 7]
1462563:[9, 2, 3, 9, 9, 2, 5, 9, 4, 0]
146750:[5, 6, 0, 4, 1, 8, 7, 3, 2, 2]
1470225:[2, 7, 0, 3, 3, 2, 0, 3, 8, 4]
1477652:[3, 0, 5, 9, 6, 5, 6, 0, 0, 0]
1489310:[6, 2, 3, 9, 4, 2, 5, 9, 5, 0]
1546760:[7, 7, 4, 5, 7, 6, 8, 4, 9, 6]
1553806:[0, 6, 4, 6, 1, 9, 2, 4, 7, 0]
1566864:[6, 7, 9, 6, 7, 3, 7, 7, 2, 4]
1572707:[5, 4, 7, 5, 1, 6, 4, 4, 6, 7]
1580702:[9, 5, 7, 1, 3, 3, 5, 0, 5, 6]
1596648:[9, 4, 2, 1, 1, 4, 7, 5, 6, 5]
1624333:[8, 0, 8, 7, 4, 7, 5, 6, 8, 3]
1624982:[7, 6, 7, 2, 4, 6, 3, 9, 3, 2]
1662640:[0, 7, 6, 0, 3, 8, 0, 4, 4, 4]
1686477:[7, 6, 2, 3, 2, 6, 7, 7, 3, 9]
1689881:[9, 2, 4, 9, 9, 2, 1, 2, 0, 6]
1691337:[4, 0, 7, 2, 0, 2, 8, 4, 6, 8]
1709763:[5, 3, 0, 2, 2, 4, 4, 8, 0, 5]
1748696:[6, 2, 7, 0, 9, 9, 3, 2, 3, 2]
175518:[5, 1, 6, 0, 9, 4, 4, 7, 3, 2]
1757634:[1, 9, 0, 4, 9, 9, 4, 4, 5, 8]
1766140:[9, 3, 0, 8, 8, 3, 1, 7, 7, 3]
1767196:[9, 7, 9, 3, 3, 8, 1, 5, 0, 7]
180156:[7, 7, 3, 6, 4, 3, 3, 4, 5, 3]
1802905:[5, 8, 6, 7, 9, 0, 4, 9, 1, 1]
1821895:[4, 3, 3, 4, 0, 1, 9, 4, 2, 9]
1842737:[8, 4, 0, 6, 2, 3, 5, 3, 5, 5]
1855864:[7, 7, 0, 5, 1, 6, 4, 2, 1, 7]
1876638:[4, 4, 7, 3, 1, 8, 0, 5, 8, 8]
1891245:[7, 7, 0, 7, 3, 4, 3, 4, 7, 8]
1896113:[0, 8, 5, 0, 7, 5, 9, 8, 5, 5]
1897809:[8, 4, 5, 7, 7, 2, 4, 1, 0, 1]
1926224:[9, 3, 9, 2, 8, 4, 1, 5, 2, 7]
1933166:[0, 5, 8, 3, 4, 7, 3, 8, 5, 4]
1933281:[7, 3, 9, 4, 1, 7, 0, 0, 3, 1]
194818:[9, 3, 7, 6, 6, 5, 9, 8, 4, 4]
1951346:[6, 6, 9, 4, 7, 6, 7, 8, 0, 8]
1955311:[2, 1, 3, 2, 8, 4, 2, 4, 3, 6]
1963483:[7, 8, 3, 0, 4, 4, 4, 7, 5, 8]
1970937:[1, 0, 8, 9, 0, 9, 8, 0, 6, 3]
197992:[3, 2, 6, 9, 5, 9, 7, 8, 4, 6]
2032163:[1, 3, 6, 4, 5, 8, 2, 5, 5, 9]
205801:[6, 6, 3, 6, 7, 1, 2, 5, 5, 7]
2063696:[0, 4, 8, 4, 3, 9, 9, 6, 7, 2]
2065034:[1, 9, 9, 5, 6, 1, 5, 2, 6, 9]
2075589:[9, 3, 7, 4, 9, 3, 8, 1, 7, 3]
207624:[0, 8, 8, 8, 2, 8, 7, 2, 8, 4]
2078989:[3, 6, 4, 9, 8, 3, 7, 8, 8, 2]
2089360:[7, 4, 5, 9, 7, 4, 3, 8, 0, 1]
2091648:[1, 8, 9, 2, 3, 6, 5, 3, 5, 5]
2102148:[6, 8, 5, 4, 8, 5, 4, 8, 3, 1]
2104594:[6, 9, 8, 4, 6, 4, 4, 5, 8, 0]
2116129:[9, 0, 6, 8, 8, 6, 8, 3, 7, 2]
2123296:[6, 4, 8, 4, 5, 7, 3, 8, 0, 7]
214117:[0, 2, 1, 6, 7, 3, 3, 7, 7, 8]
2144444:[6, 3, 9, 2, 8, 3, 5, 4, 3, 2]
2160015:[2, 2, 2, 7, 3, 5, 3, 7, 1, 7]
2172854:[3, 4, 9, 6, 4, 4, 9, 9, 6, 3]
2190165:[0, 4, 4, 5, 4, 5, 1, 8, 0, 2]
2201037:[4, 3, 6, 1, 9, 0, 4, 1, 8, 1]
2205035:[1, 0, 3, 2, 8, 5, 6, 0, 0, 4]
2233712:[4, 6, 9, 8, 0, 0, 0, 1, 8, 1]
2236094:[1, 0, 5, 8, 4, 7, 0, 1, 2, 8]
2242434:[6, 5, 4, 5, 8, 1, 5, 5, 3, 2]
2247984:[9, 4, 1, 6, 3, 3, 2, 6, 6, 4]
2263384:[2, 8, 5, 8, 8, 7, 4, 4, 9, 2]
2269208:[7, 6, 9, 5, 4, 6, 3, 1, 2, 5]
2275897:[0, 1, 5, 1, 9, 2, 8, 4, 3, 5]
2276150:[7, 9, 0, 8, 7, 5, 4, 2, 1, 0]
2293092:[2, 9, 6, 4, 3, 8, 4, 2, 8, 3]
2304001:[2, 2, 2, 4, 5, 8, 2, 6, 9, 4]
2316331:[7, 7, 1, 7, 4, 5, 1, 5, 3, 7]
231796:[9, 7, 5, 8, 6, 1, 1, 3, 8, 0]
2323367:[4, 2, 4, 1, 8, 8, 5, 1, 9, 8]
2331778:[4, 6, 4, 2, 4, 0, 3, 4, 3, 6]
2339638:[4, 2, 4, 4, 7, 3, 2, 3, 3, 5]
2342870:[2, 1, 2, 0, 6, 6, 1, 5, 6, 8]
2353482:[1, 2, 9, 1, 4, 9, 5, 8, 4, 8]
2355708:[7, 0, 1, 3, 6, 7, 5, 9, 5, 8]
2362771:[0, 5, 2, 4, 0, 2, 1, 9, 6, 5]
2367633:[9, 7, 8, 6, 7, 0, 9, 2, 0, 0]
2374849:[4, 8, 6, 4, 0, 8, 6, 7, 0, 9]
237645:[7, 9, 6, 3, 2, 1, 5, 3, 8, 3]
2383125:[5, 1, 6, 0, 9, 4, 4, 7, 3, 2]
2405305:[4, 7, 2, 6, 0, 4, 6, 7, 2, 4]
2405710:[8, 9, 7, 3, 7, 1, 4, 4, 6, 9]
2418842:[5, 0, 3, 8, 4, 9, 2, 2, 6, 4]
2422172:[5, 9, 2, 7, 8, 3, 7, 1, 2, 5]
2429270:[1, 4, 7, 3, 5, 6, 7, 6, 5, 1]
2430925:[9, 9, 2, 7, 9, 7, 9, 8, 6, 0]
2432614:[5, 0, 3, 5, 9, 1, 1, 2, 6, 6]
2442922:[5, 8, 3, 4, 5, 4, 2, 8, 7, 3]
2452609:[4, 3, 9, 6, 5, 8, 5, 4, 6, 7]
2459987:[6, 5, 5, 9, 6, 5, 2, 2, 3, 1]
2480639:[3, 6, 8, 4, 4, 4, 0, 7, 3, 5]
2496403:[2, 8, 6, 9, 5, 1, 2, 3, 5, 5]
2505601:[1, 5, 7, 9, 8, 9, 7, 5, 7, 0]
2522406:[6, 1, 5, 5, 0, 8, 2, 2, 0, 5]
2533010:[5, 7, 0, 0, 6, 9, 1, 7, 3, 4]
2547513:[2, 2, 8, 6, 3, 2, 2, 9, 0, 3]
2581903:[1, 9, 5, 4, 9, 9, 5, 6, 0, 8]
2618009:[9, 2, 6, 7, 3, 8, 8, 2, 6, 8]
2628859:[8, 7, 0, 4, 2, 8, 0, 9, 4, 7]
264400:[5, 8, 1, 9, 3, 2, 9, 3, 3, 7]
2647767:[0, 1, 7, 1, 1, 6, 7, 9, 7, 7]
2651246:[3, 9, 8, 4, 3, 5, 6, 1, 4, 5]
2652516:[4, 1, 2, 0, 2, 4, 7, 4, 0, 1]
2667839:[3, 9, 1, 1, 5, 1, 9, 2, 3, 2]
266860:[1, 6, 4, 6, 1, 5, 3, 5, 4, 8]
266948:[1, 4, 8, 6, 5, 5, 3, 3, 4, 0]
2694626:[9, 2, 6, 6, 3, 6, 3, 4, 9, 8]
2701521:[5, 8, 0, 5, 0, 2, 0, 8, 4, 6]
2713834:[1, 4, 6, 9, 1, 9, 1, 5, 0, 3]
2735165:[9, 0, 3, 3, 5, 7, 2, 8, 4, 1]
2739074:[7, 9, 8, 9, 8, 3, 5, 4, 0, 3]
2751828:[4, 8, 0, 6, 9, 2, 2, 4, 8, 7]
2758236:[2, 5, 6, 2, 2, 8, 6, 6, 8, 2]
2762999:[6, 7, 3, 0, 9, 2, 6, 0, 4, 4]
277562:[4, 8, 1, 7, 7, 6, 6, 1, 8, 7]
2796508:[5, 7, 5, 2, 6, 4, 3, 9, 6, 0]
2798553:[1, 0, 9, 0, 6, 6, 5, 9, 4, 6]
2819721:[6, 1, 2, 0, 9, 7, 0, 1, 6, 6]
2822407:[4, 0, 3, 6, 3, 6, 5, 3, 4, 0]
2822780:[5, 7, 7, 2, 2, 9, 0, 7, 5, 4]
2826421:[2, 5, 6, 3, 4, 8, 8, 5, 8, 1]
2860841:[8, 2, 8, 6, 7, 9, 1, 0, 9, 5]
2869985:[9, 5, 6, 0, 5, 1, 0, 0, 0, 8]
2873663:[1, 2, 5, 3, 3, 6, 2, 2, 7, 3]
2917331:[1, 8, 9, 2, 4, 9, 2, 0, 7, 7]
2919200:[0, 0, 7, 9, 6, 8, 4, 5, 8, 3]
2930783:[2, 1, 1, 7, 8, 4, 9, 3, 6, 4]
2940329:[5, 2, 9, 4, 4, 9, 5, 9, 0, 6]
2941722:[6, 8, 2, 4, 0, 0, 2, 8, 4, 8]
2952119:[0, 7, 3, 4, 7, 7, 4, 9, 9, 6]
2952515:[2, 8, 3, 3, 4, 4, 4, 8, 0, 6]
2955670:[6, 0, 0, 7, 6, 8, 4, 3, 4, 5]
297037:[7, 9, 4, 5, 5, 1, 7, 7, 3, 9]
2981627:[7, 9, 9, 1, 5, 9, 9, 9, 7, 6]
2985599:[7, 1, 8, 3, 3, 4, 2, 9, 3, 4]
3002028:[5, 8, 1, 1, 9, 5, 9, 4, 0, 4]
3003136:[4, 3, 5, 8, 2, 6, 3, 6, 6, 5]
3005895:[3, 5, 6, 6, 8, 6, 7, 4, 5, 5]
3015839:[3, 9, 0, 4, 9, 4, 3, 1, 9, 4]
3053213:[0, 0, 0, 8, 3, 4, 3, 9, 7, 0]
306408:[4, 3, 3, 4, 0, 1, 9, 4, 2, 9]
3064854:[3, 8, 2, 6, 6, 0, 5, 3, 5, 5]
306899:[9, 8, 7, 4, 2, 8, 4, 3, 1, 8]
3078534:[1, 1, 7, 5, 2, 6, 9, 9, 5, 8]
3088151:[1, 6, 3, 8, 4, 1, 9, 6, 3, 4]
3093662:[8, 8, 6, 3, 6, 9, 7, 8, 2, 1]
3095652:[5, 5, 0, 9, 9, 6, 9, 3, 9, 4]
3108907:[8, 1, 0, 8, 4, 3, 8, 6, 5, 6]
3120257:[4, 8, 0, 7, 8, 7, 5, 5, 7, 8]
3134253:[3, 4, 9, 8, 6, 8, 6, 3, 5, 1]
3138800:[6, 4, 3, 3, 2, 0, 8, 9, 8, 2]
3182533:[3, 9, 5, 9, 3, 2, 0, 0, 3, 4]
318596:[1, 4, 0, 6, 8, 3, 0, 7, 0, 9]
3205676:[5, 3, 0, 0, 5, 0, 2, 3, 9, 0]
3217655:[4, 4, 7, 7, 1, 9, 7, 4, 4, 2]
3223056:[9, 2, 0, 3, 0, 7, 5, 4, 2, 5]
3223759:[1, 5, 7, 8, 5, 9, 6, 6, 8, 3]
3228399:[5, 3, 7, 1, 5, 8, 5, 7, 4, 1]
324437:[2, 0, 5, 3, 6, 0, 0, 8, 8, 4]
3246793:[8, 9, 7, 8, 3, 0, 5, 7, 6, 4]
3254323:[0, 5, 8, 6, 7, 1, 6, 4, 2, 5]
326040:[9, 1, 4, 8, 7, 6, 5, 0, 9, 4]
328803:[9, 0, 8, 9, 1, 2, 6, 3, 0, 4]
333041:[9, 4, 7, 3, 0, 1, 1, 8, 1, 2]
341326:[1, 0, 3, 9, 1, 1, 4, 0, 1, 9]
358084:[4, 4, 4, 8, 8, 6, 8, 3, 7, 6]
412794:[1, 8, 4, 9, 1, 2, 4, 5, 1, 4]
425746:[8, 3, 0, 8, 7, 3, 6, 1, 5, 0]
427512:[0, 1, 0, 2, 2, 0, 1, 9, 0, 5]
454422:[8, 8, 8, 1, 3, 8, 4, 6, 3, 8]
481580:[2, 7, 5, 9, 1, 4, 5, 5, 2, 0]
504396:[4, 4, 7, 3, 5, 5, 8, 5, 6, 9]
51798:[7, 4, 5, 1, 8, 0, 2, 0, 5, 2]
557954:[1, 4, 0, 1, 3, 7, 3, 4, 2, 8]
563411:[2, 3, 1, 0, 3, 7, 3, 2, 2, 5]
578493:[4, 0, 9, 6, 0, 8, 8, 4, 6, 4]
58170:[5, 3, 6, 6, 3, 8, 2, 0, 0, 8]
607663:[0, 8, 7, 1, 9, 4, 5, 5, 6, 7]
626681:[1, 0, 8, 5, 9, 0, 6, 0, 1, 0]
629088:[0, 8, 6, 0, 4, 8, 4, 4, 3, 2]
639621:[9, 3, 6, 1, 5, 9, 3, 3, 2, 8]
639811:[8, 3, 4, 3, 7, 5, 8, 5, 2, 5]
64346:[5, 1, 9, 5, 4, 2, 8, 5, 8, 1]
655052:[0, 2, 5, 1, 2, 9, 1, 8, 5, 1]
662652:[5, 2, 5, 8, 1, 8, 0, 6, 9, 1]
67208:[4, 2, 8, 8, 1, 7, 2, 6, 8, 5]
677222:[7, 7, 9, 4, 3, 0, 6, 4, 1, 7]
679191:[0, 0, 2, 1, 3, 2, 6, 1, 3, 6]
712934:[8, 7, 7, 8, 9, 0, 3, 2, 0, 8]
725994:[5, 1, 6, 5, 1, 1, 7, 2, 1, 2]
759598:[1, 2, 7, 4, 0, 5, 5, 6, 8, 6]
763495:[6, 5, 0, 2, 4, 3, 5, 3, 4, 1]
778721:[7, 5, 4, 7, 2, 9, 4, 7, 5, 0]
840686:[9, 9, 3, 6, 3, 9, 2, 5, 3, 7]
85057:[8, 5, 2, 1, 8, 2, 5, 9, 5, 5]
863934:[0, 9, 7, 5, 8, 9, 7, 8, 2, 7]
876093:[7, 3, 0, 6, 3, 4, 8, 6, 5, 1]
912563:[6, 3, 5, 2, 6, 6, 2, 1, 9, 2]
923367:[0, 0, 1, 6, 0, 7, 5, 3, 2, 7]
925021:[6, 3, 1, 3, 5, 1, 5, 2, 3, 2]
927326:[3, 0, 7, 0, 4, 2, 7, 1, 9, 6]
928060:[6, 9, 8, 7, 5, 1, 1, 5, 9, 5]
933805:[7, 3, 4, 2, 0, 5, 4, 0, 5, 5]
935284:[1, 2, 3, 1, 1, 1, 3, 1, 7, 1]
937693:[4, 2, 5, 5, 2, 5, 5, 3, 1, 4]
952456:[9, 5, 6, 2, 3, 6, 5, 6, 0, 0]
961145:[0, 0, 7, 4, 2, 7, 1, 3, 3, 5]
