1015771:[6, 3, 2, 0, 0, 9, 8, 9, 6, 7]
1055474:[3, 9, 7, 1, 1, 3, 0, 1, 0, 1]
1100408:[0, 2, 5, 4, 6, 5, 6, 0, 1, 8]
1131685:[2, 1, 2, 0, 0, 0, 6, 7, 2, 8]
114457:[0, 0, 6, 4, 5, 3, 7, 9, 8, 0]
1208522:[8, 1, 4, 3, 2, 7, 9, 9, 4, 6]
1226171:[6, 1, 1, 0, 2, 4, 9, 2, 5, 3]
1237288:[1, 6, 5, 6, 5, 6, 7, 4, 8, 4]
1249965:[5, 3, 5, 9, 5, 7, 7, 3, 6, 7]
1278415:[9, 9, 6, 1, 7, 8, 8, 0, 3, 0]
1361082:[7, 3, 1, 1, 2, 2, 1, 0, 5, 8]
1433406:[9, 9, 4, 1, 0, 5, 7, 6, 4, 5]
1449717:[5, 3, 2, 6, 8, 4, 5, 7, 4, 4]
1464513:[3, 9, 6, 4, 9, 0, 0, 9, 4, 3]
1466077:[8, 7, 2, 0, 3, 0, 6, 9, 7, 5]
1501027:[8, 6, 9, 9, 5, 9, 1, 2, 2, 3]
1547403:[9, 8, 0, 0, 2, 0, 5, 4, 1, 1]
1554337:[7, 3, 9, 1, 5, 8, 9, 5, 2, 1]
1571786:[2, 1, 7, 6, 0, 6, 8, 5, 2, 6]
1578625:[9, 5, 5, 9, 3, 9, 9, 6, 7, 6]
1648711:[4, 8, 3, 5, 9, 1, 5, 0, 1, 7]
1655098:[8, 5, 2, 5, 6, 8, 1, 0, 1, 0]
1694158:[6, 9, 1, 8, 4, 0, 3, 3, 9, 4]
1725697:[7, 4, 8, 9, 1, 2, 0, 2, 6, 3]
1867004:[2, 4, 1, 3, 6, 4, 9, 5, 8, 8]
1950169:[5, 6, 7, 9, 1, 3, 7, 4, 1, 6]
198246:[0, 7, 8, 8, 4, 0, 2, 4, 8, 2]
2035395:[3, 8, 1, 6, 8, 0, 7, 9, 3, 0]
2037437:[7, 6, 3, 1, 3, 1, 1, 9, 4, 5]
2045593:[6, 6, 0, 8, 7, 6, 6, 4, 6, 6]
2086347:[6, 2, 1, 3, 7, 6, 4, 3, 6, 0]
2121476:[1, 8, 6, 6, 8, 6, 2, 4, 7, 4]
2129876:[7, 5, 4, 9, 8, 7, 0, 7, 4, 8]
2134938:[8, 7, 2, 0, 3, 0, 6, 9, 7, 5]
2187634:[2, 4, 0, 3, 0, 8, 5, 9, 8, 2]
2229377:[7, 7, 7, 9, 9, 3, 6, 1, 4, 1]
2263270:[0, 0, 5, 1, 1, 0, 2, 6, 3, 4]
2295149:[7, 3, 1, 1, 2, 2, 1, 0, 5, 8]
2309027:[5, 0, 5, 4, 2, 0, 4, 7, 6, 4]
2333028:[9, 7, 5, 5, 4, 0, 8, 5, 0, 7]
2366773:[8, 0, 7, 6, 0, 8, 8, 7, 3, 2]
2377562:[7, 6, 5, 0, 6, 2, 6, 8, 7, 2]
2393038:[9, 3, 4, 5, 5, 1, 9, 0, 6, 9]
2483822:[9, 7, 8, 0, 5, 6, 7, 9, 9, 9]
2541961:[6, 6, 4, 3, 8, 5, 9, 5, 1, 4]
2578605:[5, 4, 9, 6, 8, 1, 6, 2, 1, 0]
2662812:[8, 6, 6, 8, 7, 7, 0, 2, 8, 3]
2713402:[8, 9, 4, 9, 8, 5, 9, 9, 1, 3]
2717960:[6, 7, 1, 8, 0, 4, 9, 3, 8, 9]
2730710:[6, 4, 3, 7, 6, 1, 7, 8, 3, 1]
2754063:[4, 5, 6, 0, 4, 4, 5, 0, 5, 9]
2759754:[4, 5, 9, 4, 8, 4, 0, 5, 2, 0]
2785131:[7, 6, 8, 7, 2, 2, 8, 2, 2, 3]
2871697:[9, 8, 6, 1, 5, 0, 6, 9, 9, 5]
2912123:[6, 2, 8, 0, 9, 2, 7, 9, 6, 1]
3002343:[5, 0, 1, 0, 1, 3, 3, 3, 7, 6]
3004864:[8, 6, 9, 9, 5, 9, 1, 2, 2, 3]
3029690:[5, 6, 0, 5, 3, 3, 3, 5, 9, 6]
3042488:[8, 6, 8, 2, 9, 3, 0, 6, 6, 3]
3136309:[7, 2, 2, 6, 4, 8, 2, 4, 5, 4]
3148018:[0, 2, 7, 3, 8, 9, 7, 2, 7, 5]
3178539:[5, 8, 9, 0, 8, 7, 4, 8, 5, 3]
3200215:[2, 5, 0, 9, 4, 4, 3, 2, 6, 4]
332983:[8, 4, 4, 9, 2, 8, 2, 6, 7, 1]
344560:[3, 1, 8, 0, 6, 9, 1, 4, 1, 7]
39152:[9, 6, 8, 0, 7, 5, 7, 7, 0, 0]
432528:[2, 0, 7, 5, 1, 3, 2, 0, 5, 8]
461642:[1, 8, 1, 0, 8, 6, 8, 1, 9, 8]
510679:[8, 0, 3, 8, 6, 2, 4, 1, 8, 0]
514706:[1, 0, 6, 6, 6, 8, 1, 1, 1, 2]
595992:[1, 4, 9, 4, 4, 2, 7, 4, 1, 0]
623925:[7, 6, 8, 9, 0, 7, 4, 9, 7, 4]
651299:[5, 4, 5, 7, 7, 7, 6, 8, 1, 4]
683737:[9, 2, 0, 8, 0, 4, 5, 1, 7, 2]
704111:[5, 3, 9, 3, 7, 7, 5, 1, 0, 3]
731372:[9, 2, 9, 5, 6, 5, 7, 6, 8, 9]
734293:[9, 7, 5, 5, 4, 0, 8, 5, 0, 7]
756163:[2, 4, 9, 8, 1, 3, 7, 1, 4, 4]
866292:[4, 9, 9, 1, 2, 2, 7, 4, 0, 7]
872055:[9, 3, 2, 0, 7, 1, 6, 9, 4, 6]
8900:[9, 4, 8, 4, 4, 9, 7, 7, 9, 6]
911820:[9, 3, 1, 0, 4, 8, 0, 4, 6, 8]
917311:[6, 3, 3, 6, 0, 6, 5, 5, 1, 7]
934906:[0, 4, 6, 5, 1, 9, 6, 1, 7, 0]
958441:[6, 2, 9, 4, 7, 1, 9, 6, 6, 0]
971365:[8, 0, 5, 9, 2, 3, 9, 0, 0, 9]
