1002085:[2, 8, 4, 5, 7, 0, 2, 7, 8, 0]
1041355:[4, 4, 9, 4, 6, 4, 8, 8, 7, 5]
1047023:[1, 6, 4, 2, 4, 2, 2, 9, 4, 4]
1069931:[7, 8, 7, 5, 0, 2, 6, 5, 1, 8]
1070039:[3, 1, 2, 1, 6, 1, 9, 0, 3, 3]
1070846:[2, 8, 3, 6, 5, 0, 1, 4, 1, 2]
1092141:[2, 5, 9, 5, 8, 8, 4, 0, 8, 0]
1107770:[6, 0, 1, 9, 6, 0, 9, 9, 8, 4]
1108964:[0, 0, 7, 9, 6, 1, 5, 7, 3, 0]
1160007:[8, 6, 6, 0, 7, 6, 1, 0, 4, 2]
1165226:[5, 6, 0, 7, 4, 7, 3, 3, 4, 0]
1169549:[9, 9, 4, 8, 9, 9, 4, 9, 7, 4]
1190930:[0, 0, 3, 9, 0, 3, 1, 2, 3, 4]
119204:[3, 0, 8, 3, 9, 1, 6, 3, 4, 0]
1204417:[4, 2, 2, 8, 0, 2, 3, 4, 0, 3]
1204427:[1, 9, 1, 2, 8, 9, 8, 8, 1, 8]
1209001:[7, 3, 6, 1, 6, 4, 3, 2, 5, 9]
1209541:[5, 4, 1, 2, 9, 0, 5, 1, 0, 6]
1210931:[2, 0, 8, 0, 8, 8, 5, 0, 3, 2]
1223724:[7, 3, 3, 2, 0, 9, 6, 0, 8, 0]
1230118:[7, 9, 0, 5, 4, 7, 5, 8, 7, 3]
1240337:[7, 2, 0, 1, 6, 6, 6, 6, 2, 2]
1241060:[9, 8, 6, 5, 1, 7, 5, 8, 3, 3]
1256529:[4, 4, 2, 6, 5, 7, 0, 0, 7, 9]
125657:[5, 0, 4, 8, 0, 1, 2, 0, 5, 9]
1258161:[5, 5, 8, 9, 7, 9, 5, 0, 3, 1]
1260790:[4, 0, 4, 0, 5, 4, 6, 3, 2, 6]
1270004:[5, 6, 0, 3, 3, 4, 4, 9, 6, 1]
1310082:[0, 3, 4, 2, 8, 9, 2, 0, 5, 6]
1330214:[0, 6, 4, 6, 0, 5, 4, 3, 9, 4]
133501:[0, 6, 6, 7, 9, 6, 9, 5, 5, 4]
1355032:[7, 0, 8, 3, 4, 9, 2, 7, 3, 0]
136497:[7, 4, 7, 2, 3, 0, 4, 3, 9, 5]
1377645:[8, 0, 8, 7, 5, 9, 3, 0, 7, 4]
1394282:[7, 2, 2, 0, 8, 5, 1, 5, 0, 8]
1398274:[2, 4, 8, 0, 5, 8, 5, 7, 1, 0]
141416:[3, 0, 4, 6, 6, 8, 4, 2, 0, 1]
1419470:[6, 7, 7, 8, 7, 3, 7, 8, 9, 1]
1426197:[2, 9, 9, 8, 0, 0, 4, 4, 4, 3]
1451470:[3, 0, 8, 6, 6, 5, 4, 0, 0, 2]
1455910:[1, 0, 0, 8, 5, 1, 8, 1, 1, 9]
1456967:[8, 7, 3, 0, 9, 0, 4, 8, 1, 1]
1466036:[3, 5, 4, 7, 0, 0, 1, 4, 5, 0]
1490319:[6, 0, 4, 9, 3, 0, 9, 0, 6, 4]
1495450:[9, 0, 0, 0, 3, 0, 3, 1, 1, 7]
1498451:[4, 9, 3, 2, 4, 9, 0, 5, 9, 6]
1512453:[8, 0, 8, 7, 5, 9, 3, 0, 7, 4]
1567199:[3, 6, 6, 7, 2, 8, 4, 3, 2, 6]
1576910:[3, 3, 8, 8, 5, 2, 4, 9, 5, 9]
1588828:[3, 9, 9, 2, 9, 4, 7, 3, 5, 6]
1594895:[1, 1, 6, 9, 1, 7, 5, 6, 1, 1]
1605141:[2, 2, 5, 1, 3, 4, 2, 3, 4, 0]
1607455:[3, 9, 6, 8, 9, 0, 0, 0, 6, 6]
1608857:[0, 4, 6, 7, 7, 2, 3, 6, 4, 1]
161607:[7, 6, 5, 3, 6, 5, 7, 5, 0, 9]
162126:[3, 3, 9, 8, 3, 7, 0, 8, 8, 8]
1627643:[8, 2, 2, 3, 0, 8, 2, 9, 3, 7]
1629374:[7, 8, 6, 0, 8, 8, 1, 4, 3, 8]
1653472:[3, 5, 8, 5, 5, 2, 5, 7, 8, 4]
1656396:[4, 0, 5, 7, 1, 3, 9, 0, 9, 6]
1663209:[1, 1, 2, 6, 3, 9, 5, 3, 0, 0]
1664243:[8, 1, 1, 7, 0, 6, 8, 3, 3, 5]
1675226:[7, 5, 4, 6, 2, 6, 7, 3, 1, 8]
1698991:[1, 6, 2, 8, 7, 7, 3, 3, 6, 5]
1703558:[7, 3, 5, 1, 2, 7, 0, 9, 3, 3]
1713924:[6, 8, 8, 8, 3, 0, 8, 1, 2, 2]
171457:[6, 0, 3, 1, 6, 6, 4, 1, 2, 2]
1727677:[3, 4, 0, 9, 0, 1, 4, 4, 2, 0]
1736073:[1, 9, 8, 7, 4, 0, 8, 0, 5, 6]
1750119:[1, 4, 7, 0, 2, 4, 4, 8, 7, 8]
1766322:[2, 0, 0, 2, 9, 7, 5, 7, 5, 2]
1769327:[3, 7, 1, 7, 3, 1, 4, 7, 5, 4]
1773886:[9, 9, 3, 7, 7, 6, 7, 7, 9, 6]
1775473:[1, 8, 9, 1, 0, 7, 9, 5, 3, 1]
179417:[9, 7, 3, 1, 9, 1, 0, 0, 4, 0]
17979:[4, 8, 7, 7, 7, 5, 2, 0, 8, 6]
1800750:[1, 7, 6, 1, 2, 1, 9, 5, 4, 2]
1805798:[3, 2, 6, 4, 1, 2, 3, 0, 5, 0]
1854232:[6, 7, 7, 5, 1, 9, 9, 4, 6, 0]
1854500:[6, 7, 5, 1, 0, 1, 8, 3, 9, 1]
1877297:[4, 0, 2, 9, 2, 4, 9, 3, 5, 2]
189250:[7, 3, 3, 7, 5, 0, 3, 0, 7, 0]
1911585:[7, 2, 1, 5, 6, 0, 0, 6, 6, 4]
1924077:[0, 9, 0, 7, 3, 2, 8, 1, 6, 6]
1936233:[8, 4, 5, 1, 4, 1, 9, 3, 9, 8]
1938061:[7, 8, 6, 0, 8, 8, 1, 7, 8, 8]
1944409:[7, 7, 7, 6, 3, 5, 2, 1, 5, 3]
1954473:[0, 7, 6, 8, 2, 8, 4, 6, 5, 7]
1960808:[5, 3, 6, 6, 8, 3, 7, 7, 5, 1]
1973005:[6, 0, 3, 5, 4, 7, 0, 9, 1, 7]
1973285:[0, 1, 8, 3, 2, 3, 1, 5, 3, 9]
1978620:[5, 6, 6, 9, 8, 4, 4, 8, 3, 0]
1987176:[2, 6, 2, 6, 7, 7, 6, 2, 2, 1]
2002572:[2, 0, 5, 2, 1, 4, 5, 3, 9, 0]
2009972:[0, 2, 3, 3, 1, 4, 0, 6, 2, 3]
2013259:[3, 0, 3, 2, 9, 9, 3, 7, 8, 9]
2015414:[7, 6, 6, 4, 9, 7, 8, 6, 8, 6]
2034548:[6, 4, 5, 1, 3, 7, 0, 1, 4, 0]
2041835:[7, 2, 8, 4, 0, 1, 5, 0, 5, 9]
2044613:[5, 8, 7, 3, 4, 4, 2, 2, 3, 1]
2046368:[1, 5, 2, 3, 9, 7, 9, 1, 4, 9]
2066806:[9, 3, 1, 4, 9, 8, 8, 3, 8, 3]
2069304:[8, 3, 9, 5, 1, 7, 9, 9, 4, 9]
2078462:[4, 7, 9, 5, 5, 4, 8, 5, 8, 8]
2087093:[0, 1, 2, 5, 6, 8, 8, 0, 8, 8]
2094751:[0, 5, 0, 8, 1, 1, 5, 3, 7, 5]
2102011:[6, 7, 3, 8, 9, 0, 6, 1, 6, 1]
2111541:[2, 8, 7, 7, 5, 6, 2, 4, 7, 8]
2116116:[8, 4, 6, 1, 2, 8, 8, 6, 7, 3]
2117728:[4, 9, 8, 9, 2, 0, 5, 0, 2, 0]
2119307:[0, 0, 9, 9, 7, 1, 4, 7, 9, 0]
2123626:[3, 4, 1, 0, 5, 7, 5, 9, 6, 6]
2127126:[8, 4, 8, 2, 4, 4, 9, 5, 1, 3]
212718:[3, 2, 6, 2, 5, 8, 6, 5, 8, 6]
2137648:[1, 6, 6, 9, 0, 8, 3, 0, 7, 0]
2139563:[3, 8, 3, 8, 1, 7, 8, 0, 4, 2]
2181943:[6, 5, 0, 9, 7, 1, 0, 0, 3, 6]
2189848:[7, 5, 7, 7, 3, 5, 7, 3, 6, 7]
2192769:[9, 4, 4, 8, 1, 7, 6, 4, 0, 3]
2193616:[9, 7, 8, 8, 0, 5, 0, 0, 5, 1]
22195:[6, 3, 5, 5, 1, 7, 3, 0, 6, 0]
22232:[8, 1, 8, 2, 0, 6, 9, 7, 2, 5]
2225328:[1, 5, 4, 6, 7, 7, 9, 9, 6, 5]
2225614:[0, 4, 8, 8, 8, 8, 9, 0, 4, 1]
2226866:[4, 5, 3, 9, 4, 4, 1, 1, 4, 9]
2241973:[4, 5, 0, 3, 8, 4, 0, 8, 0, 5]
2267291:[1, 2, 3, 4, 9, 6, 7, 0, 8, 0]
2296181:[6, 7, 2, 3, 8, 1, 8, 0, 9, 5]
2296209:[1, 0, 2, 9, 6, 2, 4, 4, 1, 5]
2301270:[0, 9, 2, 8, 3, 0, 1, 2, 2, 2]
2309266:[7, 7, 3, 2, 0, 9, 6, 0, 3, 0]
2311623:[7, 5, 5, 8, 3, 3, 3, 1, 4, 7]
2317574:[5, 5, 0, 8, 0, 6, 1, 5, 5, 5]
2322757:[6, 8, 0, 6, 3, 1, 4, 9, 3, 5]
2345837:[7, 3, 5, 9, 1, 8, 8, 0, 0, 1]
2355850:[4, 6, 0, 7, 1, 1, 3, 0, 5, 9]
2363721:[7, 7, 6, 2, 8, 9, 2, 0, 7, 2]
2364769:[6, 4, 7, 7, 3, 8, 2, 6, 8, 1]
2371596:[1, 0, 1, 7, 3, 1, 3, 4, 0, 4]
2375347:[8, 1, 4, 3, 8, 9, 4, 3, 0, 1]
2375552:[4, 3, 7, 5, 2, 6, 8, 5, 7, 6]
23941:[7, 9, 8, 1, 0, 2, 2, 0, 4, 8]
2403421:[6, 2, 1, 5, 3, 7, 9, 4, 6, 0]
2404129:[8, 7, 7, 5, 5, 7, 9, 3, 6, 7]
2433003:[0, 0, 4, 0, 3, 9, 4, 7, 2, 0]
2440659:[8, 0, 8, 7, 5, 9, 3, 0, 7, 4]
2455087:[4, 9, 7, 3, 8, 2, 3, 8, 3, 0]
2456162:[8, 2, 7, 9, 2, 8, 0, 4, 0, 0]
2471174:[5, 8, 3, 6, 5, 3, 1, 3, 0, 5]
247337:[9, 3, 8, 0, 6, 8, 7, 3, 9, 0]
2480509:[0, 9, 1, 9, 8, 7, 3, 0, 4, 6]
2501093:[0, 2, 1, 0, 2, 0, 9, 7, 6, 2]
2512355:[8, 9, 1, 4, 9, 2, 2, 7, 5, 7]
2515292:[3, 9, 5, 5, 5, 0, 8, 8, 5, 5]
2555264:[6, 8, 5, 6, 9, 8, 5, 5, 9, 3]
2562680:[9, 7, 1, 0, 0, 5, 8, 2, 7, 0]
258239:[5, 4, 8, 9, 8, 3, 0, 3, 0, 4]
2587355:[4, 8, 7, 7, 9, 5, 9, 8, 8, 8]
2621820:[8, 9, 0, 0, 9, 6, 0, 3, 0, 8]
2625687:[3, 5, 3, 5, 1, 4, 2, 0, 0, 5]
262800:[6, 3, 2, 1, 8, 7, 9, 2, 2, 1]
2628249:[1, 6, 2, 3, 3, 4, 7, 7, 3, 9]
263217:[0, 0, 4, 7, 2, 7, 1, 0, 7, 1]
2634142:[4, 3, 2, 0, 8, 4, 0, 0, 4, 1]
2643127:[0, 0, 1, 9, 5, 2, 1, 0, 5, 7]
2672823:[8, 0, 0, 3, 0, 7, 4, 0, 6, 9]
2679238:[0, 0, 9, 7, 3, 9, 4, 7, 2, 4]
2700249:[4, 1, 8, 3, 8, 0, 4, 7, 9, 2]
270158:[9, 8, 3, 9, 6, 9, 0, 6, 4, 5]
2715487:[0, 4, 6, 2, 9, 9, 9, 5, 2, 9]
2721777:[6, 8, 3, 7, 9, 3, 8, 6, 2, 2]
2782746:[4, 2, 5, 3, 7, 7, 6, 0, 9, 0]
2785507:[9, 9, 8, 1, 8, 6, 6, 7, 8, 2]
2810217:[6, 9, 1, 0, 9, 1, 0, 7, 8, 6]
2814157:[8, 5, 8, 0, 8, 0, 9, 5, 9, 3]
2817739:[4, 6, 9, 2, 0, 6, 4, 6, 8, 5]
2828571:[1, 8, 3, 7, 3, 4, 7, 1, 1, 9]
2834859:[5, 3, 3, 7, 9, 5, 8, 5, 4, 0]
2841953:[2, 8, 7, 6, 0, 0, 0, 8, 5, 1]
2853324:[8, 3, 3, 1, 4, 5, 2, 5, 0, 0]
2856415:[7, 6, 7, 2, 8, 6, 6, 3, 5, 4]
2864341:[2, 7, 2, 3, 2, 3, 7, 7, 8, 5]
2867675:[9, 1, 2, 9, 5, 3, 0, 2, 5, 6]
2879972:[1, 5, 6, 5, 3, 6, 8, 7, 5, 6]
2894067:[5, 2, 3, 3, 6, 5, 1, 2, 3, 2]
2894496:[5, 8, 2, 4, 1, 7, 5, 5, 4, 9]
2904266:[5, 1, 6, 6, 1, 9, 0, 9, 2, 2]
2963954:[9, 4, 2, 5, 3, 2, 1, 0, 2, 7]
2969755:[3, 6, 0, 9, 2, 2, 6, 9, 3, 2]
2983019:[2, 9, 6, 5, 6, 3, 5, 8, 8, 0]
2985602:[4, 3, 1, 0, 0, 5, 4, 0, 0, 1]
2988015:[0, 8, 2, 0, 8, 1, 7, 3, 4, 7]
3015460:[0, 3, 4, 1, 9, 1, 6, 3, 0, 8]
3016844:[9, 5, 7, 2, 5, 9, 2, 0, 7, 0]
3020489:[2, 4, 6, 6, 9, 9, 7, 3, 4, 6]
302407:[6, 9, 3, 0, 6, 1, 1, 0, 9, 2]
3044295:[7, 0, 6, 7, 3, 3, 9, 2, 8, 9]
3045332:[0, 0, 3, 9, 4, 2, 7, 6, 7, 0]
3049323:[5, 9, 1, 3, 4, 0, 9, 5, 0, 4]
3053222:[0, 7, 6, 6, 1, 3, 0, 1, 9, 3]
3100504:[0, 8, 2, 0, 8, 1, 7, 3, 4, 7]
316420:[9, 8, 3, 2, 3, 3, 1, 8, 2, 5]
3173687:[0, 7, 6, 8, 8, 5, 7, 0, 4, 0]
3176266:[1, 5, 9, 3, 0, 4, 2, 7, 3, 9]
3183063:[7, 4, 6, 4, 2, 9, 4, 6, 8, 6]
3200702:[0, 3, 5, 2, 9, 5, 6, 0, 6, 5]
3216600:[8, 3, 3, 6, 0, 4, 9, 2, 5, 4]
3220940:[1, 6, 3, 8, 8, 8, 8, 3, 8, 9]
3261558:[6, 9, 3, 9, 8, 9, 4, 7, 6, 0]
3263249:[3, 4, 5, 6, 7, 0, 2, 3, 4, 6]
338513:[3, 9, 3, 3, 4, 8, 1, 4, 1, 6]
342330:[0, 1, 7, 2, 4, 1, 4, 4, 6, 4]
356509:[4, 2, 5, 2, 5, 1, 6, 0, 1, 2]
3607:[8, 1, 5, 7, 4, 2, 4, 3, 2, 1]
37187:[4, 3, 7, 6, 4, 8, 4, 8, 6, 2]
374846:[0, 4, 6, 4, 2, 0, 6, 6, 8, 5]
381065:[8, 1, 3, 7, 5, 7, 9, 5, 3, 7]
4120:[8, 8, 5, 5, 7, 7, 7, 2, 6, 7]
412918:[0, 9, 1, 9, 5, 0, 5, 4, 9, 7]
426153:[6, 4, 3, 6, 2, 1, 5, 8, 9, 9]
456615:[4, 9, 1, 0, 9, 3, 2, 6, 6, 3]
457696:[5, 9, 3, 2, 6, 6, 8, 4, 6, 8]
467104:[3, 4, 3, 9, 0, 6, 4, 3, 5, 7]
477025:[9, 0, 7, 0, 2, 9, 2, 9, 1, 4]
488865:[6, 0, 6, 2, 2, 8, 8, 3, 0, 8]
494827:[0, 9, 8, 9, 4, 5, 9, 7, 9, 6]
514910:[6, 2, 7, 9, 9, 2, 3, 5, 4, 9]
535472:[3, 1, 8, 9, 8, 3, 1, 0, 8, 0]
536158:[6, 8, 3, 7, 1, 9, 1, 4, 0, 0]
56800:[0, 0, 2, 4, 5, 6, 7, 7, 6, 2]
577274:[2, 5, 9, 0, 6, 9, 8, 6, 4, 7]
587538:[0, 2, 3, 9, 8, 8, 0, 3, 4, 5]
59192:[6, 6, 6, 0, 2, 7, 9, 1, 4, 9]
600770:[6, 6, 2, 6, 5, 5, 8, 4, 0, 9]
610617:[2, 1, 6, 5, 6, 1, 9, 9, 6, 8]
61950:[5, 7, 5, 3, 0, 2, 0, 0, 5, 6]
619627:[3, 8, 2, 3, 7, 6, 6, 3, 0, 2]
65796:[0, 8, 3, 9, 5, 9, 8, 0, 5, 6]
669901:[0, 3, 5, 9, 1, 3, 1, 6, 5, 9]
717181:[2, 3, 6, 2, 9, 3, 7, 0, 7, 5]
731898:[7, 6, 3, 8, 8, 9, 6, 3, 7, 0]
775200:[8, 7, 0, 5, 1, 4, 0, 3, 2, 1]
775948:[3, 4, 6, 0, 1, 1, 4, 1, 2, 2]
782539:[0, 4, 6, 0, 8, 3, 9, 5, 4, 7]
787711:[0, 7, 0, 8, 5, 7, 4, 1, 1, 7]
799025:[6, 7, 1, 1, 6, 9, 1, 0, 6, 0]
820921:[7, 5, 4, 8, 5, 8, 6, 9, 2, 5]
827199:[0, 4, 4, 2, 5, 6, 4, 3, 0, 1]
828028:[8, 8, 5, 7, 1, 1, 7, 4, 0, 3]
830411:[1, 4, 7, 5, 9, 9, 0, 9, 2, 2]
831545:[8, 2, 7, 1, 7, 6, 4, 7, 5, 4]
835077:[7, 4, 7, 0, 8, 9, 4, 1, 6, 9]
853625:[3, 5, 4, 8, 0, 7, 5, 2, 2, 3]
86466:[6, 4, 2, 6, 8, 6, 5, 0, 0, 6]
865789:[0, 3, 6, 2, 8, 9, 4, 0, 6, 6]
870225:[3, 1, 7, 1, 3, 2, 7, 8, 2, 0]
883579:[8, 1, 6, 7, 4, 9, 0, 3, 4, 4]
901555:[7, 4, 7, 4, 4, 5, 6, 0, 2, 7]
906696:[7, 5, 5, 8, 1, 6, 1, 4, 4, 8]
914538:[9, 8, 5, 8, 5, 7, 4, 3, 8, 6]
946237:[4, 9, 8, 8, 2, 8, 2, 3, 9, 9]
