1195450:[7, 1, 6, 7, 4, 5, 2, 6, 7, 0]
1399728:[2, 8, 8, 7, 9, 2, 4, 3, 3, 4]
1568324:[5, 5, 1, 7, 8, 4, 9, 0, 4, 2]
1691216:[1, 0, 5, 2, 4, 2, 4, 1, 1, 8]
1743875:[8, 6, 8, 1, 5, 6, 6, 8, 4, 3]
1793526:[5, 5, 5, 5, 5, 7, 4, 8, 7, 6]
2012301:[8, 6, 7, 1, 8, 5, 7, 4, 0, 3]
2161646:[1, 0, 8, 2, 7, 0, 7, 5, 6, 2]
2525927:[5, 2, 1, 5, 1, 0, 8, 0, 1, 9]
265247:[6, 5, 3, 2, 7, 9, 4, 6, 1, 6]
2783991:[5, 3, 5, 1, 0, 1, 7, 4, 4, 5]
2884205:[6, 8, 9, 4, 4, 9, 1, 9, 4, 9]
2910858:[8, 9, 8, 5, 7, 2, 5, 3, 2, 3]
298823:[6, 4, 7, 2, 4, 3, 8, 6, 0, 7]
3013346:[4, 3, 0, 6, 8, 6, 6, 0, 9, 8]
3170585:[2, 7, 0, 0, 4, 5, 1, 5, 0, 9]
3172639:[9, 2, 4, 1, 1, 2, 4, 4, 7, 3]
3205482:[1, 3, 9, 9, 0, 4, 6, 5, 1, 1]
3259016:[1, 3, 9, 9, 5, 4, 1, 9, 3, 8]
373960:[6, 9, 9, 8, 4, 6, 6, 0, 0, 8]
498820:[3, 8, 9, 0, 0, 3, 2, 9, 7, 7]
713410:[7, 4, 7, 9, 5, 4, 9, 3, 2, 6]
727001:[5, 6, 7, 8, 0, 6, 4, 4, 3, 9]
759745:[8, 1, 9, 7, 5, 5, 7, 2, 6, 3]
772189:[0, 6, 4, 2, 2, 6, 5, 9, 7, 2]
783078:[3, 2, 7, 7, 9, 3, 1, 8, 6, 0]
943656:[0, 4, 7, 5, 9, 4, 3, 9, 8, 8]
950110:[0, 2, 6, 7, 3, 1, 3, 1, 2, 3]
