1000145:[0, 5, 0, 5, 9, 9, 7, 6, 3, 1]
1002577:[1, 3, 8, 7, 8, 8, 3, 4, 6, 8]
1004459:[5, 3, 4, 8, 1, 5, 5, 8, 9, 6]
1005874:[4, 2, 4, 9, 3, 4, 7, 3, 6, 6]
1006530:[4, 7, 8, 8, 9, 7, 4, 0, 6, 5]
1006940:[1, 3, 8, 4, 0, 8, 4, 2, 5, 7]
100766:[8, 7, 5, 5, 0, 0, 8, 4, 8, 2]
1009756:[8, 4, 0, 1, 3, 8, 7, 6, 2, 0]
100993:[6, 1, 4, 8, 0, 3, 4, 0, 3, 7]
1010643:[9, 9, 1, 3, 2, 7, 3, 0, 4, 6]
1012223:[1, 4, 2, 8, 3, 5, 1, 0, 7, 8]
1012429:[9, 3, 0, 3, 2, 7, 0, 9, 9, 1]
1014028:[7, 2, 4, 9, 6, 4, 0, 0, 9, 6]
1014069:[1, 2, 7, 0, 1, 8, 5, 9, 3, 1]
101508:[2, 2, 4, 1, 3, 7, 1, 8, 3, 3]
1016567:[6, 8, 1, 4, 3, 5, 2, 9, 5, 5]
1020140:[4, 8, 9, 4, 2, 2, 9, 5, 0, 5]
1020148:[6, 6, 5, 5, 7, 1, 1, 6, 9, 3]
1022756:[0, 1, 7, 9, 1, 3, 1, 8, 0, 2]
1024545:[8, 4, 4, 1, 9, 1, 9, 4, 5, 3]
1024753:[2, 2, 9, 7, 6, 0, 9, 7, 3, 4]
1025505:[4, 1, 0, 9, 8, 1, 1, 1, 0, 2]
1027877:[9, 2, 0, 9, 2, 6, 4, 9, 0, 0]
1028279:[5, 0, 1, 2, 7, 5, 3, 4, 9, 6]
1030502:[4, 7, 6, 4, 4, 8, 1, 4, 4, 8]
1031596:[3, 0, 5, 6, 9, 6, 9, 9, 9, 9]
1032337:[4, 4, 1, 1, 7, 0, 2, 7, 4, 6]
1033110:[2, 9, 7, 2, 8, 2, 6, 0, 6, 4]
1033395:[4, 5, 3, 8, 1, 9, 2, 3, 3, 6]
103347:[7, 9, 8, 0, 0, 0, 5, 6, 2, 7]
1038999:[1, 5, 9, 2, 5, 2, 7, 0, 6, 0]
104053:[4, 8, 2, 1, 6, 6, 5, 2, 3, 1]
1040825:[5, 4, 9, 3, 1, 4, 8, 2, 8, 6]
1041287:[8, 2, 7, 9, 7, 7, 5, 1, 9, 6]
104347:[5, 9, 4, 7, 5, 9, 0, 1, 7, 6]
104384:[8, 5, 1, 9, 3, 3, 5, 1, 6, 3]
1044624:[4, 5, 4, 1, 0, 2, 7, 2, 3, 9]
1045172:[7, 4, 7, 7, 8, 4, 5, 1, 4, 9]
1046433:[5, 7, 9, 3, 9, 8, 0, 4, 4, 6]
1046819:[0, 9, 3, 2, 2, 6, 3, 6, 0, 9]
1048354:[9, 6, 1, 9, 3, 9, 4, 8, 8, 9]
1049106:[9, 2, 7, 1, 5, 3, 1, 0, 3, 1]
1050084:[9, 7, 5, 0, 3, 5, 6, 9, 1, 9]
1050375:[2, 7, 7, 7, 0, 6, 8, 0, 9, 6]
1051696:[1, 9, 8, 0, 4, 9, 5, 1, 6, 1]
105244:[6, 7, 1, 1, 8, 9, 5, 7, 4, 5]
1053865:[0, 7, 1, 3, 8, 0, 1, 0, 4, 4]
1054767:[0, 6, 9, 3, 4, 0, 1, 2, 1, 7]
1054840:[2, 3, 0, 4, 0, 6, 1, 8, 0, 2]
1055154:[6, 8, 5, 1, 4, 0, 2, 9, 9, 3]
1055172:[4, 0, 4, 1, 3, 9, 9, 9, 8, 1]
1055706:[5, 0, 3, 1, 6, 4, 9, 2, 1, 7]
1057559:[6, 1, 8, 3, 5, 1, 9, 8, 6, 7]
1057704:[8, 7, 7, 3, 6, 4, 6, 7, 0, 6]
1058558:[0, 2, 6, 4, 7, 4, 1, 3, 1, 9]
1059976:[4, 6, 2, 9, 5, 8, 8, 3, 1, 6]
10625:[3, 6, 5, 8, 4, 5, 9, 3, 1, 5]
1066842:[6, 4, 0, 3, 1, 0, 8, 6, 5, 7]
1068132:[7, 8, 5, 7, 3, 5, 7, 6, 0, 9]
1068936:[4, 6, 3, 2, 1, 1, 6, 0, 1, 9]
1071257:[4, 9, 7, 2, 6, 8, 8, 5, 0, 4]
1071513:[3, 1, 8, 8, 9, 4, 5, 7, 8, 7]
1074091:[0, 0, 5, 2, 6, 2, 6, 4, 0, 6]
1075682:[3, 2, 7, 8, 3, 4, 1, 2, 1, 4]
1076236:[4, 7, 0, 8, 0, 2, 1, 5, 4, 9]
1076238:[8, 4, 5, 3, 9, 0, 9, 3, 1, 8]
1077255:[0, 7, 0, 6, 9, 6, 0, 5, 8, 8]
1082442:[9, 3, 2, 7, 7, 7, 7, 7, 6, 4]
1083052:[4, 2, 1, 2, 0, 9, 9, 6, 2, 7]
1083084:[4, 9, 1, 4, 8, 0, 6, 9, 5, 5]
1083738:[5, 4, 2, 8, 9, 8, 4, 3, 4, 8]
1085326:[1, 9, 7, 5, 6, 1, 2, 7, 3, 8]
1085517:[6, 1, 6, 5, 4, 6, 3, 7, 9, 9]
108585:[1, 1, 7, 5, 4, 4, 0, 8, 7, 0]
1086260:[9, 6, 7, 8, 0, 5, 0, 5, 1, 8]
1086709:[1, 9, 5, 5, 9, 9, 6, 4, 1, 3]
108753:[5, 6, 0, 5, 9, 9, 7, 6, 3, 9]
108754:[2, 2, 9, 1, 1, 5, 9, 5, 3, 5]
1088013:[3, 0, 6, 2, 2, 3, 1, 4, 4, 2]
1089534:[2, 9, 4, 3, 4, 9, 9, 1, 8, 5]
1090854:[9, 0, 5, 0, 6, 8, 1, 4, 5, 4]
1091069:[0, 6, 6, 7, 9, 3, 3, 6, 8, 1]
1091111:[5, 5, 4, 9, 2, 6, 7, 6, 2, 0]
1091903:[3, 6, 4, 7, 7, 2, 5, 6, 7, 8]
1094440:[0, 2, 8, 5, 9, 2, 2, 7, 4, 3]
1095838:[9, 3, 3, 1, 2, 8, 2, 0, 5, 8]
109585:[7, 4, 7, 7, 7, 2, 3, 1, 3, 4]
1096078:[5, 5, 1, 3, 9, 2, 5, 6, 4, 9]
109613:[5, 8, 6, 5, 1, 2, 0, 9, 2, 4]
1097608:[0, 5, 0, 8, 6, 7, 9, 2, 3, 7]
1098573:[2, 8, 6, 7, 8, 4, 2, 5, 7, 7]
1098682:[1, 2, 2, 4, 6, 1, 8, 1, 3, 4]
110005:[8, 7, 5, 9, 2, 4, 6, 5, 7, 0]
1100651:[4, 8, 9, 6, 1, 8, 9, 7, 2, 1]
1101484:[0, 4, 6, 5, 1, 7, 9, 9, 2, 9]
1101728:[1, 5, 9, 2, 6, 8, 1, 7, 2, 4]
1102618:[9, 7, 2, 8, 7, 9, 1, 0, 3, 0]
1103065:[8, 1, 9, 7, 9, 1, 9, 5, 7, 5]
1103951:[8, 6, 9, 6, 3, 3, 8, 1, 0, 4]
1104202:[8, 9, 5, 1, 5, 5, 3, 9, 9, 8]
1104250:[9, 9, 1, 1, 5, 4, 8, 3, 5, 6]
1104950:[7, 5, 3, 5, 3, 7, 8, 5, 5, 4]
1106699:[9, 9, 0, 6, 2, 6, 6, 0, 1, 1]
1106868:[6, 8, 0, 9, 1, 9, 3, 5, 3, 5]
1107537:[0, 8, 4, 3, 5, 6, 8, 1, 6, 5]
110879:[0, 0, 4, 9, 6, 5, 9, 8, 8, 8]
1110944:[6, 1, 7, 1, 9, 5, 3, 2, 0, 3]
1112060:[7, 0, 4, 9, 4, 8, 2, 8, 1, 7]
1113374:[1, 9, 1, 1, 3, 8, 5, 1, 8, 6]
1114115:[3, 5, 9, 5, 0, 2, 8, 7, 4, 8]
1114670:[1, 3, 5, 2, 9, 9, 9, 4, 0, 8]
1114939:[5, 6, 5, 8, 5, 9, 1, 8, 5, 7]
1115049:[1, 8, 9, 5, 3, 2, 8, 6, 6, 3]
1116889:[8, 5, 5, 7, 4, 4, 4, 5, 5, 3]
111707:[7, 5, 4, 6, 8, 5, 8, 6, 9, 6]
1117628:[1, 3, 5, 6, 3, 4, 4, 4, 2, 2]
1119916:[8, 6, 6, 6, 9, 0, 9, 5, 7, 7]
1121265:[2, 1, 2, 7, 8, 3, 8, 6, 7, 8]
1122560:[5, 3, 2, 3, 0, 6, 7, 3, 2, 4]
1124782:[0, 6, 0, 9, 2, 1, 9, 7, 4, 1]
1126020:[9, 0, 3, 2, 8, 0, 5, 8, 4, 8]
1126529:[5, 2, 5, 2, 3, 6, 0, 2, 8, 9]
112727:[7, 8, 1, 3, 5, 5, 5, 1, 9, 0]
113053:[4, 0, 2, 9, 1, 6, 7, 2, 8, 5]
1132048:[1, 3, 9, 0, 4, 4, 7, 1, 3, 4]
1136416:[0, 9, 8, 4, 7, 6, 9, 4, 5, 1]
113873:[1, 8, 1, 2, 6, 0, 7, 7, 2, 0]
1138925:[9, 3, 9, 9, 8, 5, 4, 3, 2, 8]
1139268:[0, 9, 8, 9, 7, 2, 4, 3, 2, 5]
1139856:[5, 1, 6, 5, 9, 0, 4, 3, 9, 2]
1141123:[1, 2, 1, 7, 3, 1, 2, 2, 5, 5]
1142714:[5, 7, 7, 5, 2, 8, 5, 0, 6, 8]
1142885:[5, 1, 9, 2, 6, 0, 8, 9, 2, 8]
1146073:[9, 6, 2, 8, 4, 6, 6, 4, 1, 5]
1146859:[9, 8, 2, 9, 3, 2, 0, 8, 0, 6]
114697:[2, 7, 8, 8, 9, 4, 0, 5, 7, 7]
1150463:[9, 9, 1, 1, 3, 7, 9, 4, 4, 3]
1151395:[4, 5, 1, 9, 1, 9, 5, 6, 3, 5]
1152401:[5, 3, 6, 5, 0, 5, 7, 5, 7, 6]
1152931:[3, 3, 9, 9, 0, 6, 8, 3, 0, 6]
1153091:[8, 7, 8, 5, 5, 7, 0, 1, 9, 9]
1153646:[2, 9, 6, 5, 4, 8, 3, 1, 5, 8]
1155045:[9, 7, 0, 7, 1, 9, 0, 4, 3, 7]
1155307:[4, 5, 8, 0, 8, 3, 8, 4, 0, 3]
1156452:[6, 9, 5, 8, 5, 7, 4, 9, 9, 9]
1157458:[0, 6, 0, 0, 8, 2, 7, 8, 7, 5]
1159134:[3, 0, 6, 4, 4, 1, 1, 6, 8, 4]
1159154:[3, 6, 3, 2, 0, 4, 2, 2, 0, 7]
1159699:[8, 5, 0, 6, 6, 2, 0, 3, 0, 7]
1160303:[2, 6, 4, 5, 3, 6, 1, 2, 2, 5]
1161723:[9, 6, 3, 1, 9, 3, 6, 6, 1, 7]
1163722:[6, 8, 1, 4, 4, 9, 8, 3, 2, 9]
1164255:[4, 9, 7, 9, 3, 1, 9, 6, 8, 6]
1164824:[0, 1, 3, 6, 4, 9, 3, 1, 6, 2]
1164857:[9, 7, 3, 2, 1, 8, 5, 9, 9, 0]
1167170:[8, 3, 0, 1, 0, 4, 9, 0, 1, 9]
1167753:[7, 0, 8, 9, 9, 7, 1, 6, 6, 9]
1168937:[5, 0, 2, 7, 9, 0, 8, 3, 3, 9]
1169664:[1, 2, 6, 5, 3, 6, 8, 8, 8, 6]
1170474:[4, 1, 9, 8, 3, 8, 2, 0, 8, 5]
1171340:[1, 6, 4, 3, 7, 1, 5, 5, 0, 1]
1171871:[3, 7, 6, 9, 0, 8, 2, 1, 4, 3]
1173237:[7, 2, 6, 2, 4, 1, 7, 5, 9, 6]
1174104:[2, 2, 6, 1, 9, 1, 0, 2, 2, 0]
1174252:[9, 3, 1, 4, 5, 1, 2, 9, 1, 4]
1174837:[4, 6, 9, 1, 0, 6, 9, 8, 2, 4]
1175617:[2, 3, 7, 8, 5, 6, 7, 6, 0, 6]
1175856:[2, 3, 4, 0, 8, 4, 5, 5, 5, 3]
1176602:[4, 8, 0, 0, 4, 4, 9, 2, 8, 0]
1176675:[2, 1, 7, 7, 4, 5, 8, 8, 1, 5]
1178123:[1, 3, 1, 8, 8, 9, 3, 8, 0, 0]
1178367:[1, 0, 2, 7, 6, 7, 6, 9, 7, 5]
117880:[3, 2, 5, 0, 6, 0, 7, 9, 4, 5]
1179649:[2, 4, 8, 7, 1, 1, 4, 1, 9, 1]
1180705:[2, 8, 0, 8, 7, 6, 7, 9, 8, 4]
118128:[0, 7, 2, 5, 2, 8, 6, 6, 3, 6]
1186238:[1, 5, 4, 1, 3, 1, 9, 8, 7, 3]
1186307:[5, 2, 8, 5, 5, 1, 0, 3, 6, 7]
1186408:[3, 0, 1, 7, 8, 8, 9, 1, 8, 8]
1191612:[6, 7, 8, 1, 8, 4, 1, 2, 4, 0]
1192096:[5, 0, 9, 0, 3, 1, 9, 6, 4, 6]
1192179:[0, 5, 1, 6, 5, 4, 1, 4, 2, 9]
1194157:[1, 7, 5, 0, 7, 7, 2, 1, 3, 5]
1194275:[5, 3, 5, 3, 8, 5, 1, 7, 3, 5]
1195372:[4, 4, 2, 8, 8, 5, 0, 1, 0, 4]
1197601:[7, 6, 7, 1, 3, 3, 6, 9, 0, 4]
1198214:[2, 4, 9, 7, 7, 4, 1, 7, 4, 1]
1198658:[1, 3, 0, 1, 5, 6, 1, 0, 3, 5]
1200017:[9, 6, 7, 7, 1, 6, 8, 8, 6, 8]
1205565:[4, 6, 1, 9, 6, 1, 3, 9, 8, 1]
1206964:[3, 3, 4, 6, 6, 2, 1, 6, 4, 1]
1207474:[2, 7, 3, 8, 0, 9, 9, 8, 6, 6]
1208551:[4, 1, 9, 6, 2, 1, 8, 7, 5, 5]
1209452:[2, 1, 3, 5, 7, 2, 8, 4, 4, 0]
121408:[7, 7, 5, 8, 2, 6, 2, 8, 0, 0]
121697:[6, 7, 7, 9, 7, 7, 8, 1, 5, 4]
1217987:[6, 8, 0, 5, 4, 2, 7, 0, 6, 5]
1218277:[4, 8, 4, 5, 3, 2, 7, 1, 3, 6]
1218629:[3, 9, 3, 5, 2, 8, 1, 1, 2, 7]
121922:[0, 6, 7, 8, 7, 0, 6, 9, 6, 5]
1220493:[7, 3, 4, 7, 3, 0, 7, 3, 1, 0]
1222295:[0, 7, 4, 0, 4, 8, 0, 9, 2, 6]
1223282:[8, 4, 1, 1, 3, 6, 8, 5, 2, 9]
1223922:[0, 3, 0, 1, 5, 0, 1, 9, 5, 1]
1224010:[6, 5, 4, 0, 8, 8, 4, 2, 7, 6]
1225268:[5, 8, 3, 5, 4, 7, 5, 1, 4, 1]
1228678:[8, 2, 0, 6, 2, 7, 0, 2, 1, 9]
1229763:[8, 4, 2, 5, 6, 6, 3, 1, 2, 4]
1230966:[9, 4, 6, 7, 8, 8, 4, 6, 7, 1]
1232015:[1, 0, 8, 7, 7, 8, 0, 4, 0, 5]
1232528:[5, 1, 4, 5, 8, 2, 3, 3, 1, 7]
123345:[5, 0, 9, 0, 6, 8, 0, 6, 4, 7]
1236532:[6, 7, 9, 2, 0, 0, 2, 1, 5, 3]
1237912:[1, 5, 7, 9, 1, 9, 4, 9, 8, 5]
1240600:[4, 4, 8, 2, 9, 6, 9, 8, 1, 0]
124158:[8, 8, 6, 5, 4, 8, 0, 9, 2, 6]
1241757:[2, 7, 0, 1, 7, 2, 7, 5, 9, 6]
1242139:[1, 8, 8, 8, 3, 6, 7, 5, 2, 0]
1243406:[8, 1, 8, 0, 6, 4, 4, 8, 8, 2]
1243887:[4, 6, 2, 1, 6, 7, 9, 8, 5, 0]
1244168:[2, 9, 5, 3, 2, 8, 2, 1, 0, 2]
1245305:[6, 6, 1, 5, 7, 2, 8, 6, 2, 7]
124571:[8, 4, 4, 8, 5, 5, 9, 8, 2, 5]
1246679:[2, 5, 9, 5, 2, 8, 3, 9, 4, 8]
1247111:[5, 9, 2, 3, 6, 6, 7, 2, 2, 5]
1247717:[4, 5, 2, 3, 5, 8, 2, 6, 0, 7]
1247724:[4, 6, 6, 2, 2, 9, 2, 2, 4, 6]
1249927:[9, 7, 5, 6, 1, 2, 8, 5, 0, 6]
1250488:[4, 2, 7, 1, 8, 4, 1, 8, 2, 2]
1251737:[9, 4, 0, 9, 3, 6, 1, 0, 2, 9]
1251941:[7, 5, 6, 7, 3, 2, 0, 1, 6, 9]
1252542:[4, 4, 6, 2, 9, 0, 5, 9, 5, 6]
1253445:[0, 7, 7, 6, 8, 2, 5, 3, 0, 1]
1254202:[5, 9, 7, 2, 9, 5, 4, 1, 9, 6]
1256063:[8, 9, 3, 1, 7, 0, 8, 9, 0, 2]
1256212:[7, 3, 0, 4, 4, 4, 4, 3, 9, 3]
1256363:[9, 0, 9, 1, 7, 4, 0, 5, 8, 5]
1257172:[2, 7, 9, 3, 0, 3, 8, 8, 1, 0]
1257269:[3, 4, 2, 5, 8, 7, 6, 4, 8, 8]
1258836:[2, 8, 5, 0, 6, 9, 7, 4, 7, 5]
1258849:[0, 0, 5, 2, 6, 2, 6, 4, 0, 6]
1258984:[7, 3, 9, 2, 3, 6, 8, 4, 2, 8]
1261898:[7, 4, 7, 4, 4, 1, 1, 1, 9, 9]
1261996:[6, 6, 1, 2, 8, 6, 9, 5, 1, 0]
1262605:[6, 1, 4, 4, 4, 6, 1, 7, 6, 9]
126260:[1, 2, 9, 5, 9, 6, 6, 2, 0, 6]
1263230:[7, 9, 6, 9, 9, 8, 1, 9, 4, 7]
126429:[4, 2, 3, 9, 0, 0, 2, 5, 1, 2]
1266003:[6, 2, 6, 3, 3, 8, 0, 0, 2, 9]
126911:[8, 2, 5, 5, 3, 9, 9, 3, 7, 0]
1271390:[2, 4, 9, 5, 7, 9, 0, 3, 5, 8]
1271765:[2, 4, 1, 7, 3, 9, 1, 9, 4, 9]
1271850:[1, 4, 4, 7, 6, 6, 0, 5, 4, 7]
1273306:[4, 4, 2, 8, 6, 9, 1, 3, 3, 4]
1273494:[3, 7, 5, 4, 3, 3, 8, 1, 4, 8]
1274295:[5, 1, 9, 0, 7, 5, 5, 2, 9, 2]
1274695:[6, 6, 1, 2, 1, 3, 3, 7, 2, 1]
1278590:[3, 7, 9, 2, 8, 8, 7, 8, 2, 6]
1279657:[6, 1, 7, 3, 3, 4, 0, 3, 0, 7]
127976:[2, 6, 7, 9, 2, 7, 0, 4, 6, 0]
1280430:[5, 1, 2, 9, 7, 8, 4, 6, 7, 3]
1281536:[9, 0, 7, 2, 6, 0, 3, 2, 9, 3]
1281702:[4, 4, 6, 1, 5, 8, 8, 6, 3, 3]
1282297:[1, 9, 7, 5, 4, 0, 2, 2, 3, 1]
1284259:[0, 1, 5, 1, 0, 1, 9, 8, 0, 2]
1284522:[0, 5, 7, 8, 7, 6, 3, 9, 7, 5]
1284555:[6, 4, 3, 9, 1, 9, 7, 0, 7, 5]
1286990:[4, 3, 9, 5, 6, 0, 4, 9, 4, 0]
1289818:[4, 2, 1, 0, 8, 1, 3, 7, 9, 5]
1290034:[7, 9, 3, 1, 9, 3, 9, 0, 8, 6]
1291686:[4, 5, 4, 4, 9, 0, 4, 8, 8, 3]
1291946:[6, 1, 1, 1, 7, 9, 8, 1, 5, 0]
1293435:[7, 3, 4, 8, 1, 2, 9, 9, 0, 0]
1294110:[0, 3, 6, 4, 6, 6, 9, 7, 1, 4]
1295014:[9, 2, 0, 1, 9, 1, 5, 1, 3, 5]
1295419:[0, 0, 2, 6, 7, 4, 3, 6, 0, 0]
1297145:[7, 7, 9, 2, 1, 6, 6, 1, 4, 4]
1297870:[6, 2, 4, 3, 1, 9, 4, 4, 6, 6]
129929:[2, 0, 8, 3, 5, 1, 4, 7, 1, 7]
1302741:[4, 0, 0, 2, 4, 7, 7, 0, 4, 4]
1304849:[4, 9, 3, 1, 7, 4, 2, 5, 7, 1]
1305223:[9, 7, 7, 2, 6, 0, 7, 1, 3, 2]
1306262:[8, 6, 5, 0, 5, 3, 5, 4, 7, 6]
1308905:[4, 1, 3, 1, 0, 7, 8, 9, 9, 1]
130906:[2, 9, 7, 4, 7, 4, 3, 9, 3, 1]
1309337:[2, 0, 5, 5, 9, 5, 4, 0, 3, 3]
1310623:[5, 5, 6, 9, 5, 6, 1, 6, 0, 8]
1313595:[8, 0, 4, 7, 9, 7, 4, 5, 2, 3]
1315951:[8, 2, 9, 6, 2, 7, 1, 4, 5, 7]
1317349:[7, 2, 7, 8, 3, 8, 2, 0, 8, 8]
1319399:[2, 3, 0, 9, 2, 7, 8, 4, 8, 6]
1320182:[6, 9, 6, 1, 6, 7, 5, 5, 4, 6]
1324891:[9, 3, 0, 3, 9, 7, 7, 1, 7, 4]
1325955:[9, 6, 8, 8, 8, 6, 2, 3, 0, 8]
13288:[9, 2, 1, 2, 8, 5, 2, 3, 6, 5]
1329903:[1, 7, 0, 7, 4, 2, 7, 3, 2, 5]
1330396:[1, 0, 1, 8, 0, 9, 8, 7, 3, 7]
1330520:[5, 3, 6, 9, 3, 5, 4, 5, 9, 7]
1333435:[0, 9, 1, 9, 4, 3, 7, 4, 4, 4]
133587:[8, 3, 2, 9, 6, 4, 3, 2, 7, 5]
1337373:[8, 9, 3, 9, 5, 0, 8, 3, 9, 4]
1337924:[5, 0, 3, 1, 7, 8, 9, 3, 5, 1]
1338130:[9, 8, 7, 0, 5, 7, 4, 2, 5, 9]
1338298:[5, 5, 7, 7, 9, 4, 5, 6, 3, 1]
1338913:[2, 2, 1, 6, 6, 7, 5, 6, 2, 8]
1342249:[9, 3, 7, 5, 4, 3, 3, 5, 5, 8]
134283:[6, 2, 4, 6, 3, 3, 1, 1, 6, 4]
1343803:[6, 8, 8, 2, 8, 6, 3, 2, 3, 2]
1345501:[4, 7, 6, 3, 1, 4, 2, 5, 3, 1]
1347623:[4, 8, 7, 0, 9, 2, 4, 2, 2, 4]
1347685:[7, 1, 6, 9, 2, 7, 5, 1, 1, 4]
1347825:[1, 0, 2, 2, 5, 1, 7, 5, 7, 6]
1348165:[0, 0, 4, 6, 2, 2, 0, 8, 3, 0]
1349252:[8, 0, 4, 6, 6, 4, 0, 0, 3, 1]
1350043:[9, 7, 5, 1, 3, 2, 1, 9, 8, 8]
1351774:[2, 7, 2, 9, 9, 1, 8, 6, 5, 1]
1354720:[1, 0, 8, 7, 3, 9, 0, 3, 0, 9]
1355530:[8, 0, 9, 4, 8, 2, 4, 5, 9, 8]
1356335:[4, 4, 8, 9, 3, 9, 7, 4, 9, 8]
1356712:[8, 0, 3, 5, 6, 1, 9, 6, 8, 9]
135824:[8, 2, 1, 3, 3, 7, 8, 8, 4, 7]
1358530:[4, 5, 7, 6, 1, 6, 4, 8, 1, 4]
135859:[1, 6, 9, 1, 4, 4, 8, 5, 3, 6]
1359350:[8, 0, 0, 6, 6, 5, 7, 8, 8, 8]
1359996:[4, 9, 3, 9, 4, 5, 7, 4, 5, 6]
1360274:[5, 3, 1, 5, 6, 4, 7, 6, 6, 8]
1362814:[8, 3, 4, 3, 5, 5, 2, 3, 3, 8]
1364572:[7, 9, 0, 9, 7, 4, 7, 6, 5, 8]
1366462:[6, 3, 5, 4, 5, 0, 9, 7, 7, 6]
136781:[5, 3, 7, 5, 6, 4, 8, 4, 2, 7]
1369294:[2, 2, 4, 5, 5, 5, 5, 5, 7, 6]
1370151:[1, 1, 4, 9, 6, 3, 5, 2, 3, 4]
1371945:[8, 4, 1, 0, 8, 6, 0, 7, 6, 4]
137211:[6, 9, 5, 8, 7, 4, 3, 0, 0, 1]
1374095:[3, 5, 1, 9, 6, 5, 9, 4, 4, 5]
1374586:[8, 1, 2, 4, 6, 9, 7, 0, 1, 4]
1377295:[8, 5, 5, 8, 8, 9, 5, 0, 5, 6]
1377483:[8, 2, 2, 7, 6, 2, 1, 6, 2, 9]
1377539:[8, 4, 4, 0, 1, 6, 7, 2, 1, 5]
1378884:[4, 8, 6, 5, 8, 2, 7, 3, 4, 0]
137918:[2, 0, 6, 9, 2, 8, 6, 3, 9, 8]
1380471:[3, 2, 3, 3, 9, 4, 1, 0, 1, 4]
1381030:[6, 4, 4, 9, 9, 9, 3, 8, 2, 6]
1383656:[7, 4, 3, 5, 8, 8, 9, 7, 4, 5]
1384674:[9, 4, 0, 9, 3, 6, 8, 7, 1, 0]
1386300:[4, 0, 8, 7, 2, 4, 0, 3, 5, 8]
1386870:[8, 3, 7, 5, 2, 2, 5, 6, 2, 4]
1387136:[9, 4, 0, 9, 3, 6, 8, 7, 1, 0]
1388016:[3, 3, 9, 0, 6, 4, 1, 0, 0, 4]
1389335:[2, 4, 7, 9, 0, 3, 7, 0, 0, 7]
1389422:[2, 7, 5, 2, 6, 9, 4, 1, 9, 0]
1390782:[1, 2, 4, 9, 5, 7, 5, 8, 2, 7]
1391727:[9, 9, 3, 3, 3, 4, 9, 8, 4, 2]
1392413:[4, 5, 9, 6, 2, 8, 1, 5, 2, 0]
1393479:[5, 9, 1, 4, 1, 6, 9, 0, 9, 1]
1393759:[2, 1, 2, 8, 2, 0, 7, 2, 2, 1]
1395084:[8, 9, 1, 1, 5, 9, 8, 7, 3, 6]
1395226:[6, 4, 1, 5, 0, 9, 8, 9, 1, 4]
1396002:[1, 9, 3, 0, 4, 8, 5, 3, 5, 1]
1396502:[8, 0, 7, 4, 3, 2, 9, 7, 5, 7]
1397557:[7, 9, 2, 9, 0, 4, 8, 6, 2, 7]
1397904:[5, 2, 0, 1, 4, 5, 5, 4, 3, 0]
1401655:[5, 0, 7, 0, 4, 0, 9, 4, 1, 5]
1401978:[4, 8, 1, 8, 5, 8, 4, 9, 4, 8]
1403181:[8, 7, 9, 8, 4, 4, 4, 2, 4, 0]
140437:[5, 0, 4, 2, 4, 6, 5, 1, 5, 6]
1405999:[4, 5, 8, 1, 5, 7, 6, 4, 2, 9]
1406828:[1, 5, 8, 0, 3, 2, 0, 9, 0, 7]
1411609:[8, 4, 3, 6, 5, 0, 5, 3, 7, 9]
1412102:[7, 5, 7, 7, 1, 4, 3, 9, 5, 1]
141306:[3, 9, 3, 1, 0, 4, 9, 4, 7, 8]
1413500:[7, 6, 6, 8, 5, 8, 3, 7, 4, 8]
1413627:[7, 1, 9, 5, 7, 3, 7, 5, 1, 0]
1413758:[0, 1, 8, 7, 5, 1, 0, 3, 1, 6]
1414403:[9, 2, 4, 4, 7, 4, 8, 4, 9, 4]
141586:[8, 5, 7, 9, 3, 9, 3, 3, 4, 0]
1416743:[6, 1, 6, 1, 4, 0, 7, 9, 1, 7]
1420858:[5, 3, 6, 1, 8, 9, 0, 0, 7, 5]
1421372:[9, 0, 0, 9, 5, 7, 2, 9, 8, 0]
1422419:[2, 3, 9, 9, 1, 6, 6, 0, 3, 8]
1424685:[1, 2, 0, 7, 6, 5, 9, 1, 0, 3]
1428586:[5, 2, 8, 3, 7, 8, 9, 9, 9, 3]
1430138:[7, 2, 0, 5, 8, 9, 2, 4, 2, 1]
1430347:[5, 6, 4, 2, 0, 3, 6, 2, 7, 9]
1433483:[1, 5, 9, 5, 5, 2, 0, 2, 2, 8]
1435918:[6, 4, 4, 2, 7, 3, 7, 1, 0, 4]
1436307:[0, 6, 7, 9, 1, 9, 8, 5, 1, 6]
143694:[2, 8, 3, 6, 8, 8, 4, 5, 9, 3]
1438231:[0, 4, 6, 2, 2, 2, 4, 9, 5, 9]
1439317:[7, 7, 3, 5, 1, 3, 8, 6, 5, 0]
144284:[3, 2, 8, 1, 2, 5, 3, 3, 3, 7]
1443019:[7, 1, 6, 5, 7, 8, 2, 8, 9, 9]
1445857:[4, 1, 8, 2, 8, 7, 8, 8, 4, 8]
1448263:[0, 3, 5, 3, 2, 0, 0, 1, 9, 9]
1448578:[5, 6, 2, 2, 1, 9, 2, 1, 2, 3]
1449153:[6, 1, 1, 7, 9, 4, 1, 0, 3, 9]
1449450:[6, 6, 4, 1, 1, 3, 4, 8, 9, 2]
1450727:[8, 3, 0, 7, 7, 9, 4, 1, 7, 9]
1452536:[4, 5, 3, 7, 1, 5, 0, 9, 6, 4]
145275:[3, 3, 4, 5, 5, 5, 5, 8, 9, 3]
145401:[2, 4, 8, 2, 3, 2, 8, 3, 1, 2]
1454141:[9, 9, 1, 1, 1, 4, 2, 6, 3, 3]
1455152:[1, 4, 9, 7, 5, 9, 7, 5, 4, 5]
1456217:[3, 6, 3, 5, 9, 8, 9, 4, 9, 7]
1456794:[7, 1, 0, 2, 9, 3, 4, 3, 2, 0]
1457837:[9, 0, 9, 8, 7, 9, 7, 6, 7, 9]
1458034:[8, 3, 6, 6, 2, 8, 5, 6, 8, 8]
1458173:[3, 2, 6, 9, 8, 0, 6, 9, 6, 6]
1458405:[8, 3, 0, 1, 7, 9, 3, 4, 2, 4]
1459039:[1, 6, 0, 9, 2, 4, 1, 0, 9, 1]
1459763:[2, 9, 3, 6, 4, 6, 0, 3, 9, 3]
1461472:[5, 0, 2, 1, 6, 5, 6, 0, 9, 5]
1461953:[9, 1, 6, 2, 7, 1, 3, 9, 0, 6]
1464444:[2, 8, 6, 3, 0, 2, 4, 9, 5, 4]
1464780:[8, 6, 5, 4, 9, 0, 9, 1, 2, 2]
1466072:[4, 5, 0, 8, 9, 2, 2, 6, 3, 3]
1468048:[7, 1, 3, 1, 2, 3, 5, 9, 4, 8]
1469260:[6, 4, 5, 5, 8, 8, 7, 5, 3, 1]
1469661:[6, 2, 9, 7, 2, 8, 8, 1, 4, 6]
1471739:[7, 8, 4, 6, 4, 8, 3, 1, 2, 5]
1475397:[1, 4, 7, 5, 0, 2, 7, 9, 3, 5]
1476275:[9, 9, 0, 5, 4, 7, 7, 1, 6, 8]
147806:[6, 3, 0, 5, 5, 7, 2, 2, 2, 1]
1479340:[9, 1, 8, 5, 9, 8, 7, 1, 9, 8]
1482371:[9, 4, 0, 3, 0, 0, 5, 8, 8, 9]
1482504:[5, 4, 9, 1, 0, 8, 0, 8, 2, 6]
1485910:[1, 8, 5, 1, 3, 5, 8, 9, 9, 3]
1488210:[7, 6, 7, 7, 7, 3, 7, 4, 2, 4]
1489786:[0, 8, 6, 7, 5, 0, 4, 7, 0, 7]
1489825:[0, 4, 9, 0, 3, 2, 3, 3, 1, 6]
1490786:[4, 0, 2, 1, 3, 8, 9, 4, 4, 3]
1490893:[0, 4, 8, 9, 7, 1, 4, 2, 0, 9]
1491336:[1, 1, 2, 8, 1, 9, 2, 6, 1, 2]
1492132:[0, 9, 9, 6, 6, 4, 2, 9, 1, 3]
1494717:[6, 2, 9, 5, 5, 9, 1, 3, 1, 0]
1495030:[6, 9, 7, 8, 3, 8, 7, 5, 9, 6]
1495418:[2, 7, 8, 5, 9, 5, 8, 7, 1, 5]
1497970:[7, 2, 9, 3, 0, 4, 1, 7, 9, 4]
1499760:[9, 9, 9, 2, 4, 8, 4, 0, 9, 0]
1504471:[5, 1, 9, 5, 0, 2, 7, 6, 6, 9]
1505153:[0, 8, 2, 8, 4, 3, 3, 4, 8, 2]
1505562:[9, 7, 5, 2, 0, 1, 4, 4, 4, 6]
1507952:[5, 1, 9, 7, 7, 3, 7, 2, 9, 0]
1508254:[6, 2, 6, 9, 7, 6, 7, 9, 9, 3]
1510562:[4, 2, 0, 2, 9, 1, 8, 8, 0, 5]
1512113:[2, 9, 3, 6, 0, 0, 8, 9, 8, 8]
1513903:[5, 3, 1, 9, 8, 6, 8, 3, 6, 2]
151541:[9, 3, 0, 9, 1, 6, 1, 7, 8, 1]
151651:[2, 8, 5, 7, 3, 2, 1, 8, 3, 3]
1517669:[9, 4, 8, 2, 2, 1, 1, 7, 5, 6]
151802:[9, 4, 0, 3, 8, 9, 0, 2, 7, 5]
1518750:[7, 7, 1, 4, 2, 9, 7, 2, 6, 1]
1519224:[8, 3, 1, 5, 3, 5, 0, 5, 7, 3]
1519377:[2, 9, 0, 9, 3, 9, 2, 5, 1, 0]
1520352:[1, 1, 3, 4, 3, 5, 7, 2, 4, 2]
1520762:[2, 7, 5, 1, 2, 5, 0, 2, 1, 3]
1521372:[4, 0, 0, 0, 0, 6, 6, 8, 5, 3]
1523003:[3, 6, 0, 1, 4, 8, 6, 4, 1, 0]
152581:[4, 1, 7, 3, 4, 0, 8, 3, 0, 7]
1527117:[5, 4, 3, 3, 7, 7, 3, 2, 1, 8]
1527531:[8, 3, 6, 5, 9, 6, 4, 0, 2, 1]
1528356:[5, 2, 3, 6, 5, 6, 0, 5, 0, 1]
1528775:[1, 2, 2, 7, 3, 6, 7, 1, 3, 5]
1528833:[6, 8, 2, 4, 0, 4, 1, 3, 8, 5]
1530016:[8, 8, 7, 5, 5, 2, 5, 0, 8, 6]
1531233:[7, 5, 3, 5, 4, 6, 6, 8, 6, 5]
1531549:[9, 4, 6, 1, 3, 1, 1, 3, 0, 1]
1531957:[1, 1, 8, 9, 0, 6, 5, 4, 7, 6]
1532332:[8, 1, 7, 2, 0, 3, 3, 5, 0, 1]
1532778:[7, 5, 7, 6, 2, 2, 2, 8, 4, 9]
1533679:[4, 5, 4, 0, 8, 8, 2, 9, 2, 7]
1535267:[9, 5, 0, 1, 3, 9, 0, 7, 0, 9]
1538548:[6, 3, 7, 2, 4, 1, 6, 8, 4, 0]
1539057:[8, 2, 0, 3, 9, 3, 4, 5, 7, 1]
1539609:[1, 1, 4, 6, 9, 3, 4, 1, 4, 5]
1539726:[6, 7, 5, 5, 2, 5, 0, 5, 1, 6]
1541146:[1, 4, 7, 0, 7, 4, 7, 6, 9, 6]
1541435:[3, 3, 3, 9, 4, 2, 5, 7, 7, 6]
1541923:[2, 6, 4, 8, 8, 7, 5, 5, 0, 6]
1542250:[2, 0, 3, 7, 5, 8, 7, 9, 9, 8]
1543843:[2, 4, 1, 7, 1, 5, 0, 6, 6, 6]
154433:[1, 8, 8, 2, 5, 5, 7, 6, 1, 1]
1545202:[4, 0, 7, 4, 6, 1, 3, 7, 0, 3]
1545260:[5, 2, 5, 6, 2, 5, 8, 0, 7, 0]
1545780:[0, 7, 3, 9, 2, 3, 8, 6, 5, 7]
1548561:[1, 1, 8, 9, 5, 8, 1, 0, 8, 9]
1548753:[6, 5, 3, 0, 8, 6, 8, 3, 1, 6]
1549661:[1, 8, 7, 8, 6, 8, 9, 8, 2, 8]
1550330:[2, 1, 9, 2, 8, 3, 4, 4, 1, 1]
1550924:[9, 4, 0, 9, 3, 6, 8, 7, 1, 0]
1550989:[4, 7, 9, 0, 9, 3, 7, 5, 2, 6]
1552114:[7, 4, 6, 2, 5, 4, 0, 6, 1, 3]
1553425:[7, 5, 2, 7, 4, 5, 6, 1, 4, 5]
1554920:[5, 3, 7, 4, 9, 3, 9, 0, 5, 0]
155592:[4, 1, 7, 2, 9, 1, 1, 9, 5, 5]
1556406:[3, 0, 2, 9, 7, 6, 3, 9, 4, 2]
155999:[7, 5, 8, 9, 0, 3, 3, 7, 3, 7]
1561189:[7, 8, 3, 8, 5, 6, 8, 0, 5, 6]
1561415:[6, 4, 8, 5, 8, 9, 7, 6, 5, 0]
1562854:[0, 4, 9, 8, 7, 4, 8, 2, 5, 3]
1565307:[6, 9, 8, 7, 4, 9, 7, 9, 6, 5]
1566684:[3, 5, 7, 5, 9, 0, 6, 1, 9, 7]
1566859:[2, 6, 0, 3, 8, 7, 6, 1, 4, 2]
1568283:[9, 0, 1, 1, 1, 3, 7, 9, 6, 2]
156834:[1, 9, 4, 9, 6, 6, 4, 7, 2, 2]
156889:[4, 8, 6, 5, 4, 3, 3, 4, 3, 8]
1570790:[9, 2, 6, 3, 2, 8, 4, 0, 8, 9]
1571001:[6, 8, 1, 9, 2, 3, 5, 3, 7, 7]
1573345:[3, 8, 9, 8, 9, 3, 8, 1, 2, 3]
1573650:[0, 8, 4, 7, 0, 3, 2, 0, 3, 8]
1574614:[4, 1, 5, 2, 5, 5, 7, 0, 2, 3]
1575410:[4, 6, 4, 6, 8, 8, 2, 3, 7, 1]
1576014:[2, 5, 9, 4, 4, 2, 3, 5, 1, 7]
1577978:[9, 6, 9, 5, 4, 9, 7, 6, 9, 4]
1579722:[5, 8, 0, 5, 5, 0, 7, 0, 2, 7]
158027:[4, 9, 8, 4, 1, 0, 4, 2, 2, 4]
158039:[3, 0, 7, 5, 2, 9, 8, 9, 3, 8]
158163:[2, 1, 3, 2, 7, 4, 6, 6, 0, 6]
1582356:[8, 7, 4, 7, 0, 1, 4, 9, 7, 7]
1583005:[2, 3, 7, 4, 6, 6, 8, 2, 2, 5]
1583215:[8, 8, 6, 5, 7, 0, 8, 8, 3, 1]
1588408:[1, 3, 1, 0, 9, 7, 4, 6, 0, 1]
1589267:[9, 7, 7, 5, 8, 4, 2, 7, 1, 6]
1589928:[6, 3, 5, 3, 1, 5, 8, 9, 6, 3]
1591649:[0, 4, 9, 5, 5, 8, 5, 8, 4, 6]
1591793:[5, 6, 0, 7, 2, 7, 4, 8, 8, 2]
1592657:[6, 5, 1, 5, 2, 9, 7, 0, 4, 5]
1593705:[7, 0, 3, 3, 8, 2, 2, 6, 7, 1]
1596400:[3, 7, 8, 1, 8, 8, 3, 9, 6, 8]
1599446:[2, 7, 8, 2, 3, 6, 2, 9, 1, 0]
1599477:[4, 3, 7, 7, 9, 2, 4, 6, 2, 1]
1600766:[5, 3, 0, 8, 0, 9, 2, 4, 9, 5]
1603038:[4, 1, 2, 5, 4, 0, 1, 7, 0, 3]
1603440:[5, 8, 9, 3, 3, 7, 7, 7, 6, 0]
1604528:[4, 8, 7, 7, 4, 7, 9, 6, 5, 6]
1605854:[4, 4, 1, 4, 6, 0, 0, 6, 0, 6]
1605946:[3, 2, 6, 3, 8, 4, 7, 1, 5, 7]
160653:[4, 6, 0, 3, 9, 7, 7, 8, 8, 8]
1608096:[4, 5, 6, 1, 4, 5, 5, 2, 5, 6]
1609187:[0, 0, 0, 3, 6, 0, 8, 2, 1, 9]
1609437:[0, 9, 3, 1, 4, 0, 6, 1, 6, 7]
1610002:[3, 4, 0, 1, 1, 2, 0, 7, 2, 9]
1610605:[2, 2, 8, 9, 3, 7, 1, 8, 5, 0]
161189:[4, 6, 8, 7, 8, 3, 5, 1, 6, 5]
1613182:[6, 5, 2, 5, 2, 6, 7, 0, 6, 2]
161527:[9, 5, 7, 8, 9, 4, 2, 2, 2, 7]
1617524:[7, 2, 8, 4, 8, 3, 9, 2, 2, 9]
1617678:[2, 6, 7, 3, 2, 3, 5, 3, 5, 7]
16185:[9, 6, 9, 4, 5, 7, 1, 9, 1, 8]
1621323:[6, 6, 8, 8, 2, 7, 8, 0, 5, 1]
162220:[1, 3, 1, 0, 9, 0, 0, 5, 5, 8]
1622911:[2, 9, 0, 1, 2, 6, 7, 6, 2, 0]
1624736:[8, 8, 0, 3, 7, 0, 8, 0, 5, 6]
1624867:[7, 6, 8, 0, 7, 7, 4, 2, 5, 0]
1630207:[6, 7, 8, 2, 8, 6, 2, 7, 2, 1]
1630272:[9, 9, 2, 1, 4, 9, 4, 6, 7, 6]
1631689:[9, 1, 3, 1, 5, 4, 4, 0, 0, 2]
1633482:[2, 5, 6, 8, 5, 9, 8, 2, 6, 6]
1636810:[5, 1, 9, 8, 3, 7, 0, 8, 5, 5]
163751:[5, 4, 9, 1, 6, 1, 6, 3, 6, 5]
1644954:[3, 8, 1, 8, 6, 8, 9, 4, 6, 8]
1645332:[3, 6, 1, 5, 8, 7, 3, 6, 3, 2]
1645680:[6, 4, 1, 2, 9, 6, 4, 5, 2, 8]
1646669:[9, 4, 4, 2, 3, 9, 9, 8, 3, 1]
16473:[9, 7, 8, 8, 6, 7, 2, 0, 1, 9]
1648467:[1, 7, 2, 3, 4, 2, 9, 9, 4, 8]
164863:[7, 7, 9, 3, 3, 5, 3, 5, 4, 8]
1649183:[5, 9, 9, 1, 5, 8, 1, 8, 0, 0]
1650202:[5, 2, 3, 1, 7, 0, 2, 4, 2, 7]
165110:[3, 4, 9, 1, 3, 9, 0, 9, 0, 6]
1652191:[5, 4, 2, 6, 0, 6, 8, 7, 2, 1]
1653197:[3, 7, 2, 5, 6, 6, 8, 9, 5, 9]
1657521:[8, 0, 2, 7, 4, 6, 8, 0, 3, 6]
1657616:[3, 2, 5, 3, 8, 3, 1, 1, 3, 3]
1657996:[1, 9, 9, 0, 7, 2, 5, 7, 5, 9]
1664711:[2, 3, 3, 1, 3, 6, 0, 0, 3, 6]
1664785:[9, 5, 9, 8, 9, 4, 7, 0, 5, 2]
1669095:[3, 4, 6, 9, 2, 5, 6, 6, 5, 1]
1670962:[7, 1, 2, 0, 4, 7, 3, 3, 3, 6]
1673630:[4, 0, 7, 5, 3, 7, 4, 4, 9, 8]
1673970:[1, 6, 1, 9, 2, 8, 5, 2, 3, 0]
1674583:[8, 6, 6, 8, 2, 7, 1, 2, 6, 9]
1675428:[1, 5, 5, 3, 7, 7, 1, 8, 1, 3]
1677332:[9, 6, 4, 5, 5, 3, 8, 9, 3, 5]
1677409:[8, 8, 6, 4, 9, 9, 8, 5, 8, 9]
1677579:[5, 3, 5, 4, 2, 6, 6, 6, 1, 5]
167774:[8, 4, 1, 2, 2, 6, 1, 2, 8, 4]
1680200:[0, 3, 5, 2, 4, 8, 4, 7, 8, 0]
1680329:[6, 7, 7, 5, 8, 5, 2, 8, 4, 9]
1680678:[2, 4, 0, 5, 0, 6, 0, 5, 1, 6]
1685441:[8, 6, 6, 3, 8, 7, 7, 0, 4, 7]
1686614:[7, 5, 4, 4, 2, 6, 3, 5, 1, 7]
1688083:[1, 2, 0, 0, 6, 8, 8, 6, 0, 4]
169159:[2, 2, 0, 9, 6, 4, 2, 7, 2, 4]
169190:[8, 3, 0, 5, 3, 3, 1, 1, 1, 3]
1692356:[4, 4, 6, 0, 0, 6, 6, 6, 6, 0]
1692757:[3, 2, 6, 1, 9, 6, 6, 3, 0, 5]
169315:[6, 6, 2, 4, 7, 7, 7, 1, 1, 5]
1693204:[1, 8, 3, 6, 1, 0, 6, 5, 0, 6]
1693754:[8, 7, 7, 3, 1, 5, 2, 4, 1, 7]
1695059:[3, 5, 4, 8, 0, 0, 6, 2, 5, 3]
1695719:[6, 1, 0, 1, 4, 5, 3, 0, 4, 6]
1697153:[4, 5, 3, 5, 4, 0, 3, 0, 3, 3]
1701294:[6, 2, 2, 3, 9, 2, 0, 5, 8, 7]
1701904:[8, 2, 6, 7, 0, 4, 9, 6, 2, 5]
1702597:[0, 9, 6, 1, 7, 9, 3, 9, 3, 0]
1702642:[5, 6, 2, 8, 9, 5, 3, 2, 0, 6]
1702901:[0, 3, 0, 7, 0, 0, 7, 7, 2, 4]
170343:[0, 6, 7, 2, 9, 9, 9, 3, 6, 2]
1705221:[4, 8, 7, 9, 6, 6, 8, 3, 5, 5]
1705874:[6, 3, 0, 9, 8, 6, 5, 8, 3, 2]
1706272:[6, 8, 0, 8, 2, 6, 4, 5, 4, 8]
1707868:[9, 5, 3, 9, 3, 0, 2, 3, 4, 2]
1708230:[0, 1, 8, 7, 5, 1, 0, 3, 1, 6]
1710073:[2, 8, 6, 9, 0, 8, 0, 3, 5, 0]
1710705:[6, 9, 3, 5, 4, 0, 4, 5, 8, 5]
1712192:[2, 7, 7, 7, 4, 8, 6, 3, 2, 2]
1716004:[6, 6, 6, 3, 6, 7, 2, 0, 0, 9]
1717069:[6, 3, 1, 3, 9, 9, 8, 5, 9, 5]
1718522:[8, 9, 9, 9, 0, 6, 6, 9, 8, 8]
1723107:[8, 6, 1, 4, 2, 5, 9, 1, 7, 5]
1724449:[6, 6, 2, 9, 2, 7, 2, 4, 6, 6]
1725048:[5, 3, 4, 8, 5, 4, 0, 4, 9, 6]
172510:[5, 0, 2, 4, 8, 3, 1, 4, 0, 1]
1726329:[8, 2, 7, 6, 4, 8, 0, 2, 7, 5]
1726627:[1, 8, 8, 5, 3, 9, 4, 4, 8, 9]
1727059:[9, 8, 9, 8, 9, 1, 2, 1, 3, 3]
1727211:[1, 8, 3, 7, 9, 6, 4, 2, 5, 7]
1727818:[9, 3, 4, 7, 1, 5, 6, 2, 6, 3]
1729168:[3, 6, 7, 5, 5, 6, 6, 1, 0, 5]
1729547:[6, 8, 6, 4, 9, 8, 9, 2, 2, 0]
1730485:[3, 7, 2, 5, 0, 0, 2, 4, 7, 6]
1731185:[3, 3, 1, 9, 5, 4, 1, 5, 8, 3]
1731706:[8, 8, 2, 3, 2, 2, 8, 0, 3, 0]
1732691:[2, 7, 3, 7, 4, 9, 6, 8, 1, 3]
1733273:[8, 9, 6, 7, 1, 8, 8, 7, 8, 3]
1739702:[1, 1, 2, 2, 2, 9, 8, 0, 7, 2]
1739756:[3, 3, 4, 9, 1, 8, 5, 6, 8, 8]
1739858:[3, 2, 9, 7, 7, 7, 9, 5, 8, 5]
1740362:[2, 7, 8, 1, 3, 5, 9, 0, 6, 9]
1741371:[8, 3, 0, 5, 3, 8, 0, 0, 5, 6]
1742548:[6, 3, 5, 9, 7, 2, 6, 7, 1, 3]
1743449:[2, 8, 9, 6, 5, 9, 3, 0, 4, 5]
1746325:[8, 3, 1, 7, 5, 7, 8, 0, 5, 3]
1746881:[1, 8, 9, 7, 6, 5, 5, 1, 7, 9]
1746906:[5, 8, 2, 2, 5, 5, 1, 7, 7, 6]
1747019:[0, 2, 2, 2, 7, 0, 1, 8, 3, 8]
1747361:[5, 4, 2, 7, 3, 4, 3, 1, 6, 6]
1750936:[0, 5, 8, 5, 8, 2, 7, 1, 8, 6]
1751082:[3, 6, 9, 5, 9, 5, 1, 0, 5, 0]
1756454:[0, 6, 6, 2, 5, 1, 5, 1, 3, 6]
1759811:[9, 5, 6, 1, 4, 7, 4, 8, 7, 8]
1762586:[9, 0, 3, 3, 6, 0, 7, 9, 2, 3]
1763924:[0, 2, 5, 2, 4, 2, 1, 3, 6, 9]
1764248:[7, 2, 2, 2, 3, 4, 6, 1, 7, 6]
1764460:[4, 3, 4, 1, 4, 9, 0, 0, 2, 5]
1764825:[8, 1, 6, 1, 0, 0, 7, 2, 9, 8]
1765764:[3, 0, 2, 9, 2, 5, 0, 5, 3, 6]
176594:[7, 9, 1, 5, 0, 5, 6, 5, 7, 3]
1766279:[7, 8, 0, 3, 3, 0, 6, 0, 1, 2]
1767382:[2, 9, 4, 3, 7, 4, 4, 0, 0, 6]
1770696:[1, 5, 8, 1, 4, 1, 1, 1, 1, 4]
177079:[3, 2, 1, 3, 9, 5, 2, 9, 3, 6]
177252:[5, 5, 3, 9, 2, 8, 5, 3, 4, 1]
1773734:[0, 1, 2, 2, 5, 8, 7, 7, 6, 8]
1773983:[7, 2, 2, 9, 5, 0, 0, 8, 8, 8]
1774571:[9, 0, 3, 1, 2, 7, 6, 9, 1, 0]
1775089:[1, 4, 1, 9, 3, 8, 5, 5, 3, 9]
1780348:[1, 8, 5, 2, 2, 4, 4, 4, 8, 6]
1782082:[3, 7, 8, 0, 8, 0, 3, 7, 9, 0]
178223:[9, 5, 7, 7, 2, 6, 6, 6, 8, 8]
1782347:[2, 0, 8, 6, 8, 1, 7, 9, 5, 5]
1783549:[7, 4, 0, 7, 3, 2, 8, 8, 1, 9]
1785932:[9, 4, 7, 5, 0, 5, 7, 5, 9, 6]
1787417:[1, 5, 2, 1, 6, 4, 8, 6, 6, 1]
178793:[7, 5, 7, 6, 0, 7, 3, 9, 4, 4]
1788738:[1, 7, 3, 1, 3, 7, 2, 5, 6, 4]
1788852:[1, 4, 4, 1, 8, 7, 4, 4, 8, 6]
1789117:[4, 4, 5, 9, 9, 9, 9, 3, 7, 2]
1791840:[8, 1, 9, 9, 5, 2, 9, 1, 0, 3]
1792260:[9, 9, 6, 5, 6, 7, 1, 4, 3, 8]
1793018:[4, 0, 4, 9, 1, 8, 5, 4, 9, 9]
1793191:[2, 7, 6, 8, 2, 8, 8, 7, 5, 8]
1793826:[9, 5, 2, 7, 0, 3, 1, 9, 4, 5]
1794551:[7, 1, 1, 3, 2, 9, 4, 6, 8, 8]
1795061:[9, 7, 4, 3, 0, 5, 8, 9, 2, 4]
179795:[0, 9, 1, 5, 9, 4, 0, 7, 7, 5]
1799534:[7, 7, 5, 7, 5, 6, 1, 0, 1, 6]
1813180:[3, 7, 1, 5, 6, 9, 5, 3, 2, 1]
1814541:[5, 4, 9, 3, 3, 5, 7, 1, 8, 9]
1816443:[1, 8, 0, 1, 3, 6, 3, 2, 2, 8]
181888:[4, 9, 9, 6, 9, 6, 0, 1, 6, 9]
1820512:[9, 5, 8, 5, 5, 9, 3, 3, 4, 4]
1823620:[2, 6, 4, 3, 1, 6, 6, 2, 0, 5]
1823996:[6, 4, 2, 5, 2, 3, 8, 1, 8, 0]
182459:[5, 6, 2, 1, 0, 5, 9, 1, 4, 9]
1824848:[0, 3, 5, 9, 1, 0, 3, 0, 0, 5]
1829121:[9, 1, 4, 1, 7, 4, 3, 9, 0, 8]
1830455:[1, 6, 5, 0, 2, 5, 5, 5, 4, 9]
1830658:[4, 6, 9, 1, 7, 3, 8, 3, 5, 9]
1833250:[7, 5, 4, 1, 5, 2, 9, 7, 1, 0]
1834403:[8, 4, 0, 5, 6, 5, 3, 3, 1, 9]
1835142:[4, 6, 5, 0, 4, 0, 1, 4, 5, 2]
1836678:[5, 7, 6, 1, 0, 7, 0, 7, 9, 8]
1837525:[9, 9, 1, 7, 3, 4, 7, 8, 1, 6]
1838376:[8, 0, 7, 2, 6, 4, 8, 2, 0, 5]
1839142:[3, 5, 5, 9, 9, 8, 0, 0, 8, 7]
1840362:[7, 6, 5, 0, 4, 7, 9, 0, 6, 0]
1841453:[0, 0, 3, 9, 9, 5, 5, 7, 1, 8]
1844330:[7, 2, 1, 5, 5, 3, 1, 0, 4, 7]
1844383:[0, 2, 8, 4, 1, 9, 1, 4, 3, 6]
1847653:[7, 8, 9, 1, 2, 8, 2, 5, 2, 3]
1849056:[8, 1, 7, 7, 3, 3, 3, 5, 6, 1]
1849841:[7, 1, 7, 2, 2, 6, 9, 7, 6, 4]
1849868:[0, 7, 4, 9, 8, 4, 0, 6, 0, 0]
1850923:[3, 8, 8, 0, 0, 3, 6, 1, 2, 6]
1851177:[8, 2, 5, 3, 4, 7, 8, 7, 5, 6]
1851674:[2, 7, 0, 9, 0, 8, 9, 4, 4, 2]
1853499:[1, 3, 5, 9, 3, 7, 5, 3, 1, 8]
1855078:[9, 6, 8, 1, 1, 9, 3, 9, 0, 7]
1856195:[5, 5, 0, 1, 3, 9, 0, 6, 0, 7]
1856459:[7, 6, 1, 5, 7, 5, 1, 4, 2, 4]
1857710:[4, 1, 2, 5, 4, 0, 1, 7, 0, 3]
1859957:[5, 5, 2, 3, 3, 6, 2, 8, 0, 1]
1860861:[7, 0, 9, 1, 1, 0, 0, 4, 1, 6]
1861023:[1, 2, 3, 1, 9, 2, 9, 4, 3, 2]
186126:[2, 0, 0, 8, 6, 7, 5, 4, 4, 4]
1861471:[3, 4, 8, 7, 2, 5, 9, 7, 0, 0]
1865262:[8, 1, 8, 6, 5, 6, 4, 9, 0, 7]
1865988:[8, 4, 1, 2, 4, 4, 8, 6, 1, 9]
1866350:[2, 1, 6, 1, 4, 8, 8, 9, 4, 9]
1867140:[4, 2, 0, 2, 0, 8, 2, 8, 2, 1]
1867241:[6, 2, 0, 9, 7, 2, 2, 7, 0, 6]
1870550:[1, 0, 8, 1, 9, 8, 5, 9, 3, 1]
1871161:[8, 2, 4, 4, 2, 3, 1, 6, 5, 3]
1873458:[1, 6, 9, 1, 9, 8, 6, 0, 7, 5]
1876677:[9, 1, 6, 5, 3, 2, 4, 1, 1, 0]
1876736:[5, 2, 6, 5, 5, 2, 8, 3, 2, 0]
1877845:[6, 8, 4, 5, 4, 4, 1, 6, 6, 4]
1878601:[6, 4, 9, 8, 5, 5, 2, 3, 0, 5]
1883774:[3, 7, 8, 1, 9, 4, 7, 3, 9, 6]
1884062:[5, 6, 3, 3, 3, 8, 1, 6, 2, 7]
1886103:[3, 9, 3, 2, 6, 5, 8, 4, 9, 6]
1887176:[8, 0, 4, 7, 4, 1, 6, 7, 6, 2]
188908:[8, 4, 4, 9, 5, 0, 1, 8, 3, 0]
1889247:[5, 0, 8, 7, 8, 4, 6, 8, 8, 6]
1890462:[4, 2, 0, 2, 1, 8, 4, 2, 8, 0]
1891254:[8, 9, 2, 9, 2, 9, 8, 7, 9, 1]
1891940:[2, 4, 3, 9, 0, 0, 7, 2, 2, 6]
1893183:[7, 0, 4, 5, 2, 8, 5, 0, 7, 7]
1894611:[8, 0, 8, 9, 8, 8, 6, 1, 0, 9]
1895032:[4, 1, 5, 5, 3, 6, 0, 2, 7, 4]
1895039:[6, 3, 0, 1, 4, 8, 0, 8, 6, 9]
189504:[9, 4, 4, 8, 6, 9, 3, 5, 1, 8]
1895567:[2, 6, 6, 4, 2, 8, 1, 4, 0, 8]
1896333:[0, 2, 8, 3, 7, 8, 1, 7, 4, 7]
1896933:[3, 6, 1, 4, 2, 0, 2, 3, 6, 6]
1897479:[8, 7, 2, 6, 9, 3, 4, 1, 2, 6]
1897660:[5, 0, 0, 0, 7, 2, 3, 4, 0, 7]
1898855:[9, 5, 3, 3, 0, 6, 2, 8, 3, 9]
1899817:[2, 5, 8, 5, 9, 4, 7, 2, 0, 1]
1901650:[6, 0, 7, 0, 2, 9, 7, 7, 0, 1]
1903902:[6, 6, 1, 6, 0, 1, 8, 8, 7, 8]
1904955:[7, 5, 8, 5, 8, 4, 0, 0, 9, 5]
1906678:[2, 8, 6, 2, 5, 6, 7, 7, 1, 8]
1908827:[5, 5, 6, 4, 1, 2, 5, 2, 9, 5]
1911446:[0, 3, 7, 5, 6, 4, 6, 7, 5, 0]
1912778:[6, 0, 0, 5, 7, 8, 2, 0, 4, 1]
1914271:[8, 4, 8, 1, 3, 3, 1, 3, 7, 5]
1914532:[0, 3, 2, 7, 6, 6, 4, 5, 5, 6]
1915378:[4, 7, 5, 9, 2, 6, 0, 5, 8, 8]
1915418:[6, 2, 2, 3, 2, 3, 6, 4, 4, 6]
191572:[1, 0, 1, 4, 2, 7, 5, 6, 7, 5]
1917015:[9, 0, 1, 9, 2, 6, 5, 1, 3, 0]
192136:[0, 3, 1, 0, 9, 4, 5, 5, 2, 7]
1921978:[9, 5, 0, 1, 8, 6, 8, 0, 2, 6]
1922471:[0, 7, 4, 5, 5, 2, 3, 8, 7, 2]
1922777:[6, 2, 6, 5, 5, 4, 9, 5, 1, 8]
1923480:[2, 7, 9, 5, 0, 7, 3, 0, 9, 5]
1924496:[2, 1, 4, 6, 1, 9, 2, 9, 5, 5]
1926419:[3, 7, 9, 6, 9, 3, 4, 6, 6, 1]
1926432:[5, 5, 7, 3, 4, 1, 3, 6, 9, 5]
1928019:[1, 6, 3, 9, 7, 8, 4, 8, 3, 4]
1928294:[2, 6, 1, 9, 7, 6, 7, 6, 3, 1]
1929856:[2, 6, 5, 3, 8, 2, 4, 5, 1, 3]
1931034:[9, 1, 0, 3, 0, 1, 9, 0, 8, 2]
1931808:[9, 4, 7, 0, 2, 2, 1, 4, 6, 6]
1932324:[0, 8, 6, 3, 5, 4, 9, 8, 2, 0]
1932479:[2, 7, 2, 1, 8, 9, 2, 4, 0, 0]
193303:[5, 7, 0, 1, 1, 0, 6, 4, 5, 7]
1934971:[9, 0, 2, 4, 4, 0, 9, 2, 6, 7]
1936021:[9, 9, 4, 3, 4, 3, 5, 9, 9, 2]
1936082:[9, 4, 7, 2, 1, 8, 9, 1, 2, 5]
1937211:[2, 5, 8, 0, 9, 7, 2, 3, 4, 0]
1941069:[4, 6, 9, 5, 4, 5, 3, 9, 9, 3]
1943372:[4, 0, 9, 2, 0, 2, 6, 7, 4, 2]
1943695:[8, 1, 7, 1, 5, 9, 8, 0, 3, 9]
1943837:[9, 2, 1, 6, 1, 1, 0, 1, 4, 9]
1944153:[7, 8, 1, 6, 3, 6, 7, 6, 2, 7]
1944752:[0, 2, 8, 5, 6, 4, 4, 6, 5, 8]
194792:[8, 7, 0, 3, 2, 3, 3, 0, 2, 5]
1948588:[2, 6, 3, 9, 0, 0, 8, 1, 8, 8]
1948726:[1, 8, 0, 6, 7, 9, 5, 3, 3, 7]
1949243:[3, 0, 2, 9, 8, 0, 6, 3, 3, 4]
1949380:[1, 7, 6, 1, 3, 6, 3, 0, 2, 7]
1951505:[0, 9, 6, 1, 6, 7, 1, 5, 5, 6]
1952462:[3, 4, 0, 7, 3, 5, 9, 5, 2, 7]
1955467:[1, 9, 1, 6, 2, 4, 0, 7, 2, 1]
1955559:[5, 3, 8, 7, 5, 3, 1, 8, 2, 6]
1957655:[4, 6, 6, 3, 0, 8, 5, 4, 4, 4]
1957840:[2, 9, 8, 1, 5, 5, 5, 3, 5, 7]
1958037:[2, 8, 0, 5, 3, 1, 5, 0, 3, 2]
1958070:[0, 4, 0, 8, 7, 6, 3, 3, 1, 8]
1959620:[4, 4, 3, 7, 5, 6, 4, 0, 1, 6]
1960337:[6, 4, 6, 9, 3, 3, 5, 1, 4, 1]
1961344:[6, 6, 1, 8, 3, 5, 5, 1, 6, 5]
1961632:[3, 9, 9, 7, 5, 9, 5, 9, 8, 1]
1962442:[8, 2, 3, 5, 2, 0, 5, 5, 2, 6]
1963199:[2, 4, 0, 5, 7, 9, 9, 6, 2, 6]
1963492:[9, 6, 0, 9, 4, 0, 8, 5, 6, 2]
1966270:[0, 0, 7, 8, 4, 4, 4, 1, 5, 6]
1970016:[4, 1, 2, 5, 8, 3, 0, 9, 0, 8]
1970161:[0, 4, 0, 7, 9, 9, 2, 6, 6, 4]
1971391:[0, 7, 2, 1, 3, 1, 6, 0, 3, 2]
1972325:[9, 1, 1, 8, 7, 7, 2, 7, 9, 3]
1972418:[6, 4, 6, 7, 3, 4, 4, 2, 7, 6]
1972702:[5, 4, 3, 5, 0, 1, 0, 3, 4, 0]
1973999:[1, 2, 8, 5, 7, 6, 4, 3, 7, 6]
1975330:[4, 6, 4, 5, 3, 7, 8, 5, 8, 4]
197590:[6, 5, 4, 9, 9, 0, 4, 6, 4, 4]
1976241:[7, 8, 8, 8, 5, 2, 0, 3, 6, 0]
1977271:[2, 1, 8, 5, 6, 4, 3, 8, 2, 6]
1979947:[2, 8, 7, 5, 6, 5, 6, 2, 5, 3]
1981158:[3, 9, 0, 4, 3, 5, 7, 8, 9, 4]
1981338:[6, 3, 5, 1, 2, 9, 3, 1, 4, 5]
1985615:[1, 6, 0, 2, 1, 2, 7, 7, 6, 7]
1987657:[6, 7, 9, 3, 1, 7, 7, 8, 8, 5]
1988462:[7, 6, 1, 9, 5, 4, 8, 8, 4, 1]
1989563:[0, 6, 5, 2, 3, 8, 6, 6, 2, 8]
1989610:[3, 3, 6, 1, 7, 3, 2, 9, 0, 6]
1989698:[3, 3, 9, 3, 1, 8, 9, 3, 8, 9]
1990944:[1, 1, 0, 6, 1, 0, 6, 9, 2, 8]
1991875:[2, 4, 8, 6, 3, 5, 7, 8, 9, 9]
1992181:[4, 6, 9, 5, 4, 1, 2, 5, 6, 0]
1992933:[9, 3, 0, 9, 7, 4, 9, 3, 5, 5]
1993347:[1, 6, 1, 9, 2, 8, 5, 2, 3, 0]
1994715:[3, 8, 4, 5, 2, 4, 4, 1, 4, 3]
1995353:[8, 6, 9, 9, 2, 9, 7, 3, 9, 8]
1995752:[4, 0, 0, 6, 4, 2, 7, 5, 7, 0]
199585:[2, 4, 8, 5, 5, 5, 7, 7, 0, 0]
1997830:[1, 8, 2, 8, 1, 0, 2, 2, 0, 5]
2002593:[5, 1, 1, 9, 0, 5, 5, 2, 4, 0]
2003494:[5, 8, 9, 6, 1, 6, 2, 7, 6, 1]
2005091:[5, 6, 0, 0, 9, 4, 7, 0, 5, 9]
2005785:[7, 5, 9, 1, 9, 6, 6, 4, 6, 9]
2006053:[0, 0, 0, 8, 1, 6, 2, 5, 1, 9]
2008790:[2, 4, 9, 1, 8, 6, 8, 0, 2, 8]
2009410:[7, 5, 4, 5, 8, 4, 0, 1, 3, 1]
2011999:[1, 2, 1, 7, 2, 2, 6, 0, 3, 5]
2012798:[6, 5, 4, 6, 6, 4, 1, 8, 9, 8]
2012810:[0, 2, 6, 3, 2, 8, 1, 8, 8, 1]
2012820:[3, 4, 1, 2, 9, 9, 6, 8, 4, 2]
201415:[7, 9, 2, 5, 0, 1, 0, 9, 0, 8]
2014321:[2, 8, 8, 1, 6, 9, 1, 0, 1, 7]
2014617:[2, 6, 6, 3, 3, 2, 7, 8, 7, 2]
201926:[0, 9, 4, 5, 5, 2, 7, 2, 2, 4]
202038:[3, 5, 2, 3, 2, 2, 2, 0, 7, 9]
2020838:[9, 4, 1, 9, 3, 6, 7, 3, 2, 1]
2021951:[3, 8, 7, 1, 8, 5, 8, 6, 0, 7]
2023491:[1, 2, 4, 6, 2, 3, 8, 6, 3, 4]
2024425:[2, 9, 9, 2, 5, 5, 6, 7, 4, 4]
2024871:[8, 0, 9, 5, 9, 9, 8, 7, 5, 4]
2025094:[4, 1, 8, 5, 4, 5, 1, 5, 5, 8]
2027223:[6, 8, 8, 6, 8, 5, 3, 3, 2, 5]
2028944:[6, 0, 5, 8, 6, 4, 3, 0, 7, 5]
2029990:[5, 9, 1, 8, 8, 3, 4, 6, 1, 5]
2030804:[7, 8, 2, 8, 6, 5, 1, 2, 0, 2]
2031030:[6, 5, 8, 8, 3, 6, 8, 2, 5, 8]
2031568:[1, 9, 3, 0, 6, 2, 7, 0, 8, 7]
2031744:[7, 4, 1, 9, 3, 8, 1, 6, 3, 9]
2032694:[9, 0, 8, 7, 4, 5, 5, 1, 4, 1]
2033042:[4, 1, 0, 3, 3, 5, 9, 7, 5, 7]
2033905:[1, 5, 7, 1, 2, 9, 0, 5, 8, 7]
2034454:[2, 4, 7, 9, 8, 1, 1, 8, 3, 5]
2034600:[5, 4, 1, 9, 2, 9, 8, 4, 3, 1]
2034884:[7, 3, 9, 9, 2, 7, 7, 3, 1, 4]
2036211:[0, 5, 2, 1, 6, 7, 1, 9, 1, 9]
2036505:[1, 0, 3, 6, 8, 8, 4, 0, 0, 1]
2037865:[0, 0, 9, 9, 7, 0, 7, 2, 8, 2]
2041396:[2, 3, 3, 4, 6, 4, 4, 1, 0, 6]
2044960:[8, 1, 0, 7, 8, 7, 5, 0, 3, 6]
2046841:[0, 8, 6, 1, 9, 2, 1, 5, 1, 9]
2047306:[0, 7, 3, 4, 5, 8, 4, 8, 4, 3]
2047404:[4, 0, 1, 5, 5, 4, 7, 3, 2, 3]
2047570:[9, 2, 5, 4, 1, 7, 4, 5, 9, 0]
2047812:[5, 0, 7, 3, 7, 7, 0, 9, 1, 6]
2049321:[2, 8, 0, 1, 3, 8, 9, 8, 3, 2]
2049727:[8, 9, 9, 6, 9, 6, 0, 1, 1, 3]
2050464:[4, 3, 9, 7, 1, 0, 9, 1, 2, 0]
2050752:[6, 8, 6, 9, 5, 4, 9, 2, 2, 0]
205172:[1, 0, 7, 8, 6, 9, 2, 8, 5, 2]
2051920:[7, 1, 8, 5, 6, 9, 4, 9, 2, 6]
2052663:[8, 9, 6, 2, 1, 6, 2, 5, 2, 3]
2053763:[2, 3, 4, 9, 7, 0, 9, 3, 9, 9]
2054374:[5, 5, 7, 8, 3, 7, 7, 1, 5, 8]
2054404:[3, 6, 7, 4, 4, 5, 8, 8, 6, 2]
2054449:[7, 6, 8, 0, 6, 3, 9, 7, 3, 8]
2056591:[9, 4, 8, 1, 0, 9, 1, 4, 5, 0]
2057638:[1, 3, 5, 2, 3, 2, 5, 2, 6, 1]
2058235:[6, 6, 1, 0, 7, 3, 3, 4, 6, 2]
2060512:[9, 3, 5, 9, 5, 3, 7, 9, 0, 1]
2060738:[1, 6, 8, 1, 6, 2, 6, 2, 0, 1]
2063333:[0, 4, 3, 3, 3, 8, 8, 1, 0, 7]
2064599:[3, 8, 8, 2, 7, 4, 7, 5, 1, 3]
2067679:[2, 5, 7, 1, 4, 7, 1, 0, 1, 3]
2067750:[2, 1, 0, 9, 3, 8, 8, 0, 4, 4]
2068081:[0, 3, 7, 3, 1, 8, 8, 1, 1, 0]
2068679:[4, 5, 7, 8, 4, 3, 1, 8, 0, 3]
2068826:[7, 2, 3, 5, 0, 2, 9, 3, 5, 5]
2072119:[1, 5, 2, 9, 3, 8, 4, 5, 5, 5]
2072848:[0, 2, 6, 2, 7, 6, 3, 7, 6, 0]
2073806:[6, 7, 2, 1, 3, 3, 8, 6, 5, 5]
2074119:[2, 1, 7, 1, 4, 9, 0, 4, 4, 0]
2075469:[8, 4, 2, 2, 8, 4, 6, 0, 2, 8]
2077307:[9, 5, 4, 9, 8, 0, 4, 3, 3, 6]
2077404:[1, 9, 2, 7, 1, 9, 9, 0, 9, 0]
2078980:[2, 2, 6, 0, 3, 8, 2, 0, 5, 4]
2080357:[0, 4, 1, 5, 4, 0, 7, 2, 6, 1]
208202:[8, 2, 7, 5, 3, 9, 9, 6, 1, 2]
208217:[2, 9, 3, 5, 0, 8, 7, 1, 5, 8]
2083240:[1, 1, 1, 4, 7, 0, 6, 6, 3, 9]
2084765:[1, 0, 9, 2, 8, 6, 6, 8, 8, 5]
2085342:[7, 9, 4, 9, 0, 6, 4, 7, 2, 7]
2086761:[6, 3, 7, 3, 4, 7, 9, 8, 8, 0]
2087903:[7, 4, 1, 8, 1, 2, 4, 4, 3, 6]
2090859:[7, 6, 8, 1, 8, 4, 9, 5, 1, 2]
2091830:[2, 3, 7, 3, 2, 2, 7, 5, 1, 2]
2092316:[0, 0, 8, 0, 7, 3, 9, 0, 6, 1]
209330:[3, 4, 2, 6, 6, 9, 0, 4, 9, 8]
2094170:[1, 4, 8, 4, 0, 8, 8, 8, 6, 8]
2094238:[6, 1, 5, 2, 4, 7, 3, 3, 0, 1]
2095451:[2, 2, 9, 5, 9, 5, 0, 5, 8, 6]
2095497:[4, 5, 4, 1, 3, 8, 8, 0, 2, 8]
2095763:[0, 4, 8, 1, 9, 8, 9, 6, 2, 0]
209836:[0, 8, 6, 4, 5, 9, 3, 4, 8, 7]
2100064:[1, 8, 3, 3, 3, 1, 7, 3, 0, 7]
2100976:[4, 0, 7, 7, 6, 8, 7, 2, 3, 9]
2101376:[9, 3, 4, 8, 4, 6, 5, 7, 7, 0]
2101804:[8, 1, 3, 8, 4, 1, 9, 3, 5, 5]
2101949:[0, 2, 6, 9, 1, 1, 0, 9, 2, 5]
2104472:[4, 7, 1, 5, 7, 5, 4, 4, 0, 0]
2104484:[7, 6, 8, 3, 4, 6, 7, 6, 6, 9]
2107417:[0, 6, 7, 1, 6, 8, 2, 2, 0, 8]
2108081:[9, 6, 6, 9, 3, 8, 4, 3, 2, 5]
2110010:[5, 3, 1, 5, 6, 6, 1, 4, 3, 5]
2110101:[8, 6, 5, 5, 8, 4, 9, 0, 4, 1]
2112142:[4, 5, 1, 2, 4, 0, 1, 9, 7, 8]
2113494:[5, 2, 3, 0, 9, 7, 2, 2, 9, 5]
2113578:[9, 6, 1, 3, 3, 2, 3, 6, 1, 3]
2118617:[9, 6, 7, 0, 3, 7, 0, 3, 8, 5]
211948:[2, 1, 3, 9, 3, 2, 7, 8, 5, 0]
2123599:[0, 8, 0, 3, 3, 1, 9, 4, 2, 4]
2125924:[2, 1, 4, 2, 6, 8, 4, 4, 3, 0]
2126440:[2, 7, 8, 0, 1, 2, 9, 1, 7, 0]
2127529:[1, 7, 0, 9, 9, 0, 1, 8, 2, 0]
2128680:[0, 6, 0, 9, 0, 7, 3, 8, 9, 8]
2130387:[2, 9, 5, 8, 3, 1, 6, 1, 6, 2]
2131045:[9, 3, 6, 3, 4, 2, 9, 4, 9, 4]
2132057:[8, 1, 2, 4, 8, 5, 7, 3, 2, 5]
2132624:[1, 8, 5, 5, 1, 6, 9, 8, 8, 6]
2132839:[8, 2, 4, 1, 8, 6, 3, 0, 6, 0]
2133203:[2, 5, 8, 3, 3, 9, 8, 4, 6, 3]
2133396:[0, 0, 9, 0, 6, 8, 6, 1, 5, 4]
2136594:[9, 3, 4, 8, 3, 8, 4, 3, 6, 8]
2136953:[0, 7, 5, 1, 7, 5, 7, 1, 1, 9]
2140033:[0, 6, 8, 7, 7, 1, 6, 9, 8, 0]
2140063:[2, 8, 3, 9, 3, 0, 9, 2, 3, 3]
2140395:[0, 7, 2, 5, 3, 8, 9, 8, 1, 4]
2142987:[1, 3, 7, 9, 8, 0, 3, 1, 5, 8]
2143514:[6, 4, 7, 4, 2, 7, 7, 3, 1, 3]
2145549:[3, 2, 2, 0, 9, 8, 4, 5, 2, 5]
2147029:[5, 0, 9, 1, 2, 0, 5, 8, 4, 9]
2147289:[9, 9, 0, 1, 9, 6, 0, 2, 0, 7]
2150855:[9, 5, 1, 9, 9, 1, 4, 2, 5, 3]
2150924:[3, 6, 6, 9, 1, 0, 2, 6, 6, 7]
2151013:[3, 9, 0, 6, 1, 0, 0, 3, 4, 4]
2152645:[6, 3, 5, 0, 3, 4, 5, 6, 2, 0]
2154484:[3, 9, 4, 1, 2, 2, 5, 6, 0, 7]
2154498:[7, 1, 0, 9, 1, 1, 1, 4, 0, 6]
2155166:[2, 3, 2, 3, 7, 7, 5, 3, 6, 7]
2155387:[6, 3, 8, 0, 3, 9, 2, 1, 1, 2]
2157158:[1, 8, 1, 7, 5, 6, 1, 7, 2, 3]
2157170:[4, 6, 0, 1, 7, 1, 6, 3, 9, 8]
2158346:[1, 2, 7, 2, 5, 6, 3, 7, 0, 9]
2159805:[5, 8, 4, 4, 2, 0, 7, 5, 3, 7]
2160295:[4, 9, 2, 5, 5, 8, 7, 9, 2, 2]
2162037:[9, 0, 6, 8, 1, 7, 4, 0, 7, 0]
2162812:[3, 8, 9, 5, 1, 0, 3, 3, 4, 7]
216395:[8, 1, 6, 1, 9, 2, 1, 3, 0, 5]
2165793:[9, 0, 6, 0, 2, 6, 2, 7, 8, 1]
2167031:[9, 3, 3, 3, 0, 9, 4, 0, 6, 1]
2167157:[6, 6, 4, 9, 4, 4, 8, 6, 2, 7]
2168569:[0, 7, 6, 7, 3, 9, 2, 1, 2, 7]
2169950:[6, 3, 4, 0, 5, 8, 0, 4, 4, 1]
2170205:[8, 6, 7, 3, 1, 1, 2, 2, 3, 7]
2171769:[7, 7, 5, 0, 6, 5, 4, 8, 3, 8]
2172375:[6, 6, 1, 8, 5, 6, 0, 2, 8, 1]
2172647:[8, 3, 6, 0, 5, 4, 3, 9, 9, 6]
2173107:[5, 4, 8, 4, 1, 7, 3, 3, 2, 5]
2174625:[6, 2, 8, 1, 3, 5, 3, 5, 4, 0]
2175601:[8, 7, 0, 4, 5, 7, 4, 1, 3, 0]
2178212:[6, 4, 6, 7, 3, 8, 4, 2, 3, 7]
2178693:[7, 8, 2, 0, 6, 8, 1, 9, 7, 5]
2181721:[9, 0, 1, 7, 6, 4, 5, 4, 9, 2]
2182144:[4, 5, 4, 5, 1, 0, 5, 3, 1, 6]
2186018:[5, 2, 2, 4, 1, 9, 7, 9, 1, 9]
2189063:[0, 3, 5, 8, 9, 8, 9, 2, 2, 7]
2190395:[1, 6, 8, 6, 3, 2, 0, 0, 7, 7]
2191776:[2, 7, 7, 1, 8, 5, 0, 0, 6, 8]
21934:[6, 2, 9, 6, 2, 0, 0, 5, 6, 3]
2193687:[2, 8, 7, 5, 4, 8, 8, 5, 2, 3]
2193709:[8, 4, 1, 5, 7, 2, 8, 1, 8, 3]
2196406:[1, 6, 5, 1, 9, 3, 6, 2, 6, 7]
2196573:[2, 3, 7, 1, 8, 6, 9, 6, 0, 4]
2197668:[9, 7, 2, 8, 3, 7, 6, 3, 2, 0]
2197820:[1, 0, 5, 5, 4, 7, 2, 6, 5, 0]
2200778:[6, 3, 1, 2, 8, 0, 2, 1, 1, 7]
2202785:[5, 7, 9, 9, 1, 9, 8, 2, 8, 3]
2205762:[0, 7, 5, 0, 2, 6, 4, 5, 5, 8]
220628:[5, 7, 5, 3, 6, 8, 1, 4, 2, 6]
2207376:[2, 3, 5, 0, 9, 2, 5, 7, 0, 3]
2208538:[7, 0, 2, 5, 8, 8, 8, 2, 4, 2]
2209870:[9, 5, 8, 6, 3, 5, 9, 7, 6, 2]
2211734:[2, 5, 1, 7, 2, 7, 8, 7, 4, 0]
2212401:[8, 4, 9, 7, 3, 2, 0, 2, 5, 0]
2212661:[5, 0, 6, 1, 3, 8, 4, 3, 8, 0]
221273:[4, 1, 5, 7, 3, 8, 4, 6, 9, 4]
2213814:[7, 5, 2, 2, 3, 1, 7, 6, 8, 8]
2213982:[7, 1, 4, 1, 0, 5, 4, 9, 5, 1]
221497:[3, 0, 7, 3, 5, 1, 4, 5, 6, 6]
2215899:[4, 7, 4, 8, 4, 1, 5, 0, 8, 1]
2219668:[2, 3, 5, 7, 9, 3, 0, 3, 4, 6]
2220095:[4, 8, 2, 5, 3, 5, 3, 2, 9, 8]
2224532:[2, 1, 3, 3, 9, 2, 7, 0, 4, 6]
2228362:[5, 8, 6, 0, 3, 4, 6, 9, 2, 6]
2230815:[5, 6, 0, 8, 2, 3, 0, 2, 0, 6]
2231699:[9, 5, 9, 9, 0, 0, 4, 3, 3, 4]
2231913:[7, 6, 7, 1, 3, 9, 7, 7, 8, 5]
2232834:[0, 1, 8, 7, 5, 1, 0, 3, 1, 6]
2235573:[8, 2, 2, 2, 9, 6, 2, 6, 6, 2]
2235843:[5, 6, 2, 5, 5, 8, 6, 8, 5, 8]
2237485:[7, 4, 8, 2, 9, 5, 0, 5, 1, 7]
2237735:[8, 4, 6, 5, 5, 8, 1, 3, 6, 8]
2239134:[2, 7, 0, 6, 0, 4, 0, 7, 5, 5]
2242636:[9, 0, 7, 3, 2, 5, 9, 3, 1, 3]
2243562:[1, 4, 8, 6, 6, 7, 5, 3, 4, 6]
2244895:[8, 0, 6, 5, 9, 8, 4, 6, 1, 2]
2247029:[4, 8, 3, 3, 1, 2, 8, 6, 6, 2]
2247128:[8, 7, 1, 8, 0, 2, 4, 5, 6, 3]
2249775:[2, 7, 2, 9, 5, 3, 4, 9, 4, 5]
2250005:[9, 6, 1, 2, 5, 6, 4, 8, 5, 6]
2251080:[9, 8, 8, 3, 8, 4, 8, 9, 1, 5]
2251357:[4, 2, 7, 3, 8, 4, 8, 2, 6, 0]
2251565:[0, 1, 4, 1, 2, 3, 9, 8, 6, 2]
2255545:[6, 4, 3, 9, 7, 1, 4, 1, 3, 2]
2256756:[4, 2, 1, 0, 6, 0, 4, 3, 6, 9]
225803:[8, 7, 3, 5, 9, 2, 6, 7, 0, 8]
2258201:[7, 0, 6, 3, 2, 1, 6, 8, 3, 4]
2258989:[1, 7, 1, 1, 9, 8, 8, 7, 9, 7]
2260102:[3, 7, 7, 6, 6, 5, 5, 8, 5, 0]
2261220:[2, 1, 5, 8, 5, 1, 9, 9, 8, 7]
2263106:[3, 0, 2, 7, 5, 9, 7, 5, 4, 5]
2265660:[9, 4, 6, 6, 8, 5, 6, 3, 3, 2]
2265996:[0, 5, 0, 1, 4, 8, 3, 2, 0, 1]
2267823:[7, 5, 3, 6, 8, 7, 2, 9, 4, 5]
2268508:[6, 0, 1, 2, 7, 1, 8, 6, 2, 5]
2270583:[2, 7, 9, 2, 3, 4, 0, 8, 9, 2]
2270763:[2, 8, 8, 9, 0, 5, 0, 2, 0, 3]
2270900:[8, 6, 8, 1, 4, 9, 2, 5, 3, 2]
2271821:[5, 9, 2, 5, 4, 5, 2, 2, 7, 2]
2272065:[2, 4, 8, 9, 4, 2, 0, 3, 6, 4]
2272315:[6, 0, 1, 9, 1, 2, 3, 9, 5, 6]
2273057:[6, 3, 2, 8, 1, 7, 4, 1, 2, 3]
2273955:[0, 0, 1, 2, 7, 3, 6, 0, 6, 1]
2274171:[2, 8, 1, 7, 8, 9, 8, 8, 3, 6]
2274241:[1, 7, 7, 1, 3, 4, 7, 6, 8, 0]
2275822:[1, 3, 6, 5, 6, 9, 9, 5, 2, 6]
2276851:[5, 9, 4, 8, 7, 6, 1, 7, 7, 7]
2277733:[8, 9, 3, 0, 3, 8, 5, 4, 3, 0]
2278104:[2, 4, 7, 0, 4, 1, 1, 0, 6, 5]
2278780:[8, 0, 4, 3, 5, 4, 2, 3, 0, 4]
2278805:[0, 6, 4, 8, 2, 4, 2, 1, 8, 7]
2280071:[9, 4, 0, 9, 4, 4, 3, 2, 8, 9]
2281621:[8, 0, 1, 9, 3, 6, 0, 5, 6, 8]
2283326:[8, 8, 7, 0, 3, 4, 9, 0, 0, 7]
2285202:[4, 8, 4, 1, 6, 2, 6, 2, 9, 5]
2285475:[5, 9, 5, 9, 1, 8, 9, 3, 5, 5]
2285929:[8, 8, 9, 0, 3, 4, 7, 0, 3, 5]
2285987:[7, 5, 0, 2, 2, 5, 0, 0, 8, 6]
228625:[3, 2, 9, 0, 0, 1, 9, 7, 2, 4]
2287362:[9, 0, 3, 5, 0, 3, 2, 6, 2, 8]
228789:[7, 9, 2, 5, 3, 0, 4, 3, 1, 8]
2289541:[5, 8, 2, 5, 2, 7, 4, 4, 2, 9]
228993:[7, 6, 4, 5, 1, 0, 8, 2, 6, 1]
2291018:[9, 2, 2, 9, 0, 4, 9, 2, 4, 8]
2293063:[4, 2, 8, 4, 6, 5, 7, 0, 0, 5]
22938:[4, 0, 1, 7, 6, 0, 0, 9, 2, 9]
2294083:[2, 5, 8, 0, 4, 2, 3, 9, 0, 6]
2296997:[1, 1, 9, 0, 6, 3, 6, 5, 5, 3]
2298508:[0, 3, 0, 5, 7, 3, 3, 9, 8, 1]
2299797:[3, 0, 8, 3, 6, 9, 6, 9, 9, 6]
2303987:[5, 8, 6, 7, 4, 9, 9, 6, 2, 9]
230420:[9, 0, 0, 0, 1, 4, 1, 2, 1, 2]
2306350:[3, 5, 3, 5, 3, 2, 3, 1, 3, 4]
2306832:[6, 2, 2, 9, 7, 6, 1, 7, 6, 5]
2307241:[2, 7, 7, 7, 1, 9, 0, 9, 8, 8]
2307611:[3, 0, 7, 3, 5, 1, 4, 5, 6, 6]
2308518:[5, 1, 6, 2, 3, 0, 5, 7, 3, 6]
2308772:[6, 3, 2, 6, 3, 7, 8, 5, 3, 7]
230886:[7, 8, 2, 9, 8, 4, 0, 0, 0, 6]
2309139:[0, 9, 5, 7, 3, 4, 9, 2, 7, 9]
2309604:[7, 8, 8, 9, 8, 2, 1, 6, 3, 0]
230997:[9, 2, 5, 8, 1, 0, 6, 1, 2, 8]
2310576:[0, 1, 5, 4, 0, 9, 1, 1, 9, 4]
2310585:[7, 0, 9, 4, 3, 0, 2, 5, 7, 1]
2310782:[8, 5, 2, 1, 7, 7, 4, 6, 1, 6]
2310817:[3, 0, 2, 7, 7, 0, 6, 1, 4, 7]
2311606:[9, 6, 0, 9, 1, 8, 8, 3, 7, 0]
2312909:[7, 9, 7, 5, 1, 6, 1, 1, 8, 1]
231301:[6, 9, 2, 5, 0, 0, 4, 7, 9, 2]
2313755:[3, 6, 0, 2, 9, 2, 1, 3, 6, 2]
2313817:[2, 7, 3, 3, 1, 1, 2, 9, 4, 3]
2314182:[5, 4, 4, 8, 7, 7, 7, 9, 5, 6]
2314618:[0, 1, 2, 7, 6, 7, 2, 0, 2, 7]
2314782:[8, 8, 2, 9, 3, 0, 7, 9, 3, 1]
231517:[9, 7, 6, 1, 9, 2, 9, 7, 0, 1]
2315558:[8, 3, 6, 0, 3, 4, 6, 3, 9, 3]
231760:[8, 3, 5, 9, 7, 7, 7, 4, 7, 3]
2318820:[1, 1, 0, 2, 2, 6, 8, 9, 3, 2]
2319441:[9, 8, 4, 1, 7, 2, 2, 2, 4, 4]
2320843:[6, 4, 9, 1, 6, 8, 3, 6, 2, 6]
2321007:[7, 6, 7, 3, 2, 0, 3, 8, 8, 9]
2321546:[6, 7, 5, 5, 8, 2, 1, 5, 0, 9]
2322253:[9, 7, 3, 2, 5, 6, 1, 7, 8, 4]
2325523:[8, 1, 2, 3, 1, 9, 8, 5, 9, 9]
2328824:[9, 3, 2, 6, 2, 7, 9, 8, 9, 5]
2329444:[9, 8, 2, 1, 9, 2, 3, 4, 9, 8]
2330094:[7, 7, 4, 7, 4, 2, 2, 3, 4, 3]
2330258:[0, 4, 9, 9, 3, 3, 6, 8, 1, 4]
2330468:[4, 8, 8, 5, 8, 1, 1, 0, 3, 5]
2330580:[8, 7, 8, 9, 3, 6, 7, 0, 2, 9]
2331224:[0, 2, 0, 7, 0, 5, 3, 4, 4, 2]
2332142:[8, 9, 0, 0, 3, 3, 7, 2, 2, 4]
2332206:[3, 5, 2, 4, 8, 6, 1, 7, 7, 2]
2333333:[0, 5, 0, 1, 4, 8, 3, 2, 0, 1]
2338408:[5, 4, 7, 4, 1, 8, 9, 0, 3, 6]
2338604:[2, 3, 8, 0, 7, 9, 1, 0, 5, 6]
2340164:[9, 3, 1, 3, 2, 6, 1, 9, 5, 6]
2340820:[3, 2, 5, 2, 9, 1, 2, 0, 0, 3]
2341533:[8, 2, 8, 4, 5, 8, 5, 9, 5, 6]
234178:[4, 5, 3, 2, 7, 2, 1, 1, 5, 0]
2341981:[9, 5, 5, 9, 0, 6, 9, 9, 9, 1]
2343035:[7, 5, 3, 5, 5, 7, 5, 7, 0, 2]
234463:[9, 9, 6, 7, 4, 4, 4, 2, 2, 0]
2347248:[3, 6, 6, 1, 5, 5, 3, 2, 7, 6]
23476:[9, 0, 5, 0, 5, 0, 3, 1, 6, 6]
2348414:[5, 1, 8, 1, 6, 7, 9, 9, 4, 7]
234899:[1, 5, 5, 5, 4, 3, 3, 1, 7, 3]
2349134:[0, 0, 7, 9, 1, 4, 1, 8, 5, 4]
2349475:[8, 2, 8, 2, 4, 8, 6, 2, 9, 1]
2349509:[0, 7, 5, 9, 1, 5, 7, 1, 7, 9]
2349900:[6, 5, 3, 9, 8, 5, 0, 7, 4, 1]
2350505:[5, 4, 3, 8, 3, 6, 3, 4, 0, 8]
2351229:[8, 2, 7, 2, 1, 5, 2, 0, 9, 0]
2351722:[9, 6, 1, 0, 1, 3, 0, 0, 8, 6]
235181:[6, 4, 8, 9, 7, 5, 8, 1, 4, 9]
2352483:[4, 0, 8, 5, 4, 4, 2, 0, 1, 6]
2354027:[4, 6, 4, 7, 1, 5, 7, 6, 6, 7]
2354341:[9, 7, 5, 0, 6, 9, 2, 6, 2, 9]
2358080:[4, 5, 7, 6, 8, 4, 6, 3, 4, 5]
2359676:[0, 9, 6, 1, 6, 2, 9, 0, 5, 7]
2360457:[0, 4, 6, 2, 2, 2, 4, 9, 5, 9]
236429:[7, 8, 6, 3, 3, 2, 7, 5, 4, 8]
2366165:[8, 6, 6, 3, 8, 2, 8, 3, 3, 2]
2366758:[2, 4, 2, 0, 1, 6, 0, 7, 9, 5]
2367005:[9, 2, 1, 9, 9, 8, 5, 9, 7, 4]
2367735:[8, 3, 5, 8, 5, 9, 1, 3, 5, 8]
2370623:[6, 4, 2, 5, 4, 7, 8, 6, 6, 5]
2371894:[2, 4, 7, 5, 7, 3, 7, 5, 9, 6]
2373721:[3, 4, 2, 5, 2, 4, 5, 2, 3, 7]
2373910:[5, 4, 9, 4, 6, 7, 5, 2, 5, 8]
2375223:[5, 8, 6, 7, 4, 9, 9, 6, 2, 9]
2375233:[8, 5, 8, 9, 2, 6, 7, 6, 2, 0]
2376143:[6, 4, 5, 5, 1, 1, 9, 0, 1, 0]
2378019:[6, 4, 1, 9, 2, 1, 5, 7, 4, 1]
2378840:[7, 3, 9, 8, 2, 1, 6, 5, 9, 9]
2378941:[9, 8, 3, 1, 6, 2, 8, 9, 5, 7]
2380112:[9, 4, 4, 2, 0, 9, 2, 7, 1, 6]
2380516:[0, 3, 1, 7, 3, 4, 3, 7, 8, 5]
238522:[6, 2, 2, 6, 9, 6, 8, 8, 9, 0]
2386228:[1, 1, 0, 6, 1, 7, 6, 5, 2, 5]
2387849:[3, 4, 4, 8, 3, 0, 2, 1, 5, 3]
2390754:[6, 1, 5, 3, 0, 3, 9, 8, 2, 0]
2391335:[2, 0, 0, 4, 3, 6, 7, 0, 7, 6]
2393143:[1, 9, 3, 3, 1, 9, 1, 0, 3, 8]
239333:[9, 2, 5, 8, 5, 1, 7, 1, 3, 7]
2393651:[8, 8, 7, 6, 4, 4, 2, 0, 8, 1]
2393823:[1, 1, 5, 6, 2, 4, 2, 9, 3, 7]
2394413:[9, 0, 3, 5, 1, 0, 1, 5, 4, 6]
2396666:[6, 2, 9, 9, 7, 6, 8, 7, 1, 7]
2397494:[6, 3, 3, 8, 7, 3, 5, 3, 1, 9]
2398662:[7, 4, 5, 2, 3, 6, 7, 7, 8, 5]
2398956:[2, 1, 1, 8, 1, 5, 1, 9, 3, 7]
2399063:[5, 4, 2, 1, 8, 8, 8, 1, 2, 2]
2400380:[9, 7, 7, 1, 3, 4, 3, 5, 4, 5]
2401694:[7, 5, 0, 0, 7, 6, 7, 1, 9, 8]
2401724:[2, 4, 8, 0, 9, 6, 7, 6, 6, 6]
2405256:[2, 9, 5, 0, 1, 3, 4, 1, 4, 8]
2406827:[1, 8, 7, 8, 2, 6, 7, 6, 5, 1]
2408481:[0, 8, 9, 0, 5, 6, 7, 2, 8, 6]
2410256:[4, 2, 7, 9, 7, 1, 2, 6, 1, 2]
2410644:[4, 1, 5, 8, 8, 5, 2, 8, 9, 4]
2411970:[7, 9, 5, 6, 3, 3, 9, 2, 1, 7]
2412810:[5, 0, 6, 5, 9, 7, 4, 2, 7, 6]
2414093:[3, 5, 5, 5, 3, 0, 1, 8, 9, 5]
2414281:[9, 3, 3, 9, 2, 2, 7, 4, 1, 3]
2415005:[2, 2, 6, 8, 3, 3, 1, 7, 6, 8]
2416298:[9, 5, 3, 9, 4, 4, 4, 3, 7, 7]
2416628:[1, 2, 8, 5, 1, 2, 3, 5, 5, 8]
2417144:[7, 5, 8, 7, 7, 4, 7, 6, 4, 4]
2417898:[5, 3, 7, 2, 9, 4, 7, 2, 8, 0]
2418497:[3, 3, 2, 1, 5, 9, 4, 2, 1, 1]
2420118:[4, 2, 0, 9, 2, 6, 6, 9, 0, 0]
242289:[2, 4, 6, 2, 2, 7, 5, 8, 0, 2]
2424774:[7, 1, 3, 6, 3, 7, 0, 0, 2, 8]
2425073:[3, 8, 4, 5, 3, 6, 0, 6, 3, 7]
2425344:[2, 5, 7, 4, 2, 4, 6, 4, 4, 3]
242546:[5, 6, 1, 5, 3, 6, 1, 4, 0, 6]
2426969:[9, 8, 5, 3, 8, 6, 6, 3, 8, 3]
2430915:[5, 7, 6, 5, 8, 7, 3, 5, 7, 6]
2431192:[4, 1, 6, 2, 2, 7, 4, 1, 5, 7]
2431516:[1, 8, 6, 3, 6, 3, 7, 3, 2, 1]
2432224:[1, 8, 8, 8, 4, 4, 5, 5, 3, 3]
2434967:[8, 2, 9, 3, 0, 1, 8, 0, 3, 3]
243533:[0, 7, 8, 4, 3, 4, 2, 2, 4, 4]
2435586:[2, 4, 6, 6, 9, 6, 4, 8, 0, 8]
2436332:[5, 6, 1, 2, 0, 6, 2, 4, 2, 3]
2437350:[1, 2, 3, 8, 4, 8, 3, 0, 4, 8]
2437692:[9, 9, 3, 2, 2, 6, 9, 5, 5, 5]
2439807:[6, 5, 7, 9, 5, 7, 7, 1, 1, 8]
2440215:[3, 7, 3, 9, 0, 0, 5, 2, 8, 0]
2442052:[0, 5, 2, 0, 1, 6, 0, 4, 2, 8]
2445638:[5, 3, 0, 1, 0, 6, 3, 2, 2, 6]
2446591:[1, 9, 0, 4, 5, 8, 1, 3, 5, 0]
2446858:[9, 6, 4, 4, 4, 0, 1, 1, 1, 0]
2447264:[8, 3, 1, 2, 4, 8, 7, 4, 0, 2]
2449340:[9, 2, 2, 7, 4, 2, 3, 6, 4, 5]
2449578:[9, 2, 3, 3, 8, 8, 9, 9, 7, 2]
2450967:[6, 6, 3, 2, 3, 2, 0, 9, 0, 3]
2451234:[6, 8, 4, 1, 3, 3, 8, 4, 2, 2]
2455432:[5, 8, 9, 9, 0, 2, 3, 1, 5, 5]
2456194:[4, 2, 8, 2, 9, 8, 2, 9, 4, 1]
2459329:[9, 2, 1, 1, 8, 2, 4, 1, 1, 6]
2459450:[7, 6, 8, 1, 1, 1, 0, 7, 8, 0]
2459565:[5, 9, 3, 8, 9, 5, 2, 8, 8, 8]
2460485:[7, 6, 8, 4, 3, 6, 9, 6, 9, 7]
246048:[7, 0, 0, 2, 1, 6, 8, 4, 7, 2]
2461499:[8, 4, 9, 2, 0, 8, 8, 5, 7, 2]
2466829:[7, 1, 3, 9, 6, 7, 0, 9, 9, 2]
2467187:[9, 3, 2, 4, 3, 2, 9, 3, 1, 6]
2473998:[5, 3, 5, 6, 7, 3, 6, 3, 2, 7]
2475109:[6, 3, 5, 1, 0, 2, 9, 5, 7, 5]
2477696:[7, 7, 7, 2, 9, 7, 1, 0, 8, 1]
2477883:[4, 1, 1, 5, 0, 9, 2, 2, 2, 5]
2478541:[2, 8, 9, 5, 7, 9, 8, 0, 1, 3]
2482165:[5, 9, 7, 1, 1, 6, 4, 0, 9, 8]
2482689:[1, 5, 8, 9, 8, 4, 4, 2, 7, 5]
2482854:[0, 5, 8, 5, 9, 5, 7, 7, 1, 5]
2485606:[2, 6, 6, 0, 8, 5, 6, 9, 6, 6]
2487427:[2, 1, 7, 7, 6, 0, 1, 6, 0, 2]
2489941:[1, 9, 4, 6, 9, 6, 8, 9, 1, 2]
2490753:[4, 7, 3, 0, 5, 6, 8, 1, 9, 3]
2490782:[9, 1, 0, 1, 3, 8, 8, 5, 7, 6]
2491049:[8, 1, 5, 8, 6, 9, 7, 6, 6, 3]
2491327:[8, 8, 6, 5, 4, 8, 0, 9, 2, 6]
249174:[2, 4, 1, 1, 7, 9, 8, 9, 7, 5]
2491954:[2, 3, 9, 9, 3, 6, 5, 8, 2, 6]
24924:[8, 9, 8, 8, 6, 0, 7, 3, 2, 7]
2492570:[6, 4, 8, 0, 5, 1, 9, 8, 8, 5]
2493396:[7, 3, 0, 2, 9, 5, 7, 4, 2, 0]
2493742:[7, 9, 6, 1, 2, 6, 0, 7, 9, 0]
2495431:[2, 2, 8, 2, 4, 3, 0, 6, 2, 8]
2495942:[5, 0, 5, 5, 8, 6, 7, 1, 0, 2]
249879:[8, 7, 7, 4, 9, 6, 9, 5, 9, 3]
2499085:[9, 0, 0, 2, 1, 5, 1, 9, 1, 0]
2500460:[6, 8, 2, 1, 5, 7, 6, 4, 6, 9]
2500956:[5, 1, 7, 9, 4, 0, 8, 0, 1, 9]
2501731:[7, 8, 6, 0, 9, 5, 0, 4, 6, 3]
2501815:[0, 4, 3, 5, 2, 4, 5, 3, 4, 9]
2506355:[2, 9, 8, 7, 4, 6, 1, 6, 2, 3]
2507847:[4, 1, 0, 8, 1, 4, 0, 8, 5, 5]
2507952:[9, 4, 0, 8, 4, 0, 7, 7, 7, 7]
2509649:[4, 6, 0, 5, 5, 7, 1, 1, 2, 0]
25096:[7, 5, 9, 9, 2, 7, 2, 9, 0, 1]
2512413:[0, 8, 6, 3, 2, 9, 6, 0, 3, 0]
2513540:[2, 1, 8, 2, 6, 5, 7, 0, 3, 9]
251689:[3, 9, 4, 9, 8, 1, 3, 8, 5, 1]
2517308:[8, 1, 2, 2, 2, 2, 5, 1, 9, 2]
2517403:[4, 8, 0, 3, 1, 6, 1, 1, 9, 1]
251842:[4, 0, 4, 7, 9, 0, 8, 6, 3, 2]
251895:[4, 9, 2, 9, 2, 8, 5, 3, 4, 3]
2519192:[3, 8, 3, 4, 5, 7, 0, 9, 5, 3]
2521432:[3, 1, 3, 3, 3, 6, 8, 0, 8, 8]
2523003:[6, 2, 8, 1, 3, 5, 3, 5, 4, 0]
2523731:[7, 6, 6, 8, 2, 0, 4, 1, 4, 7]
2524974:[3, 4, 3, 1, 9, 0, 2, 9, 0, 4]
2528743:[2, 4, 4, 3, 5, 9, 1, 3, 4, 6]
2531976:[4, 1, 1, 2, 2, 9, 7, 2, 3, 1]
2532470:[4, 6, 7, 4, 0, 7, 7, 4, 0, 2]
2534133:[4, 7, 1, 4, 0, 1, 1, 8, 7, 1]
2534702:[1, 2, 3, 5, 2, 4, 3, 9, 8, 7]
2535019:[8, 7, 0, 1, 8, 6, 8, 0, 2, 8]
2535438:[8, 6, 1, 2, 1, 8, 4, 9, 8, 1]
2535481:[2, 7, 3, 3, 9, 6, 1, 1, 7, 3]
2536176:[5, 3, 2, 2, 3, 8, 3, 7, 1, 0]
2537326:[8, 1, 2, 3, 3, 3, 3, 8, 2, 2]
2537463:[9, 4, 9, 1, 6, 9, 7, 3, 0, 3]
2538412:[5, 1, 3, 9, 3, 8, 7, 0, 5, 6]
2539850:[5, 4, 8, 6, 9, 9, 0, 3, 4, 8]
2540435:[9, 7, 1, 4, 4, 6, 5, 6, 2, 6]
2540622:[0, 8, 2, 3, 2, 8, 4, 7, 3, 5]
2542205:[8, 9, 7, 9, 3, 8, 6, 7, 0, 3]
2542627:[6, 7, 9, 9, 3, 2, 1, 1, 7, 9]
2543710:[6, 6, 4, 1, 1, 3, 4, 8, 9, 2]
2544611:[4, 7, 3, 8, 1, 4, 7, 1, 2, 2]
2544722:[9, 0, 0, 3, 5, 5, 4, 2, 8, 6]
2544797:[4, 7, 7, 2, 9, 1, 0, 9, 5, 4]
2545612:[0, 1, 3, 0, 1, 7, 8, 5, 5, 9]
2546047:[0, 4, 9, 9, 8, 5, 6, 7, 4, 6]
2546339:[4, 1, 9, 5, 9, 5, 2, 1, 4, 8]
2546890:[8, 7, 5, 5, 3, 9, 1, 4, 7, 3]
254802:[2, 8, 2, 6, 7, 9, 2, 6, 3, 6]
2548747:[8, 0, 8, 9, 5, 6, 9, 7, 2, 5]
2549607:[6, 8, 1, 8, 4, 1, 7, 7, 9, 2]
2550615:[6, 2, 9, 3, 9, 8, 6, 1, 2, 6]
2551411:[1, 5, 3, 8, 2, 6, 3, 8, 0, 8]
2551605:[6, 7, 9, 3, 7, 8, 8, 3, 5, 6]
2552540:[2, 1, 9, 7, 6, 8, 4, 4, 7, 0]
255499:[2, 5, 1, 4, 1, 2, 4, 0, 2, 2]
2555447:[2, 6, 8, 7, 5, 5, 0, 7, 0, 8]
2558751:[3, 1, 2, 1, 8, 6, 1, 9, 9, 3]
2563557:[4, 4, 2, 6, 2, 3, 9, 2, 5, 6]
256387:[7, 4, 8, 9, 6, 6, 7, 6, 5, 6]
2564440:[5, 8, 6, 7, 7, 8, 6, 4, 4, 3]
2565633:[6, 9, 9, 4, 3, 6, 7, 3, 4, 1]
2567087:[6, 9, 8, 1, 7, 2, 2, 2, 0, 0]
2568062:[5, 2, 0, 8, 2, 9, 4, 4, 0, 7]
2569757:[0, 5, 4, 8, 0, 8, 2, 1, 5, 7]
2570465:[6, 4, 8, 8, 5, 5, 6, 6, 3, 6]
2570708:[1, 1, 5, 5, 3, 5, 8, 5, 0, 8]
2571244:[2, 8, 8, 8, 8, 8, 7, 6, 3, 9]
2571387:[0, 2, 6, 1, 6, 5, 0, 4, 5, 0]
2571799:[7, 5, 9, 2, 2, 6, 3, 1, 9, 7]
2575746:[8, 7, 8, 9, 9, 3, 4, 9, 4, 1]
2577181:[1, 3, 7, 9, 8, 0, 3, 1, 5, 8]
2577934:[3, 7, 6, 6, 5, 4, 9, 8, 9, 2]
2579472:[9, 3, 1, 9, 8, 7, 7, 2, 6, 0]
2579486:[5, 1, 1, 3, 4, 3, 0, 8, 9, 4]
2579778:[4, 4, 9, 1, 0, 6, 7, 0, 2, 4]
2580930:[8, 6, 3, 0, 1, 3, 7, 4, 9, 6]
2581186:[3, 9, 9, 8, 4, 1, 2, 9, 8, 8]
2581314:[5, 1, 0, 3, 4, 0, 5, 9, 3, 6]
2582616:[5, 3, 2, 6, 5, 1, 0, 6, 9, 6]
2582685:[2, 7, 6, 8, 2, 8, 8, 7, 5, 8]
2583960:[7, 8, 9, 5, 2, 6, 0, 5, 1, 7]
2586387:[5, 3, 2, 6, 3, 5, 1, 3, 2, 9]
2591232:[4, 0, 1, 7, 6, 4, 2, 9, 6, 3]
2591688:[4, 3, 5, 1, 0, 0, 0, 9, 1, 9]
2591808:[8, 8, 2, 5, 6, 8, 0, 7, 8, 8]
2591967:[0, 1, 3, 6, 0, 4, 8, 6, 6, 5]
2592346:[8, 1, 2, 5, 7, 5, 9, 1, 8, 9]
2593364:[7, 6, 4, 7, 2, 9, 5, 5, 4, 4]
2593521:[9, 4, 4, 3, 0, 8, 9, 2, 4, 6]
2593570:[6, 7, 3, 9, 8, 6, 6, 4, 9, 2]
2593685:[7, 6, 6, 0, 3, 5, 0, 6, 8, 3]
259398:[2, 7, 2, 4, 5, 8, 8, 8, 8, 7]
2595710:[5, 7, 1, 2, 1, 5, 1, 4, 2, 4]
259736:[6, 3, 3, 5, 0, 3, 1, 6, 5, 7]
2597751:[7, 6, 1, 2, 9, 8, 7, 0, 4, 9]
2598162:[4, 1, 7, 5, 4, 2, 3, 4, 1, 5]
2598513:[5, 2, 7, 1, 1, 1, 8, 6, 8, 6]
2599726:[3, 4, 9, 1, 3, 9, 0, 9, 0, 6]
2599728:[2, 3, 3, 9, 5, 4, 8, 1, 5, 5]
2600008:[9, 0, 4, 7, 8, 2, 9, 0, 3, 5]
2602147:[9, 5, 8, 8, 0, 0, 5, 5, 2, 5]
2603675:[6, 1, 5, 2, 2, 7, 0, 8, 5, 6]
2604566:[7, 4, 9, 7, 3, 4, 7, 3, 9, 9]
2605879:[3, 6, 4, 0, 3, 9, 0, 0, 7, 6]
2610340:[1, 8, 8, 0, 6, 6, 2, 2, 3, 5]
2610458:[3, 7, 2, 7, 8, 3, 8, 4, 9, 7]
2611124:[3, 1, 6, 8, 9, 8, 4, 8, 7, 2]
2613365:[4, 4, 9, 1, 0, 6, 8, 0, 2, 8]
2614651:[3, 2, 2, 0, 9, 8, 4, 5, 2, 5]
2615262:[6, 7, 5, 8, 6, 4, 4, 0, 1, 0]
2616350:[8, 7, 1, 7, 8, 6, 0, 0, 4, 2]
2617778:[5, 3, 1, 3, 2, 4, 4, 3, 5, 8]
2620147:[9, 5, 6, 2, 5, 4, 6, 5, 1, 0]
2620336:[7, 2, 7, 0, 1, 3, 0, 7, 9, 4]
2621316:[5, 0, 8, 6, 4, 2, 5, 6, 8, 2]
2623758:[4, 8, 1, 0, 9, 0, 2, 7, 4, 9]
262401:[4, 6, 0, 3, 5, 6, 5, 7, 5, 9]
2624788:[2, 5, 0, 2, 2, 3, 5, 6, 8, 0]
2624791:[9, 2, 3, 6, 3, 7, 4, 8, 3, 6]
2626603:[0, 4, 5, 5, 4, 2, 4, 0, 1, 7]
262766:[6, 2, 9, 9, 4, 6, 2, 1, 2, 6]
2627731:[5, 9, 5, 8, 2, 8, 3, 2, 8, 2]
2628510:[4, 4, 6, 3, 3, 5, 1, 6, 2, 8]
2628694:[6, 1, 0, 2, 1, 4, 3, 5, 4, 6]
2628889:[6, 8, 4, 3, 2, 3, 7, 6, 9, 9]
2632418:[0, 6, 7, 3, 9, 2, 5, 7, 6, 3]
2633755:[6, 1, 0, 6, 4, 7, 8, 2, 2, 0]
263502:[7, 5, 0, 5, 2, 3, 0, 3, 0, 6]
2636525:[6, 5, 4, 9, 2, 6, 3, 7, 1, 1]
2637842:[0, 0, 3, 3, 3, 4, 3, 1, 9, 3]
2638071:[4, 7, 0, 9, 0, 8, 1, 1, 3, 2]
2639797:[1, 1, 2, 1, 4, 6, 3, 3, 9, 3]
2639833:[2, 6, 7, 5, 1, 1, 6, 7, 7, 6]
2640392:[5, 2, 2, 9, 6, 2, 0, 4, 3, 0]
2641170:[1, 6, 0, 3, 0, 3, 6, 1, 9, 9]
2641184:[8, 4, 5, 5, 7, 3, 1, 8, 7, 3]
2642236:[5, 1, 5, 3, 3, 9, 7, 7, 1, 8]
2642777:[9, 0, 4, 9, 6, 4, 1, 1, 9, 5]
2643336:[5, 5, 9, 1, 1, 6, 1, 5, 9, 8]
264450:[4, 2, 2, 1, 9, 5, 3, 9, 7, 8]
2647679:[4, 3, 9, 7, 2, 1, 5, 9, 9, 6]
2649102:[0, 3, 8, 1, 3, 9, 3, 7, 1, 8]
2649689:[6, 7, 5, 0, 5, 7, 9, 7, 8, 6]
2650847:[9, 4, 8, 8, 0, 1, 7, 8, 4, 7]
265101:[6, 0, 3, 4, 7, 0, 4, 2, 4, 9]
2654699:[9, 4, 0, 9, 3, 6, 8, 7, 1, 0]
2659604:[7, 3, 0, 8, 6, 0, 0, 2, 7, 6]
2664667:[4, 4, 2, 4, 7, 5, 2, 3, 4, 5]
2665128:[8, 5, 7, 9, 9, 8, 5, 5, 1, 6]
2665584:[0, 7, 4, 5, 1, 3, 1, 4, 8, 9]
2665900:[9, 1, 2, 4, 1, 9, 4, 1, 4, 5]
2666621:[4, 6, 2, 1, 9, 6, 1, 5, 4, 7]
2667533:[2, 8, 3, 9, 0, 0, 2, 5, 0, 4]
2667703:[6, 4, 1, 5, 5, 7, 9, 7, 4, 0]
2670167:[2, 0, 6, 3, 8, 7, 7, 1, 4, 2]
2673365:[5, 2, 7, 5, 0, 2, 6, 5, 1, 2]
2673677:[9, 7, 4, 4, 1, 3, 8, 9, 5, 4]
2674241:[2, 1, 0, 5, 1, 7, 3, 8, 5, 7]
2674249:[2, 3, 5, 3, 1, 7, 0, 8, 3, 7]
2674409:[6, 3, 7, 1, 4, 0, 6, 9, 1, 0]
2674851:[0, 1, 0, 4, 5, 0, 6, 7, 4, 0]
2675916:[0, 2, 2, 2, 3, 6, 0, 9, 5, 4]
2675960:[2, 0, 7, 6, 9, 8, 4, 5, 2, 0]
267660:[0, 9, 6, 4, 3, 2, 1, 5, 1, 3]
2678815:[7, 1, 2, 6, 0, 4, 9, 3, 0, 2]
2678832:[5, 5, 9, 3, 6, 7, 3, 9, 9, 1]
2679037:[1, 2, 6, 5, 6, 5, 0, 7, 7, 3]
2679501:[0, 3, 8, 2, 1, 3, 1, 3, 8, 4]
2681051:[8, 3, 9, 5, 9, 4, 9, 2, 7, 9]
2681532:[2, 3, 3, 7, 5, 4, 8, 9, 7, 4]
2686128:[9, 0, 4, 4, 5, 6, 0, 5, 3, 7]
2687325:[3, 7, 5, 2, 8, 0, 6, 7, 6, 2]
2688483:[0, 7, 0, 5, 0, 3, 7, 7, 6, 7]
2688872:[0, 0, 2, 4, 1, 6, 6, 8, 9, 3]
2692754:[0, 3, 7, 2, 2, 1, 6, 7, 4, 8]
2692961:[7, 0, 1, 1, 3, 2, 2, 2, 2, 9]
2697904:[1, 2, 3, 8, 2, 3, 7, 0, 4, 6]
2698610:[5, 2, 0, 5, 3, 5, 8, 1, 9, 7]
2698718:[6, 9, 7, 9, 0, 4, 0, 5, 7, 3]
2699987:[3, 2, 5, 4, 9, 0, 8, 4, 9, 7]
2700314:[6, 8, 7, 0, 1, 6, 3, 7, 8, 0]
2700945:[2, 3, 5, 9, 3, 1, 1, 4, 8, 5]
2701547:[9, 4, 6, 7, 8, 7, 3, 4, 8, 0]
2702829:[2, 3, 4, 2, 6, 3, 3, 9, 5, 4]
2704501:[5, 8, 2, 5, 9, 1, 7, 7, 2, 5]
2706879:[2, 6, 6, 5, 0, 5, 6, 2, 8, 6]
2710667:[9, 4, 5, 6, 4, 8, 6, 1, 6, 7]
2711003:[6, 6, 6, 1, 9, 8, 9, 0, 0, 9]
2711127:[8, 3, 6, 9, 4, 4, 1, 1, 1, 1]
2711432:[9, 1, 9, 7, 9, 5, 3, 3, 0, 2]
2711992:[5, 5, 0, 1, 6, 4, 2, 0, 0, 7]
2714071:[6, 9, 5, 8, 0, 2, 7, 8, 1, 1]
271453:[7, 9, 4, 9, 9, 4, 5, 4, 7, 1]
2714853:[9, 5, 1, 4, 7, 3, 4, 2, 9, 0]
2715524:[0, 1, 7, 6, 2, 8, 2, 9, 3, 6]
2716535:[9, 4, 2, 9, 5, 9, 6, 5, 2, 5]
2716586:[3, 5, 6, 7, 0, 6, 4, 3, 1, 5]
2719395:[0, 0, 4, 8, 5, 9, 2, 1, 6, 9]
272226:[9, 2, 0, 9, 8, 4, 7, 8, 3, 3]
2724797:[6, 1, 2, 0, 7, 6, 2, 6, 1, 4]
2728597:[1, 4, 1, 9, 3, 8, 5, 5, 3, 9]
2728895:[1, 2, 5, 9, 7, 7, 4, 1, 2, 7]
2730484:[5, 8, 8, 9, 3, 2, 5, 1, 4, 1]
273220:[3, 6, 8, 0, 0, 6, 1, 4, 6, 0]
2733074:[4, 9, 0, 9, 2, 6, 7, 6, 2, 0]
2735867:[4, 8, 4, 9, 3, 4, 7, 6, 5, 1]
2736397:[6, 2, 8, 1, 3, 5, 3, 5, 4, 0]
2736878:[7, 6, 5, 3, 2, 6, 9, 4, 8, 0]
2738690:[9, 4, 2, 6, 0, 2, 7, 5, 4, 9]
2738993:[9, 7, 7, 5, 2, 3, 4, 7, 8, 0]
2739572:[9, 7, 0, 3, 5, 4, 6, 0, 7, 5]
2740222:[2, 3, 6, 8, 1, 3, 0, 4, 8, 8]
2742234:[3, 4, 4, 8, 3, 0, 2, 1, 5, 3]
2742651:[0, 8, 9, 5, 2, 5, 6, 2, 3, 0]
2743751:[7, 7, 4, 1, 5, 8, 6, 9, 4, 4]
2747368:[5, 4, 5, 4, 0, 4, 1, 8, 2, 0]
2747701:[5, 2, 0, 3, 3, 5, 8, 5, 4, 3]
2748016:[0, 2, 6, 4, 5, 7, 0, 5, 7, 9]
2748224:[4, 8, 9, 5, 9, 5, 3, 1, 4, 8]
2752372:[4, 6, 0, 6, 9, 5, 4, 2, 3, 8]
2752706:[5, 6, 4, 1, 7, 9, 2, 0, 3, 3]
2752836:[6, 8, 0, 4, 8, 5, 1, 4, 2, 5]
2752882:[2, 8, 8, 7, 0, 2, 2, 1, 6, 8]
2753109:[6, 5, 9, 2, 1, 3, 1, 5, 7, 3]
275430:[5, 3, 8, 4, 6, 4, 6, 5, 1, 6]
2754670:[5, 0, 6, 0, 0, 4, 7, 6, 1, 3]
2756760:[5, 5, 5, 9, 3, 6, 1, 3, 9, 0]
2757234:[2, 7, 5, 8, 3, 7, 8, 4, 1, 7]
2758603:[5, 6, 1, 5, 2, 5, 3, 9, 4, 7]
2759109:[9, 2, 7, 6, 1, 9, 8, 0, 5, 0]
2759153:[3, 2, 8, 4, 1, 5, 3, 3, 2, 1]
2759934:[7, 3, 1, 3, 9, 2, 5, 0, 4, 5]
2762425:[0, 8, 5, 0, 7, 7, 4, 5, 8, 4]
2763003:[0, 3, 6, 4, 6, 6, 9, 7, 1, 4]
2764162:[1, 5, 0, 2, 1, 3, 7, 5, 4, 2]
2764641:[2, 6, 0, 3, 8, 5, 5, 3, 5, 7]
2765202:[6, 7, 0, 0, 3, 1, 5, 8, 0, 3]
276523:[1, 8, 6, 3, 8, 6, 8, 3, 7, 1]
2765303:[6, 8, 7, 4, 5, 5, 0, 3, 1, 5]
2765915:[1, 8, 5, 8, 4, 4, 5, 3, 0, 0]
276727:[2, 2, 4, 8, 9, 4, 6, 9, 0, 2]
2768645:[6, 5, 8, 0, 8, 6, 2, 2, 7, 9]
2769068:[3, 3, 8, 1, 1, 3, 7, 9, 6, 2]
2769756:[0, 8, 0, 2, 5, 7, 0, 3, 3, 7]
2770996:[2, 5, 7, 0, 3, 0, 0, 4, 0, 8]
2774002:[6, 3, 0, 5, 9, 6, 6, 8, 2, 1]
2774016:[5, 3, 3, 5, 3, 9, 5, 7, 4, 9]
2776057:[7, 5, 8, 1, 4, 6, 4, 9, 3, 7]
2777325:[5, 6, 6, 2, 2, 2, 3, 4, 4, 0]
2777545:[0, 5, 1, 2, 4, 4, 3, 9, 2, 3]
2778294:[8, 9, 6, 1, 0, 4, 3, 1, 5, 1]
2779376:[5, 6, 4, 5, 2, 5, 1, 9, 8, 3]
2780416:[7, 6, 4, 5, 3, 2, 6, 2, 8, 6]
2782561:[0, 9, 5, 5, 4, 0, 8, 1, 1, 7]
278317:[1, 5, 9, 9, 1, 1, 1, 6, 8, 9]
2783583:[7, 7, 1, 1, 2, 3, 8, 7, 5, 6]
2783974:[8, 8, 4, 0, 8, 4, 2, 0, 1, 8]
2784558:[3, 5, 1, 3, 5, 6, 1, 8, 9, 3]
2785223:[5, 1, 8, 7, 0, 6, 3, 9, 2, 5]
2786616:[8, 8, 0, 2, 4, 5, 6, 9, 6, 1]
2788057:[8, 2, 6, 1, 5, 5, 7, 4, 5, 1]
2790182:[5, 2, 5, 5, 3, 8, 9, 8, 3, 9]
2790674:[0, 5, 8, 5, 8, 7, 8, 2, 2, 9]
2790817:[9, 4, 7, 1, 6, 5, 8, 2, 8, 5]
2791993:[3, 1, 2, 8, 1, 3, 1, 6, 6, 0]
2794084:[2, 6, 2, 2, 9, 6, 1, 7, 0, 7]
2794506:[9, 4, 7, 2, 7, 5, 4, 3, 2, 6]
2797047:[0, 7, 2, 8, 7, 7, 0, 0, 1, 3]
2798699:[3, 3, 0, 8, 9, 7, 2, 0, 2, 7]
2798852:[9, 4, 0, 1, 2, 3, 3, 2, 5, 7]
2799797:[5, 7, 5, 8, 5, 9, 0, 2, 6, 0]
2801097:[1, 1, 7, 2, 2, 5, 1, 0, 0, 6]
2802226:[8, 0, 7, 1, 3, 6, 7, 0, 7, 7]
2805379:[0, 6, 2, 9, 2, 0, 5, 9, 3, 6]
2809063:[9, 1, 6, 5, 0, 5, 8, 8, 2, 5]
2811405:[3, 9, 7, 6, 5, 7, 5, 4, 2, 3]
2813632:[5, 9, 4, 3, 4, 4, 8, 9, 5, 5]
2815420:[3, 3, 9, 4, 5, 4, 3, 1, 7, 4]
2818013:[1, 4, 3, 8, 8, 1, 2, 8, 2, 7]
281876:[0, 3, 0, 9, 3, 9, 3, 8, 2, 5]
2820681:[2, 1, 9, 0, 7, 6, 2, 4, 1, 0]
2821892:[1, 3, 8, 3, 8, 5, 0, 4, 8, 2]
2824233:[8, 1, 2, 6, 9, 4, 5, 6, 1, 7]
2825785:[7, 2, 3, 3, 1, 1, 2, 4, 0, 1]
2831082:[5, 1, 6, 6, 5, 3, 2, 3, 2, 8]
2831210:[2, 3, 4, 9, 0, 9, 0, 3, 5, 2]
2832313:[9, 1, 5, 3, 8, 4, 3, 0, 5, 0]
2836705:[8, 9, 9, 3, 6, 5, 7, 3, 4, 8]
2837809:[2, 2, 7, 1, 5, 2, 3, 7, 0, 1]
2839578:[4, 9, 7, 5, 1, 8, 9, 7, 2, 0]
2840002:[4, 5, 6, 2, 6, 0, 0, 3, 3, 7]
2842707:[1, 7, 9, 1, 3, 1, 4, 2, 3, 7]
2842869:[7, 7, 1, 2, 5, 5, 9, 7, 3, 8]
2845322:[9, 3, 7, 2, 7, 0, 6, 3, 1, 4]
2852331:[9, 5, 5, 5, 7, 8, 7, 4, 5, 9]
2854490:[5, 2, 2, 5, 8, 1, 0, 3, 6, 6]
2855522:[2, 2, 5, 2, 1, 0, 1, 3, 9, 2]
2855633:[8, 2, 3, 4, 6, 4, 7, 8, 8, 1]
2856014:[1, 2, 4, 1, 2, 1, 8, 8, 4, 9]
2856079:[2, 6, 8, 0, 4, 7, 1, 4, 5, 4]
2856297:[4, 3, 1, 2, 5, 8, 4, 2, 9, 5]
2857000:[2, 4, 4, 8, 8, 0, 5, 5, 0, 8]
2857920:[7, 7, 9, 3, 7, 0, 5, 4, 5, 9]
2858218:[5, 5, 2, 0, 3, 3, 0, 8, 9, 2]
2860596:[0, 5, 5, 6, 0, 2, 7, 8, 7, 2]
2861453:[1, 4, 8, 9, 0, 5, 2, 9, 0, 7]
2865037:[2, 3, 9, 9, 8, 8, 9, 4, 4, 9]
2867023:[0, 2, 7, 3, 0, 2, 4, 2, 0, 6]
286719:[3, 8, 0, 5, 4, 3, 5, 0, 1, 1]
2867220:[1, 7, 5, 8, 4, 0, 0, 8, 6, 0]
2870916:[9, 8, 1, 7, 9, 6, 9, 2, 6, 4]
2874693:[8, 4, 9, 1, 0, 6, 0, 2, 2, 6]
2875975:[8, 5, 3, 5, 3, 4, 8, 4, 2, 6]
2877:[1, 7, 9, 9, 8, 6, 9, 5, 7, 0]
2881683:[1, 8, 2, 5, 7, 5, 7, 2, 1, 1]
2881727:[0, 1, 8, 7, 5, 1, 0, 3, 1, 6]
2882561:[4, 8, 7, 3, 1, 5, 9, 6, 9, 6]
2883005:[5, 4, 5, 2, 5, 3, 4, 5, 2, 9]
2883209:[5, 1, 5, 5, 6, 8, 9, 4, 1, 9]
2884715:[3, 5, 3, 8, 1, 2, 4, 8, 1, 8]
2885111:[1, 2, 4, 7, 3, 0, 5, 8, 3, 1]
2885422:[1, 6, 0, 2, 2, 6, 0, 4, 0, 8]
288554:[4, 2, 2, 8, 9, 8, 5, 7, 2, 0]
2887275:[2, 8, 7, 9, 9, 3, 7, 1, 4, 6]
2887624:[4, 8, 9, 9, 7, 8, 4, 4, 5, 5]
2889416:[5, 3, 2, 1, 9, 8, 2, 5, 1, 6]
289002:[6, 9, 4, 7, 3, 3, 5, 3, 2, 8]
2890317:[4, 6, 0, 6, 6, 3, 0, 8, 8, 6]
2891684:[9, 2, 8, 0, 7, 2, 0, 0, 3, 4]
2892167:[6, 2, 2, 9, 1, 0, 4, 3, 8, 1]
2893198:[4, 5, 1, 6, 9, 7, 8, 0, 2, 1]
289371:[9, 5, 0, 5, 3, 7, 1, 3, 0, 9]
2893886:[3, 2, 9, 1, 4, 7, 8, 1, 1, 3]
289512:[7, 1, 5, 7, 5, 8, 8, 0, 0, 8]
2895807:[7, 9, 5, 7, 3, 8, 7, 8, 1, 6]
2897944:[4, 8, 9, 4, 9, 9, 2, 1, 2, 6]
2900934:[6, 6, 9, 2, 7, 4, 1, 2, 6, 5]
2901439:[6, 3, 6, 6, 4, 0, 8, 5, 7, 6]
2902144:[2, 2, 5, 0, 5, 0, 7, 8, 1, 0]
2904385:[6, 5, 3, 9, 6, 9, 6, 9, 3, 6]
2904872:[4, 1, 7, 2, 8, 7, 3, 3, 6, 6]
2905704:[3, 3, 3, 2, 8, 5, 2, 5, 1, 0]
2907368:[8, 0, 6, 4, 4, 4, 9, 9, 1, 3]
2907801:[8, 4, 6, 5, 6, 6, 1, 9, 0, 2]
2909595:[0, 3, 7, 7, 0, 5, 3, 7, 1, 4]
2910035:[5, 2, 4, 9, 4, 9, 8, 8, 9, 9]
2913555:[4, 0, 0, 3, 1, 8, 0, 6, 4, 5]
2913904:[4, 9, 1, 1, 6, 7, 6, 8, 2, 6]
2914008:[6, 4, 1, 8, 3, 5, 9, 6, 2, 9]
2915127:[2, 5, 5, 9, 9, 8, 4, 4, 4, 1]
2915201:[3, 2, 7, 6, 6, 0, 5, 1, 8, 9]
2915840:[0, 4, 0, 8, 7, 8, 4, 6, 0, 0]
2916710:[3, 4, 7, 7, 7, 5, 3, 0, 4, 9]
2916970:[5, 7, 7, 7, 3, 4, 8, 8, 7, 5]
2919057:[0, 7, 8, 2, 3, 0, 1, 3, 9, 2]
2919762:[0, 7, 3, 1, 9, 8, 1, 6, 5, 5]
2919992:[8, 1, 0, 3, 1, 8, 3, 7, 3, 0]
2920785:[8, 9, 5, 0, 8, 1, 2, 7, 0, 3]
2921747:[9, 1, 0, 5, 4, 4, 2, 7, 8, 6]
2921875:[5, 5, 1, 2, 2, 8, 2, 4, 9, 2]
2924855:[8, 8, 0, 8, 0, 1, 1, 7, 9, 3]
2925302:[3, 7, 8, 6, 9, 5, 6, 6, 4, 6]
2925951:[7, 6, 7, 3, 9, 3, 8, 8, 1, 8]
2926445:[1, 8, 3, 3, 2, 8, 8, 8, 9, 4]
292702:[6, 4, 5, 9, 3, 9, 4, 4, 8, 2]
2929388:[6, 5, 6, 0, 1, 3, 3, 6, 2, 6]
2929915:[9, 8, 5, 4, 1, 8, 7, 6, 2, 9]
2930484:[8, 6, 9, 9, 7, 2, 8, 4, 5, 7]
2931172:[0, 5, 8, 8, 5, 7, 4, 6, 8, 3]
2932856:[6, 6, 3, 4, 3, 7, 2, 6, 5, 3]
2932877:[4, 7, 3, 6, 2, 5, 2, 9, 9, 3]
2934083:[3, 7, 7, 5, 9, 5, 5, 0, 9, 6]
2936013:[8, 4, 6, 3, 7, 5, 2, 5, 0, 3]
2937009:[7, 7, 0, 1, 8, 0, 9, 1, 4, 9]
2937161:[9, 4, 2, 9, 7, 9, 5, 6, 2, 8]
2937424:[8, 3, 7, 0, 7, 6, 6, 5, 0, 8]
2938302:[5, 7, 9, 9, 5, 0, 3, 2, 0, 0]
293845:[4, 4, 0, 3, 2, 1, 4, 8, 8, 4]
2939375:[8, 3, 3, 2, 4, 4, 9, 6, 2, 5]
2940783:[5, 4, 3, 6, 4, 6, 0, 1, 7, 4]
2942307:[3, 2, 4, 9, 3, 8, 2, 9, 2, 9]
2943438:[6, 7, 7, 9, 7, 7, 8, 1, 5, 4]
2943465:[2, 7, 9, 1, 4, 9, 2, 7, 0, 0]
2946209:[2, 6, 2, 1, 4, 7, 2, 7, 5, 8]
2951836:[3, 8, 2, 2, 9, 6, 2, 4, 7, 6]
2952654:[3, 3, 3, 4, 8, 0, 3, 0, 0, 7]
2953051:[2, 5, 7, 0, 3, 9, 9, 4, 0, 8]
2953193:[0, 2, 4, 5, 7, 2, 3, 6, 5, 6]
2953497:[1, 2, 4, 9, 1, 3, 1, 6, 2, 1]
2953691:[9, 4, 1, 5, 9, 2, 3, 3, 6, 8]
2954566:[0, 4, 9, 5, 6, 5, 7, 5, 8, 6]
2955065:[2, 4, 4, 0, 9, 9, 7, 7, 4, 7]
2955605:[2, 9, 7, 7, 2, 4, 9, 7, 4, 0]
2956253:[1, 2, 1, 0, 9, 1, 2, 3, 1, 8]
2959404:[0, 4, 3, 9, 4, 0, 6, 2, 1, 9]
2959435:[0, 1, 9, 6, 5, 9, 0, 5, 5, 1]
2960224:[0, 4, 6, 5, 1, 7, 9, 9, 2, 9]
2960794:[6, 1, 1, 5, 0, 1, 0, 1, 2, 5]
2961847:[6, 8, 1, 2, 7, 6, 8, 6, 4, 6]
2962040:[5, 4, 8, 3, 2, 6, 6, 7, 2, 1]
2964842:[4, 6, 8, 7, 4, 1, 8, 3, 4, 7]
2966185:[3, 0, 6, 7, 7, 4, 3, 2, 5, 6]
2967933:[7, 9, 7, 1, 7, 3, 0, 5, 5, 0]
2968465:[1, 2, 9, 5, 6, 5, 1, 3, 1, 1]
2969159:[4, 9, 6, 8, 5, 8, 0, 2, 8, 6]
2969910:[0, 1, 8, 7, 5, 1, 0, 3, 1, 6]
2969999:[0, 8, 9, 3, 4, 0, 7, 6, 4, 9]
2972534:[4, 0, 7, 5, 1, 9, 7, 4, 7, 2]
2972901:[5, 7, 8, 7, 1, 3, 9, 7, 2, 6]
2974713:[1, 1, 9, 8, 2, 5, 1, 1, 2, 8]
2975624:[4, 3, 6, 9, 3, 7, 2, 9, 3, 7]
2978912:[9, 9, 1, 3, 8, 0, 9, 4, 5, 2]
2981582:[3, 4, 6, 4, 4, 8, 0, 6, 3, 6]
2983150:[4, 6, 6, 2, 1, 0, 7, 8, 4, 0]
2987491:[9, 5, 0, 9, 3, 1, 8, 1, 2, 2]
2988584:[8, 2, 0, 8, 2, 0, 2, 9, 0, 6]
2991241:[9, 8, 9, 2, 6, 5, 2, 6, 9, 0]
299283:[9, 7, 7, 3, 9, 4, 2, 8, 0, 6]
29939:[6, 1, 9, 1, 5, 3, 2, 5, 8, 1]
2996869:[8, 5, 7, 3, 5, 7, 1, 1, 8, 8]
2997851:[5, 0, 0, 1, 3, 8, 3, 3, 2, 0]
2998176:[4, 6, 2, 8, 7, 8, 4, 1, 4, 2]
2998383:[1, 1, 0, 3, 8, 4, 8, 7, 2, 3]
2998456:[5, 8, 5, 6, 4, 4, 8, 1, 2, 5]
3000128:[4, 0, 4, 2, 2, 6, 5, 8, 4, 3]
30015:[5, 0, 8, 4, 1, 6, 3, 0, 3, 5]
3001846:[4, 7, 7, 5, 7, 6, 6, 4, 1, 2]
3003262:[9, 7, 4, 0, 4, 8, 0, 4, 2, 4]
3003685:[2, 0, 4, 6, 1, 8, 6, 1, 9, 5]
3004559:[9, 3, 1, 7, 1, 8, 8, 8, 7, 6]
3004754:[4, 8, 9, 3, 9, 5, 3, 0, 6, 8]
3004817:[5, 0, 1, 2, 8, 7, 5, 8, 0, 6]
3005000:[1, 2, 7, 1, 7, 7, 7, 9, 5, 9]
3006071:[7, 8, 8, 5, 9, 4, 4, 7, 1, 0]
3009392:[5, 2, 6, 3, 5, 6, 9, 3, 1, 6]
3009440:[8, 3, 9, 7, 5, 9, 4, 8, 9, 0]
3011305:[5, 3, 9, 9, 5, 3, 7, 8, 1, 0]
3012888:[7, 9, 4, 5, 1, 9, 0, 7, 1, 8]
3013661:[6, 2, 8, 6, 4, 3, 1, 9, 2, 0]
3016413:[2, 1, 1, 9, 3, 8, 1, 7, 3, 9]
3021989:[6, 0, 0, 5, 6, 9, 6, 5, 2, 7]
302361:[7, 5, 1, 8, 9, 2, 3, 4, 5, 6]
3023933:[3, 4, 4, 8, 3, 0, 2, 1, 5, 3]
3024833:[8, 2, 7, 0, 3, 9, 3, 4, 1, 7]
3025673:[1, 3, 7, 9, 8, 0, 3, 1, 5, 8]
3026653:[8, 7, 1, 5, 1, 2, 3, 7, 5, 3]
3029391:[8, 8, 6, 6, 9, 6, 4, 3, 6, 6]
3029448:[3, 0, 1, 8, 8, 1, 0, 2, 3, 6]
3032317:[5, 1, 5, 5, 6, 8, 9, 4, 1, 9]
3033009:[9, 4, 0, 9, 3, 6, 3, 0, 2, 9]
30341:[9, 9, 9, 6, 4, 8, 1, 1, 3, 6]
3034285:[0, 0, 2, 5, 0, 5, 9, 5, 5, 0]
3034571:[0, 1, 2, 5, 1, 6, 7, 9, 8, 5]
3035589:[4, 1, 3, 5, 6, 4, 0, 2, 3, 6]
3036367:[0, 0, 8, 9, 2, 1, 2, 3, 2, 2]
3037703:[1, 8, 9, 6, 9, 6, 8, 0, 0, 7]
304129:[0, 0, 7, 7, 9, 4, 4, 1, 5, 6]
3043593:[0, 1, 5, 2, 2, 9, 8, 4, 1, 8]
3043712:[0, 7, 5, 2, 2, 2, 3, 0, 6, 5]
304891:[2, 8, 1, 0, 5, 8, 4, 5, 4, 0]
3049372:[3, 3, 3, 0, 6, 5, 8, 3, 3, 6]
3049524:[5, 2, 3, 5, 7, 8, 1, 5, 3, 8]
3051112:[5, 5, 2, 8, 7, 9, 9, 3, 0, 6]
3051303:[7, 8, 8, 8, 1, 6, 7, 8, 3, 8]
305201:[7, 8, 4, 4, 2, 7, 0, 7, 3, 1]
3053285:[0, 3, 2, 1, 3, 1, 8, 7, 6, 6]
3057164:[0, 4, 1, 9, 2, 7, 9, 3, 0, 2]
3057342:[4, 2, 3, 2, 6, 9, 7, 2, 8, 8]
3058429:[6, 7, 7, 5, 3, 9, 7, 6, 3, 9]
3058509:[7, 5, 1, 8, 6, 7, 1, 9, 7, 7]
3059166:[0, 1, 9, 7, 0, 0, 6, 6, 5, 8]
3059316:[7, 4, 1, 3, 1, 4, 4, 6, 0, 1]
3059873:[2, 7, 6, 1, 6, 0, 2, 8, 5, 0]
3060749:[5, 2, 4, 5, 2, 4, 9, 0, 2, 8]
3060846:[4, 9, 0, 3, 2, 1, 9, 7, 4, 0]
3061266:[2, 9, 8, 8, 4, 3, 3, 5, 0, 0]
3061621:[0, 1, 8, 1, 7, 2, 4, 0, 0, 3]
3061731:[0, 8, 3, 8, 3, 4, 0, 6, 1, 9]
3063928:[9, 6, 0, 5, 2, 5, 1, 0, 2, 6]
3064712:[6, 2, 8, 3, 1, 7, 0, 0, 0, 0]
3064994:[7, 4, 6, 1, 1, 0, 0, 7, 1, 4]
3067155:[4, 5, 6, 5, 4, 9, 6, 8, 3, 6]
3068865:[5, 9, 5, 4, 5, 5, 5, 0, 2, 7]
3072232:[7, 2, 0, 4, 4, 1, 6, 5, 3, 1]
3072985:[4, 7, 3, 5, 5, 7, 8, 2, 7, 4]
3076231:[2, 6, 1, 3, 5, 7, 1, 9, 2, 1]
3078150:[7, 2, 1, 2, 5, 9, 5, 5, 2, 5]
3078644:[2, 9, 3, 6, 8, 2, 9, 0, 0, 9]
3079178:[4, 7, 7, 9, 9, 4, 6, 3, 9, 4]
3079712:[1, 3, 7, 4, 9, 3, 9, 3, 7, 2]
3080119:[8, 9, 0, 2, 2, 9, 0, 5, 5, 5]
3080588:[6, 2, 9, 9, 7, 6, 1, 9, 1, 6]
308150:[4, 7, 9, 5, 7, 0, 8, 9, 2, 0]
3082942:[5, 5, 8, 1, 3, 8, 9, 3, 6, 8]
3084103:[8, 3, 9, 4, 6, 5, 5, 1, 5, 6]
3084420:[9, 1, 5, 7, 8, 8, 2, 6, 5, 8]
3088387:[9, 1, 6, 6, 5, 0, 0, 3, 3, 6]
3088427:[5, 8, 3, 5, 0, 7, 5, 2, 4, 0]
3089671:[6, 0, 3, 9, 4, 9, 8, 2, 6, 6]
3092504:[7, 9, 9, 4, 9, 5, 3, 0, 4, 2]
3092878:[0, 4, 5, 0, 0, 6, 7, 6, 2, 3]
3093595:[1, 8, 2, 2, 0, 4, 0, 3, 1, 9]
3094908:[9, 0, 7, 4, 5, 7, 9, 2, 0, 5]
3097255:[0, 1, 8, 5, 8, 7, 2, 9, 1, 8]
3097406:[8, 4, 2, 8, 7, 7, 1, 9, 5, 3]
3097514:[3, 4, 2, 0, 8, 0, 6, 1, 2, 2]
309847:[4, 3, 9, 5, 3, 2, 6, 5, 2, 7]
3098786:[3, 6, 0, 5, 1, 8, 4, 4, 3, 6]
3100063:[0, 8, 7, 3, 3, 9, 0, 2, 5, 2]
3102756:[0, 1, 8, 7, 5, 1, 0, 3, 1, 6]
3103244:[5, 7, 4, 7, 0, 0, 4, 4, 6, 6]
310636:[1, 3, 0, 9, 9, 7, 0, 6, 7, 3]
3108813:[2, 7, 4, 6, 3, 5, 2, 4, 0, 7]
3113176:[3, 5, 9, 3, 7, 6, 6, 6, 7, 1]
3113947:[9, 5, 7, 2, 6, 4, 7, 3, 6, 4]
3114333:[6, 3, 1, 4, 2, 1, 5, 6, 4, 6]
3116980:[4, 8, 6, 7, 5, 1, 5, 6, 6, 5]
311887:[0, 3, 0, 5, 6, 6, 8, 9, 2, 8]
3119638:[9, 7, 7, 4, 2, 8, 1, 5, 0, 9]
3120127:[5, 3, 1, 3, 8, 8, 5, 8, 2, 8]
3120148:[0, 9, 4, 0, 7, 5, 0, 2, 6, 1]
3121566:[8, 1, 8, 3, 5, 7, 8, 0, 5, 5]
31247:[3, 5, 0, 6, 9, 4, 0, 4, 4, 6]
312533:[0, 1, 7, 1, 1, 8, 4, 8, 2, 4]
3125857:[7, 1, 6, 8, 5, 3, 9, 1, 3, 2]
312588:[7, 4, 9, 2, 4, 7, 2, 7, 5, 7]
3127445:[9, 1, 8, 6, 9, 9, 6, 5, 2, 2]
312783:[2, 0, 7, 9, 5, 7, 1, 6, 6, 9]
3128067:[3, 0, 5, 2, 0, 5, 8, 5, 0, 0]
3129487:[4, 4, 6, 7, 8, 3, 6, 8, 2, 9]
3130771:[3, 8, 2, 9, 7, 6, 2, 9, 7, 2]
313423:[6, 3, 1, 4, 7, 5, 5, 1, 6, 9]
3135429:[0, 8, 3, 4, 5, 7, 0, 1, 5, 4]
3135742:[6, 3, 6, 5, 6, 1, 2, 6, 8, 3]
3136573:[5, 9, 5, 9, 2, 6, 1, 6, 6, 6]
3138219:[2, 6, 7, 5, 5, 9, 4, 1, 0, 8]
3138590:[4, 8, 4, 5, 6, 5, 8, 7, 3, 4]
3138852:[6, 8, 1, 7, 7, 1, 4, 4, 0, 7]
3139831:[3, 2, 0, 9, 8, 5, 5, 6, 2, 7]
3140917:[7, 1, 9, 2, 7, 9, 6, 7, 1, 7]
3146365:[6, 8, 6, 7, 6, 7, 3, 1, 8, 8]
3146471:[3, 6, 9, 8, 2, 0, 1, 3, 1, 1]
3146506:[3, 4, 7, 5, 6, 5, 7, 2, 2, 7]
3147494:[4, 7, 5, 2, 7, 6, 6, 6, 3, 2]
3148776:[3, 2, 0, 9, 2, 8, 1, 8, 8, 0]
3152774:[1, 4, 5, 3, 7, 9, 9, 7, 4, 8]
3153226:[1, 8, 8, 2, 4, 0, 8, 8, 4, 5]
3153830:[4, 5, 2, 5, 8, 8, 5, 1, 0, 6]
315425:[2, 5, 0, 4, 9, 2, 8, 6, 8, 7]
3156858:[7, 8, 4, 1, 8, 7, 8, 9, 4, 9]
3158108:[1, 1, 8, 8, 2, 2, 3, 1, 7, 6]
315953:[0, 7, 7, 1, 8, 1, 1, 6, 1, 8]
3160549:[1, 7, 5, 2, 6, 6, 4, 3, 2, 7]
316171:[4, 8, 1, 1, 0, 0, 8, 1, 6, 7]
3165468:[7, 1, 0, 2, 4, 8, 4, 0, 2, 0]
3165605:[9, 1, 3, 0, 6, 4, 6, 8, 3, 5]
316739:[4, 8, 6, 8, 9, 1, 7, 6, 7, 9]
3167614:[9, 5, 0, 6, 4, 4, 9, 6, 3, 5]
3168824:[3, 7, 5, 7, 3, 4, 4, 1, 3, 5]
3169199:[0, 6, 1, 7, 2, 5, 3, 9, 1, 7]
3171550:[4, 3, 8, 2, 3, 7, 5, 6, 8, 7]
3173722:[1, 2, 4, 3, 1, 6, 2, 3, 0, 5]
3173871:[5, 5, 0, 8, 4, 4, 9, 7, 9, 0]
3176030:[8, 9, 3, 5, 9, 0, 2, 4, 0, 1]
3178341:[7, 6, 8, 5, 7, 9, 0, 3, 5, 7]
3179590:[1, 9, 3, 0, 4, 8, 5, 3, 5, 1]
318011:[8, 0, 4, 3, 5, 0, 6, 4, 7, 9]
3180471:[5, 7, 3, 4, 0, 6, 0, 7, 9, 7]
3180801:[3, 6, 8, 3, 3, 7, 1, 1, 5, 3]
3181560:[7, 3, 5, 0, 0, 9, 9, 3, 1, 2]
3183437:[9, 8, 7, 0, 5, 8, 4, 8, 5, 8]
3184417:[7, 7, 8, 9, 0, 6, 4, 2, 2, 0]
3185322:[1, 1, 2, 2, 9, 6, 1, 1, 4, 0]
3185945:[6, 2, 7, 1, 5, 8, 3, 6, 3, 0]
3185962:[3, 2, 3, 7, 8, 2, 2, 8, 8, 7]
3186573:[5, 7, 2, 7, 4, 9, 7, 3, 1, 6]
3186991:[5, 9, 3, 1, 6, 2, 0, 5, 4, 6]
3187521:[6, 7, 8, 3, 4, 0, 8, 8, 5, 0]
319057:[3, 5, 0, 9, 8, 5, 0, 6, 5, 6]
3190648:[1, 2, 9, 1, 9, 6, 2, 5, 6, 4]
3191271:[6, 3, 9, 4, 7, 4, 3, 4, 4, 5]
3193560:[3, 7, 0, 5, 0, 6, 5, 4, 6, 0]
3194371:[8, 2, 2, 7, 6, 2, 1, 6, 2, 9]
3195473:[6, 1, 3, 9, 4, 4, 5, 3, 0, 4]
3195519:[6, 6, 7, 3, 0, 0, 1, 6, 0, 8]
3195649:[4, 9, 5, 3, 1, 9, 3, 6, 5, 7]
319639:[9, 0, 8, 5, 6, 1, 4, 2, 9, 6]
3198498:[1, 9, 2, 3, 7, 4, 4, 7, 9, 4]
3203470:[8, 6, 0, 8, 7, 4, 3, 5, 5, 3]
3203542:[3, 8, 0, 8, 4, 3, 1, 9, 0, 0]
3204351:[0, 5, 3, 7, 9, 8, 2, 3, 1, 1]
320501:[8, 7, 8, 7, 8, 1, 0, 0, 7, 7]
3205055:[4, 8, 5, 9, 1, 1, 4, 1, 3, 2]
3205558:[1, 0, 1, 4, 0, 2, 0, 6, 0, 2]
320772:[7, 4, 1, 3, 0, 2, 5, 0, 3, 7]
3212566:[3, 8, 3, 0, 0, 3, 0, 2, 7, 3]
3213324:[5, 2, 1, 7, 0, 6, 9, 9, 0, 6]
3214376:[4, 8, 8, 5, 2, 4, 1, 3, 3, 7]
3217858:[9, 3, 7, 9, 6, 3, 9, 6, 0, 1]
3218276:[6, 4, 1, 1, 6, 6, 4, 5, 8, 3]
3221790:[9, 3, 1, 1, 8, 1, 5, 4, 9, 2]
3221952:[3, 7, 8, 5, 9, 3, 9, 7, 8, 3]
3222702:[9, 7, 1, 1, 2, 5, 8, 0, 2, 6]
3223096:[4, 0, 0, 9, 1, 3, 6, 0, 9, 0]
3223715:[0, 1, 7, 9, 9, 4, 9, 5, 5, 9]
3223925:[5, 0, 6, 5, 8, 7, 3, 3, 2, 2]
3225027:[7, 2, 0, 1, 3, 6, 1, 0, 8, 9]
3225224:[1, 4, 6, 9, 7, 5, 8, 8, 1, 3]
3225309:[1, 0, 1, 2, 3, 5, 2, 2, 9, 6]
3225938:[6, 7, 5, 6, 3, 4, 5, 6, 9, 9]
3226794:[9, 8, 4, 5, 4, 6, 4, 3, 1, 8]
3228047:[0, 0, 2, 0, 6, 1, 5, 0, 7, 2]
3228569:[8, 5, 1, 4, 9, 1, 0, 0, 7, 0]
3230143:[8, 2, 4, 0, 1, 1, 1, 6, 8, 2]
3230886:[7, 3, 2, 5, 2, 4, 8, 3, 4, 9]
3231711:[5, 4, 2, 5, 2, 9, 1, 7, 4, 8]
3233376:[0, 2, 4, 4, 2, 6, 0, 3, 0, 6]
3234662:[1, 2, 1, 3, 3, 7, 8, 3, 2, 6]
3236257:[6, 4, 6, 9, 3, 8, 7, 3, 3, 9]
3236940:[8, 3, 7, 5, 5, 2, 9, 5, 0, 0]
3238779:[1, 5, 5, 1, 9, 4, 5, 2, 5, 6]
3240211:[2, 6, 9, 9, 6, 0, 7, 4, 7, 3]
3240567:[9, 5, 7, 4, 9, 8, 8, 8, 4, 8]
3243005:[4, 1, 8, 9, 1, 4, 5, 0, 0, 4]
3245512:[6, 0, 7, 5, 8, 9, 6, 7, 4, 2]
3245812:[1, 6, 7, 5, 7, 0, 7, 8, 4, 8]
3246625:[7, 1, 4, 5, 4, 8, 8, 4, 1, 5]
3248001:[7, 2, 8, 4, 1, 2, 6, 9, 5, 9]
3248969:[2, 5, 0, 0, 0, 5, 8, 4, 3, 7]
3250150:[5, 4, 0, 9, 3, 6, 7, 4, 2, 9]
3252559:[4, 4, 5, 3, 6, 0, 5, 9, 1, 3]
3253941:[7, 4, 8, 3, 5, 8, 3, 9, 4, 6]
3254157:[8, 2, 9, 3, 9, 5, 2, 6, 4, 0]
325572:[4, 6, 9, 6, 7, 8, 2, 9, 8, 4]
3255811:[4, 4, 8, 2, 5, 4, 8, 2, 2, 0]
3259317:[8, 6, 1, 2, 4, 7, 2, 0, 5, 8]
3259536:[9, 1, 4, 3, 5, 8, 4, 3, 6, 0]
32601:[3, 0, 4, 1, 2, 7, 3, 5, 3, 2]
3260891:[2, 8, 8, 5, 7, 1, 2, 8, 9, 5]
3261210:[8, 0, 2, 2, 1, 9, 0, 9, 4, 1]
3263339:[5, 9, 8, 9, 6, 1, 0, 0, 2, 6]
3265008:[4, 0, 1, 9, 7, 6, 1, 3, 5, 2]
3266262:[4, 5, 6, 7, 3, 3, 0, 8, 0, 1]
3267837:[6, 0, 7, 4, 4, 5, 9, 2, 7, 3]
3268552:[1, 4, 8, 2, 1, 6, 2, 4, 0, 1]
3268909:[5, 2, 5, 1, 0, 9, 7, 0, 4, 0]
327372:[4, 2, 1, 6, 9, 7, 0, 2, 8, 9]
330222:[5, 6, 7, 5, 1, 3, 1, 7, 0, 2]
330786:[5, 5, 4, 7, 6, 7, 8, 6, 0, 0]
331283:[1, 7, 3, 3, 1, 4, 3, 3, 1, 6]
333597:[7, 3, 8, 7, 3, 8, 9, 9, 1, 9]
335340:[6, 4, 5, 6, 9, 4, 1, 4, 7, 4]
337169:[7, 2, 3, 2, 7, 3, 2, 8, 4, 6]
339006:[8, 4, 0, 1, 3, 8, 7, 6, 2, 0]
339172:[1, 9, 0, 9, 9, 1, 8, 7, 1, 7]
341505:[0, 2, 8, 9, 1, 4, 3, 4, 6, 1]
3460:[2, 8, 5, 5, 5, 6, 6, 5, 7, 1]
346145:[1, 6, 6, 0, 6, 0, 3, 5, 5, 0]
352992:[4, 1, 7, 4, 1, 5, 7, 8, 0, 2]
355862:[4, 7, 2, 0, 5, 2, 8, 8, 6, 4]
35623:[6, 3, 8, 8, 6, 4, 8, 5, 9, 5]
357886:[9, 6, 9, 1, 8, 2, 1, 1, 4, 0]
358890:[4, 4, 9, 5, 9, 2, 2, 0, 7, 7]
361369:[0, 2, 4, 0, 4, 4, 6, 6, 0, 8]
363416:[4, 4, 1, 2, 4, 6, 7, 1, 8, 6]
363850:[7, 8, 5, 3, 7, 3, 9, 2, 9, 9]
366554:[3, 6, 6, 1, 3, 9, 5, 3, 3, 6]
368375:[7, 0, 1, 6, 5, 2, 3, 2, 7, 6]
369097:[3, 1, 7, 8, 9, 3, 6, 8, 7, 4]
369261:[8, 2, 7, 1, 1, 7, 8, 6, 6, 6]
371154:[5, 4, 1, 2, 7, 0, 2, 1, 7, 6]
372736:[9, 5, 2, 5, 8, 1, 2, 4, 1, 1]
373299:[1, 7, 7, 1, 3, 0, 3, 5, 3, 6]
373333:[0, 5, 8, 4, 9, 0, 7, 3, 2, 4]
373369:[3, 6, 0, 9, 4, 4, 1, 6, 6, 0]
373741:[7, 5, 9, 4, 2, 7, 5, 3, 7, 3]
374281:[6, 8, 2, 1, 6, 8, 7, 7, 9, 3]
374696:[1, 2, 7, 1, 9, 9, 1, 9, 4, 1]
377106:[2, 0, 8, 4, 0, 1, 2, 5, 2, 8]
377537:[6, 1, 3, 9, 7, 2, 4, 2, 6, 0]
377715:[8, 7, 5, 0, 0, 9, 4, 7, 0, 3]
379007:[4, 0, 0, 5, 4, 9, 3, 1, 4, 9]
380639:[0, 8, 0, 2, 6, 5, 7, 5, 2, 1]
380833:[6, 4, 4, 8, 1, 1, 7, 9, 8, 5]
380965:[0, 8, 6, 9, 9, 6, 2, 2, 7, 4]
381377:[5, 4, 6, 0, 4, 1, 6, 7, 6, 4]
381492:[2, 9, 3, 8, 0, 8, 3, 0, 7, 4]
382651:[3, 2, 8, 2, 1, 8, 9, 0, 1, 4]
383110:[2, 2, 9, 1, 7, 8, 3, 9, 5, 5]
384096:[3, 8, 2, 4, 5, 4, 8, 1, 1, 6]
384359:[8, 2, 5, 2, 5, 5, 3, 3, 0, 9]
384476:[3, 8, 7, 3, 9, 2, 5, 6, 9, 9]
385065:[7, 6, 3, 5, 1, 9, 2, 3, 0, 8]
38616:[4, 2, 6, 0, 7, 0, 7, 9, 1, 4]
387985:[1, 2, 5, 1, 1, 0, 6, 6, 8, 8]
38836:[8, 2, 0, 1, 5, 6, 5, 5, 0, 1]
388439:[5, 0, 4, 5, 4, 3, 3, 6, 2, 0]
38869:[4, 2, 5, 9, 3, 5, 7, 6, 7, 6]
388708:[6, 8, 1, 0, 7, 1, 7, 5, 6, 2]
388782:[6, 0, 7, 2, 3, 5, 1, 9, 2, 5]
389174:[5, 6, 3, 7, 8, 5, 9, 1, 3, 1]
392374:[0, 1, 6, 7, 6, 3, 1, 2, 3, 9]
393620:[6, 2, 6, 3, 3, 8, 0, 0, 2, 9]
394430:[4, 3, 9, 8, 7, 9, 2, 4, 8, 5]
395117:[7, 0, 1, 5, 8, 9, 8, 5, 5, 8]
396238:[9, 7, 2, 7, 8, 3, 4, 8, 9, 4]
397276:[8, 5, 9, 2, 9, 6, 8, 7, 6, 0]
398444:[0, 3, 5, 0, 4, 9, 2, 1, 3, 0]
399089:[8, 0, 0, 4, 4, 7, 3, 2, 5, 7]
40004:[1, 8, 8, 9, 9, 3, 8, 2, 1, 7]
402015:[7, 5, 1, 7, 5, 8, 7, 4, 8, 1]
402737:[5, 1, 8, 5, 5, 7, 6, 0, 4, 8]
405155:[5, 2, 7, 3, 1, 4, 0, 0, 0, 9]
408453:[9, 4, 8, 7, 1, 1, 5, 7, 3, 6]
409439:[9, 5, 9, 1, 0, 8, 7, 5, 4, 6]
410656:[8, 5, 3, 4, 9, 8, 3, 2, 1, 8]
413695:[0, 9, 7, 2, 6, 6, 5, 0, 6, 3]
414372:[9, 8, 3, 2, 2, 9, 0, 1, 5, 2]
415723:[1, 0, 8, 1, 6, 8, 0, 8, 5, 9]
416455:[9, 9, 7, 3, 1, 9, 6, 5, 8, 2]
418358:[1, 5, 9, 5, 7, 3, 8, 9, 2, 3]
421460:[2, 2, 6, 9, 2, 1, 3, 3, 6, 3]
423553:[2, 0, 6, 6, 6, 9, 6, 0, 9, 6]
423948:[2, 6, 5, 5, 2, 8, 3, 9, 8, 6]
424287:[9, 9, 4, 8, 1, 4, 0, 3, 2, 6]
425159:[7, 8, 0, 9, 5, 5, 7, 0, 9, 8]
425343:[0, 1, 6, 7, 8, 8, 7, 9, 3, 2]
426975:[1, 2, 2, 2, 5, 6, 6, 9, 2, 7]
427098:[8, 1, 3, 2, 9, 1, 7, 8, 9, 0]
427264:[5, 4, 9, 0, 4, 4, 0, 4, 1, 6]
427741:[4, 4, 8, 2, 9, 1, 8, 3, 1, 7]
427988:[5, 8, 0, 2, 8, 9, 3, 4, 5, 9]
428025:[5, 1, 8, 7, 9, 2, 3, 7, 2, 4]
428248:[1, 1, 2, 5, 7, 6, 7, 1, 2, 6]
429503:[9, 3, 1, 2, 8, 3, 3, 1, 7, 9]
430609:[1, 1, 3, 7, 4, 5, 6, 6, 1, 8]
431101:[5, 5, 2, 3, 2, 7, 4, 5, 8, 8]
431161:[5, 0, 9, 6, 3, 7, 4, 6, 2, 3]
43141:[0, 7, 2, 3, 5, 4, 8, 2, 2, 9]
431774:[5, 9, 8, 7, 0, 2, 4, 7, 7, 3]
431808:[0, 5, 3, 4, 2, 7, 6, 6, 2, 0]
435193:[0, 2, 5, 4, 7, 1, 0, 7, 4, 5]
435834:[5, 2, 6, 3, 2, 8, 5, 5, 8, 5]
437236:[0, 7, 8, 2, 3, 5, 4, 1, 0, 9]
437948:[7, 4, 9, 1, 3, 5, 8, 0, 6, 1]
438210:[6, 4, 9, 2, 0, 7, 7, 5, 3, 0]
438230:[6, 4, 4, 8, 4, 7, 5, 2, 8, 1]
439423:[4, 8, 1, 9, 5, 8, 4, 9, 4, 8]
441038:[3, 2, 5, 2, 6, 7, 7, 5, 5, 6]
441608:[2, 7, 6, 5, 3, 0, 2, 8, 3, 1]
441882:[7, 8, 0, 8, 1, 0, 7, 7, 0, 0]
442591:[5, 3, 3, 9, 8, 2, 0, 2, 9, 0]
443031:[8, 9, 8, 5, 4, 5, 5, 9, 9, 6]
443469:[8, 1, 5, 0, 1, 2, 4, 3, 2, 0]
44393:[9, 9, 0, 9, 1, 0, 7, 0, 7, 2]
44546:[8, 5, 2, 6, 7, 1, 2, 5, 5, 8]
44564:[6, 1, 6, 9, 4, 9, 5, 4, 8, 0]
447153:[1, 0, 0, 8, 5, 3, 5, 7, 0, 2]
447356:[7, 1, 3, 3, 1, 6, 0, 2, 3, 0]
449399:[3, 3, 4, 7, 1, 6, 0, 5, 8, 4]
449418:[2, 2, 7, 0, 8, 8, 9, 8, 2, 8]
449634:[9, 8, 5, 7, 3, 9, 1, 2, 3, 5]
451528:[4, 5, 4, 2, 3, 4, 4, 7, 6, 3]
451625:[2, 1, 7, 4, 0, 0, 8, 4, 2, 7]
451938:[4, 3, 7, 3, 9, 4, 3, 7, 5, 8]
452293:[7, 3, 0, 1, 8, 1, 8, 7, 6, 5]
45241:[1, 3, 8, 8, 3, 6, 1, 1, 0, 0]
453398:[9, 1, 2, 3, 7, 6, 8, 1, 3, 6]
45405:[8, 7, 3, 5, 3, 5, 9, 6, 8, 2]
454787:[8, 8, 8, 2, 1, 0, 2, 1, 4, 7]
455684:[7, 8, 9, 5, 1, 9, 5, 2, 9, 1]
458942:[1, 5, 0, 2, 5, 4, 9, 8, 9, 5]
459656:[4, 2, 5, 9, 8, 2, 7, 3, 2, 8]
462152:[2, 0, 2, 6, 7, 0, 5, 5, 8, 5]
462557:[5, 9, 4, 5, 0, 2, 9, 1, 5, 8]
465691:[0, 9, 9, 2, 8, 7, 6, 2, 1, 4]
468061:[2, 8, 3, 3, 6, 2, 9, 9, 2, 7]
468185:[4, 5, 2, 5, 7, 4, 0, 6, 1, 7]
468798:[8, 6, 5, 2, 2, 6, 0, 7, 3, 7]
471316:[9, 7, 0, 2, 9, 3, 3, 0, 4, 4]
471993:[2, 5, 9, 1, 1, 6, 4, 7, 2, 0]
475565:[1, 0, 4, 1, 6, 1, 8, 0, 7, 4]
476230:[2, 3, 8, 2, 6, 8, 3, 4, 9, 6]
477334:[4, 2, 0, 9, 4, 5, 7, 5, 1, 0]
477768:[3, 1, 1, 1, 7, 0, 0, 7, 8, 2]
47799:[8, 6, 9, 3, 0, 5, 6, 3, 2, 9]
480139:[5, 4, 1, 2, 5, 2, 5, 9, 9, 6]
481367:[0, 1, 4, 1, 1, 2, 2, 8, 6, 5]
482674:[9, 9, 2, 5, 6, 9, 4, 6, 3, 7]
483056:[3, 6, 2, 5, 0, 6, 8, 7, 4, 1]
483728:[3, 6, 4, 5, 7, 4, 1, 4, 3, 0]
484013:[6, 2, 7, 3, 0, 8, 0, 9, 2, 6]
486158:[4, 9, 0, 6, 6, 8, 8, 0, 5, 4]
486185:[1, 0, 4, 7, 3, 9, 0, 9, 2, 3]
486498:[9, 0, 7, 0, 8, 9, 1, 2, 3, 4]
48691:[0, 9, 8, 4, 0, 6, 5, 5, 0, 8]
489730:[5, 3, 5, 1, 9, 3, 4, 5, 5, 1]
493417:[1, 8, 5, 3, 6, 4, 6, 3, 3, 8]
49359:[9, 7, 2, 2, 1, 8, 9, 8, 3, 6]
494209:[3, 3, 2, 4, 4, 7, 8, 6, 3, 1]
495561:[0, 7, 3, 1, 7, 6, 4, 4, 3, 1]
501060:[2, 7, 9, 1, 8, 0, 7, 8, 2, 6]
501643:[7, 8, 0, 5, 5, 8, 8, 2, 5, 4]
503085:[3, 4, 4, 3, 9, 3, 1, 2, 4, 1]
505046:[7, 1, 3, 9, 0, 3, 8, 2, 4, 1]
505334:[1, 6, 0, 5, 0, 3, 7, 9, 7, 5]
505385:[2, 8, 6, 8, 4, 5, 2, 2, 0, 6]
509046:[6, 5, 4, 3, 2, 4, 7, 0, 9, 1]
509656:[3, 8, 9, 3, 3, 5, 7, 9, 6, 5]
509905:[5, 2, 4, 5, 6, 6, 5, 4, 8, 0]
510141:[5, 1, 4, 2, 3, 5, 4, 8, 7, 3]
510460:[4, 0, 9, 9, 2, 0, 1, 9, 5, 0]
513544:[7, 1, 0, 2, 9, 3, 4, 3, 2, 0]
515798:[0, 8, 9, 7, 3, 8, 8, 8, 3, 4]
51871:[4, 4, 7, 6, 2, 5, 5, 9, 8, 7]
519826:[4, 3, 5, 7, 5, 8, 1, 8, 1, 8]
520520:[3, 3, 4, 9, 1, 0, 4, 4, 1, 3]
521742:[7, 0, 3, 0, 5, 0, 8, 5, 2, 5]
522723:[1, 7, 6, 1, 3, 6, 3, 9, 0, 7]
523227:[3, 0, 2, 9, 2, 5, 0, 5, 3, 6]
523497:[3, 8, 9, 1, 6, 5, 3, 2, 3, 5]
524135:[5, 8, 5, 2, 9, 1, 4, 1, 0, 3]
525210:[1, 2, 0, 4, 5, 9, 1, 5, 2, 2]
525852:[7, 6, 6, 9, 5, 6, 8, 1, 2, 1]
526947:[1, 0, 7, 5, 1, 3, 3, 2, 6, 8]
528435:[4, 2, 3, 4, 6, 6, 6, 7, 6, 5]
529076:[2, 3, 6, 3, 4, 1, 1, 0, 2, 0]
530868:[9, 8, 4, 6, 5, 1, 3, 4, 0, 7]
533055:[6, 3, 7, 6, 9, 4, 0, 2, 0, 6]
536407:[4, 3, 5, 4, 3, 2, 5, 6, 2, 7]
539387:[0, 3, 3, 7, 5, 5, 7, 8, 1, 7]
541330:[1, 8, 9, 1, 4, 3, 1, 3, 6, 8]
543397:[0, 6, 6, 7, 3, 2, 1, 7, 7, 1]
543570:[1, 7, 9, 5, 9, 4, 9, 0, 9, 0]
552964:[2, 6, 1, 5, 3, 7, 9, 0, 2, 8]
554009:[5, 4, 8, 8, 3, 5, 2, 2, 5, 6]
55595:[8, 6, 9, 8, 5, 2, 4, 0, 2, 7]
555966:[6, 7, 3, 0, 0, 4, 5, 1, 7, 3]
556616:[2, 7, 3, 3, 3, 9, 5, 1, 5, 8]
558130:[2, 9, 4, 5, 8, 3, 3, 6, 3, 7]
558710:[5, 0, 7, 6, 1, 0, 5, 4, 3, 0]
559581:[6, 2, 7, 3, 0, 4, 5, 4, 0, 1]
560650:[3, 0, 7, 3, 5, 1, 4, 5, 6, 6]
563269:[3, 7, 3, 5, 5, 6, 3, 9, 1, 7]
563609:[4, 1, 2, 5, 4, 0, 1, 7, 0, 3]
564123:[1, 5, 5, 3, 5, 7, 4, 6, 6, 3]
565144:[7, 1, 6, 9, 9, 6, 4, 1, 4, 4]
565413:[4, 9, 8, 5, 2, 7, 1, 1, 2, 0]
566142:[6, 5, 7, 5, 9, 6, 2, 8, 5, 1]
566315:[2, 6, 0, 9, 2, 6, 5, 2, 3, 2]
571232:[2, 8, 9, 5, 9, 5, 8, 9, 5, 2]
571681:[9, 5, 6, 2, 6, 5, 8, 5, 0, 3]
57273:[1, 4, 9, 9, 4, 0, 7, 9, 2, 3]
574733:[1, 5, 1, 0, 5, 3, 4, 3, 9, 7]
578665:[3, 8, 7, 6, 9, 6, 2, 7, 4, 1]
57890:[2, 2, 9, 1, 3, 8, 1, 1, 8, 7]
57946:[7, 4, 6, 0, 4, 5, 8, 8, 8, 3]
580886:[4, 5, 6, 8, 9, 6, 1, 7, 2, 6]
58229:[5, 4, 5, 1, 5, 2, 7, 6, 8, 6]
584116:[0, 6, 0, 0, 0, 1, 3, 4, 5, 0]
584403:[9, 5, 1, 8, 5, 6, 1, 6, 4, 6]
585053:[6, 4, 2, 7, 6, 0, 4, 2, 6, 0]
585136:[6, 4, 9, 9, 8, 6, 1, 7, 0, 6]
587891:[0, 1, 8, 5, 9, 9, 3, 5, 4, 2]
588511:[9, 6, 3, 0, 1, 9, 9, 4, 5, 3]
589161:[8, 5, 5, 4, 4, 6, 5, 1, 6, 6]
590826:[7, 6, 5, 2, 5, 5, 0, 6, 8, 8]
593144:[8, 5, 0, 1, 5, 7, 2, 3, 9, 5]
593357:[7, 6, 6, 3, 2, 7, 5, 7, 7, 5]
593794:[2, 5, 1, 9, 9, 0, 2, 4, 3, 0]
594239:[9, 4, 2, 6, 0, 2, 7, 5, 4, 9]
595070:[6, 6, 4, 6, 9, 5, 8, 4, 0, 2]
595121:[8, 0, 7, 9, 8, 5, 5, 6, 3, 5]
596833:[3, 4, 1, 0, 9, 8, 6, 4, 0, 6]
598808:[6, 0, 1, 5, 3, 8, 0, 6, 0, 8]
599034:[9, 0, 9, 7, 5, 6, 9, 8, 0, 3]
600515:[0, 3, 5, 8, 2, 6, 7, 3, 4, 4]
600603:[2, 8, 7, 1, 4, 7, 1, 8, 2, 7]
600763:[8, 6, 0, 7, 2, 5, 2, 1, 7, 8]
603597:[1, 8, 4, 1, 5, 7, 3, 8, 7, 8]
605389:[5, 1, 5, 0, 6, 1, 8, 0, 9, 2]
608450:[5, 1, 8, 3, 0, 9, 8, 3, 4, 1]
608620:[1, 7, 9, 2, 5, 2, 2, 2, 1, 8]
609920:[0, 7, 5, 6, 5, 5, 1, 4, 0, 5]
61044:[4, 1, 3, 9, 6, 4, 3, 3, 6, 1]
610667:[5, 4, 0, 6, 0, 8, 6, 0, 1, 1]
611666:[1, 2, 1, 5, 0, 4, 9, 6, 7, 7]
614779:[6, 5, 9, 8, 0, 4, 3, 1, 1, 6]
617792:[9, 3, 8, 6, 5, 7, 7, 7, 2, 5]
617830:[2, 1, 3, 4, 1, 9, 8, 3, 0, 8]
619237:[4, 0, 5, 3, 2, 6, 4, 9, 9, 3]
619716:[4, 7, 8, 8, 2, 4, 4, 6, 3, 9]
619874:[1, 5, 8, 9, 2, 8, 0, 4, 3, 4]
620367:[9, 6, 4, 8, 6, 8, 4, 7, 8, 5]
621455:[9, 0, 8, 2, 9, 1, 5, 5, 7, 1]
623889:[9, 7, 5, 1, 8, 2, 7, 7, 7, 9]
625706:[6, 2, 8, 5, 0, 5, 2, 9, 0, 7]
628584:[1, 1, 4, 8, 2, 6, 1, 7, 6, 6]
629718:[5, 4, 2, 6, 1, 7, 6, 3, 2, 2]
630876:[9, 6, 7, 5, 3, 5, 0, 2, 1, 3]
631572:[6, 4, 4, 5, 0, 5, 5, 9, 3, 4]
631618:[8, 6, 2, 5, 4, 0, 5, 2, 7, 8]
632288:[4, 3, 8, 1, 4, 8, 6, 1, 0, 3]
634849:[7, 9, 2, 5, 6, 6, 4, 6, 5, 3]
635951:[5, 7, 6, 5, 5, 0, 0, 3, 4, 4]
63635:[1, 1, 6, 7, 1, 7, 0, 6, 7, 0]
637676:[0, 3, 2, 0, 8, 4, 6, 1, 7, 5]
638140:[0, 3, 4, 3, 0, 8, 0, 7, 2, 8]
638725:[3, 3, 9, 5, 9, 4, 6, 5, 8, 3]
640521:[7, 0, 7, 1, 6, 0, 0, 2, 9, 7]
642057:[0, 2, 6, 3, 4, 8, 0, 3, 7, 0]
645101:[4, 6, 4, 7, 5, 9, 4, 6, 2, 3]
645368:[3, 3, 8, 3, 5, 8, 3, 4, 0, 8]
647294:[3, 9, 1, 6, 5, 8, 1, 9, 1, 7]
647528:[1, 5, 1, 7, 0, 3, 1, 1, 6, 1]
64842:[2, 1, 5, 6, 8, 2, 0, 5, 2, 8]
648626:[7, 4, 1, 9, 3, 8, 1, 6, 3, 9]
649234:[0, 0, 6, 3, 0, 8, 4, 9, 8, 3]
651102:[8, 5, 8, 4, 1, 8, 4, 4, 0, 0]
651993:[0, 9, 2, 6, 4, 4, 5, 8, 6, 3]
653192:[0, 1, 5, 2, 8, 4, 0, 9, 9, 8]
6544:[8, 1, 8, 3, 4, 7, 3, 8, 5, 5]
65569:[3, 9, 7, 9, 5, 2, 2, 8, 7, 9]
658637:[6, 8, 0, 5, 9, 4, 7, 5, 8, 0]
659744:[0, 2, 0, 9, 3, 2, 3, 3, 0, 5]
661019:[7, 5, 3, 9, 4, 9, 1, 9, 2, 9]
664651:[3, 4, 0, 6, 9, 5, 9, 3, 1, 8]
664999:[8, 0, 5, 9, 2, 4, 5, 8, 8, 0]
665437:[4, 5, 2, 4, 5, 1, 0, 0, 8, 4]
666150:[8, 3, 1, 5, 3, 9, 0, 1, 6, 4]
669027:[6, 3, 0, 2, 5, 2, 2, 8, 1, 4]
66943:[2, 3, 1, 5, 6, 1, 7, 0, 0, 7]
669477:[7, 5, 3, 6, 8, 7, 2, 9, 4, 5]
670514:[3, 4, 2, 7, 7, 2, 0, 7, 4, 0]
671697:[3, 9, 9, 3, 1, 5, 3, 0, 8, 7]
671754:[0, 4, 9, 6, 2, 7, 0, 2, 1, 9]
67317:[4, 4, 1, 9, 1, 4, 4, 7, 0, 6]
674707:[9, 9, 8, 1, 7, 6, 6, 1, 4, 3]
675089:[4, 3, 8, 1, 1, 1, 9, 4, 6, 6]
675707:[0, 1, 3, 6, 9, 6, 4, 3, 8, 6]
67577:[7, 8, 4, 5, 4, 1, 7, 8, 5, 6]
678120:[3, 6, 5, 9, 8, 0, 6, 9, 5, 5]
679962:[7, 0, 7, 1, 3, 9, 6, 3, 1, 9]
680186:[7, 7, 5, 8, 2, 6, 2, 8, 0, 0]
68193:[7, 3, 3, 1, 4, 0, 7, 5, 7, 6]
682431:[3, 9, 4, 2, 2, 1, 1, 5, 2, 0]
683926:[8, 1, 8, 1, 3, 2, 1, 8, 8, 6]
687083:[7, 8, 1, 7, 4, 2, 0, 0, 1, 7]
688324:[3, 3, 9, 5, 8, 6, 5, 2, 2, 6]
688370:[3, 0, 7, 4, 5, 4, 0, 9, 4, 8]
689600:[1, 4, 6, 8, 6, 9, 1, 0, 8, 1]
690597:[2, 4, 0, 1, 3, 6, 7, 0, 2, 9]
691331:[6, 3, 8, 1, 6, 1, 1, 2, 4, 5]
691567:[1, 6, 9, 9, 6, 3, 1, 8, 1, 1]
693552:[2, 7, 2, 5, 1, 6, 1, 4, 2, 2]
695860:[4, 3, 0, 9, 6, 9, 9, 8, 8, 2]
696113:[5, 8, 0, 1, 2, 6, 4, 6, 6, 2]
696302:[2, 1, 5, 1, 5, 6, 1, 5, 8, 4]
69762:[6, 6, 4, 0, 6, 5, 0, 0, 5, 0]
698818:[0, 8, 0, 3, 5, 2, 4, 6, 9, 8]
700702:[0, 4, 1, 1, 0, 4, 8, 1, 8, 6]
701719:[0, 8, 8, 1, 3, 7, 7, 5, 2, 0]
702690:[2, 2, 9, 5, 2, 1, 7, 7, 3, 5]
70453:[0, 3, 4, 7, 5, 3, 9, 7, 0, 9]
705559:[7, 2, 0, 3, 8, 3, 2, 7, 6, 5]
706341:[2, 7, 5, 3, 1, 4, 8, 6, 7, 9]
706431:[7, 2, 6, 0, 0, 3, 0, 3, 2, 1]
708757:[7, 1, 4, 8, 4, 4, 0, 3, 4, 9]
709657:[3, 0, 4, 1, 4, 0, 5, 7, 3, 6]
710754:[3, 9, 2, 4, 9, 1, 9, 7, 7, 8]
713754:[4, 4, 7, 5, 0, 4, 0, 5, 0, 2]
714256:[0, 1, 1, 8, 5, 9, 4, 4, 1, 3]
715770:[5, 7, 2, 4, 0, 2, 7, 9, 6, 6]
716537:[4, 9, 4, 7, 3, 7, 9, 8, 4, 7]
717920:[1, 6, 8, 3, 3, 1, 6, 2, 9, 1]
718052:[9, 0, 0, 2, 5, 5, 8, 0, 8, 1]
718150:[1, 6, 5, 6, 3, 7, 7, 8, 0, 2]
723787:[8, 8, 1, 6, 9, 9, 6, 8, 4, 8]
726955:[0, 1, 4, 9, 7, 0, 4, 5, 9, 4]
727395:[5, 0, 8, 0, 1, 3, 2, 4, 7, 8]
728385:[6, 4, 1, 5, 3, 7, 9, 9, 2, 8]
728990:[1, 9, 1, 0, 7, 7, 0, 2, 0, 3]
729592:[7, 3, 7, 9, 0, 7, 9, 0, 3, 6]
729894:[6, 0, 8, 2, 7, 3, 5, 0, 2, 2]
730938:[5, 4, 8, 1, 8, 1, 6, 9, 1, 7]
731885:[5, 9, 5, 0, 4, 9, 8, 9, 7, 7]
732782:[4, 5, 8, 7, 2, 3, 2, 4, 3, 0]
733145:[7, 8, 6, 1, 1, 6, 9, 5, 4, 6]
733828:[1, 7, 0, 6, 9, 2, 0, 6, 2, 0]
734396:[6, 8, 0, 9, 1, 9, 3, 5, 3, 5]
734676:[5, 1, 5, 5, 5, 2, 5, 7, 1, 7]
734823:[9, 3, 7, 8, 3, 2, 1, 9, 0, 2]
734867:[4, 5, 8, 9, 0, 4, 4, 9, 1, 7]
735864:[7, 9, 9, 9, 3, 2, 0, 2, 6, 7]
735869:[3, 6, 2, 3, 9, 0, 4, 0, 9, 1]
73616:[5, 1, 8, 1, 8, 2, 4, 6, 7, 7]
73715:[8, 4, 0, 1, 3, 8, 7, 6, 2, 0]
738094:[0, 1, 5, 9, 2, 8, 9, 0, 5, 7]
738967:[7, 2, 4, 7, 5, 1, 8, 3, 4, 3]
743047:[8, 6, 9, 9, 7, 6, 6, 8, 7, 2]
744641:[1, 0, 0, 7, 8, 7, 8, 0, 3, 7]
745380:[5, 2, 8, 0, 8, 8, 7, 2, 4, 7]
746615:[4, 3, 7, 1, 2, 0, 3, 3, 5, 3]
746850:[5, 0, 8, 8, 8, 4, 9, 1, 4, 6]
746898:[7, 3, 2, 3, 4, 5, 2, 7, 0, 5]
748238:[7, 3, 2, 2, 3, 1, 3, 8, 3, 5]
748675:[6, 5, 8, 6, 8, 2, 1, 7, 4, 1]
748699:[5, 3, 7, 9, 5, 7, 5, 7, 2, 7]
750692:[5, 7, 8, 9, 1, 0, 3, 7, 8, 0]
751774:[9, 8, 3, 9, 6, 4, 6, 5, 5, 4]
752616:[2, 4, 7, 3, 2, 1, 9, 5, 8, 2]
754839:[3, 6, 4, 2, 4, 4, 5, 4, 3, 9]
755903:[9, 3, 6, 3, 8, 0, 3, 2, 9, 3]
756177:[8, 1, 5, 6, 7, 9, 4, 3, 3, 5]
757227:[3, 3, 6, 1, 9, 6, 2, 4, 1, 8]
757376:[3, 4, 6, 0, 6, 4, 6, 9, 0, 5]
757687:[9, 8, 4, 4, 2, 6, 6, 0, 8, 8]
760748:[7, 8, 6, 5, 7, 0, 6, 0, 5, 8]
760823:[5, 4, 4, 5, 8, 2, 7, 9, 0, 5]
762832:[2, 4, 0, 1, 3, 4, 7, 2, 6, 1]
764737:[5, 7, 4, 8, 6, 2, 3, 1, 0, 4]
76782:[9, 1, 1, 8, 7, 4, 6, 2, 5, 3]
773650:[9, 3, 7, 9, 2, 6, 5, 5, 2, 0]
776635:[6, 1, 8, 2, 6, 8, 2, 5, 4, 6]
777015:[0, 3, 6, 2, 1, 4, 5, 2, 5, 3]
777248:[8, 0, 1, 7, 0, 8, 9, 9, 8, 6]
779146:[3, 8, 7, 8, 6, 2, 3, 9, 4, 3]
780948:[5, 3, 3, 4, 7, 4, 1, 6, 6, 3]
783881:[5, 1, 3, 7, 4, 5, 0, 4, 9, 8]
785030:[3, 4, 8, 4, 3, 6, 8, 7, 1, 6]
789144:[0, 4, 2, 4, 2, 9, 0, 7, 1, 6]
789168:[6, 1, 3, 1, 2, 4, 4, 0, 9, 4]
791686:[3, 8, 4, 9, 5, 3, 8, 1, 0, 4]
792452:[6, 9, 9, 3, 2, 1, 1, 7, 4, 6]
792558:[7, 5, 8, 9, 3, 2, 2, 7, 3, 3]
793377:[3, 1, 5, 8, 1, 8, 2, 2, 2, 1]
793584:[1, 6, 3, 2, 6, 8, 3, 1, 3, 0]
793617:[0, 5, 3, 7, 0, 4, 5, 0, 9, 5]
794529:[0, 1, 7, 1, 0, 6, 3, 1, 4, 8]
796117:[1, 7, 1, 0, 6, 4, 6, 8, 5, 7]
797220:[2, 0, 7, 2, 5, 6, 6, 5, 2, 6]
798304:[3, 2, 8, 4, 7, 4, 2, 7, 8, 6]
799662:[0, 5, 7, 7, 2, 9, 0, 4, 6, 0]
800380:[3, 1, 7, 8, 5, 7, 4, 6, 8, 3]
800416:[1, 9, 3, 3, 1, 5, 7, 7, 9, 9]
800695:[5, 4, 3, 7, 3, 7, 0, 2, 1, 0]
801115:[3, 3, 0, 7, 3, 6, 9, 4, 4, 9]
802115:[8, 5, 4, 9, 3, 6, 4, 9, 0, 8]
803898:[4, 9, 8, 0, 6, 3, 2, 3, 5, 0]
805555:[0, 8, 7, 5, 8, 4, 2, 4, 7, 9]
807199:[9, 9, 8, 8, 1, 6, 1, 4, 7, 9]
807262:[8, 3, 1, 7, 0, 2, 0, 4, 2, 8]
807406:[2, 2, 4, 2, 7, 8, 5, 3, 3, 1]
808599:[7, 8, 7, 8, 6, 8, 5, 4, 9, 9]
810321:[3, 1, 5, 8, 9, 7, 6, 4, 0, 9]
81222:[6, 7, 8, 7, 2, 4, 0, 3, 1, 6]
812758:[3, 1, 9, 5, 4, 5, 0, 4, 5, 9]
814913:[0, 4, 6, 4, 7, 2, 8, 1, 7, 6]
81616:[2, 1, 5, 8, 1, 5, 6, 2, 0, 9]
817959:[6, 4, 8, 0, 7, 0, 8, 2, 5, 5]
818241:[5, 1, 5, 4, 2, 7, 5, 4, 1, 4]
819196:[6, 1, 7, 5, 3, 8, 8, 8, 7, 9]
82050:[0, 8, 7, 5, 5, 9, 6, 6, 6, 0]
821109:[7, 4, 1, 5, 0, 4, 7, 8, 1, 9]
821149:[2, 7, 8, 8, 1, 5, 1, 1, 2, 0]
826616:[7, 8, 9, 5, 9, 9, 2, 2, 3, 8]
826656:[3, 9, 7, 5, 1, 9, 2, 2, 3, 0]
827807:[3, 2, 6, 3, 0, 7, 6, 3, 8, 5]
827963:[1, 5, 3, 7, 2, 4, 4, 7, 7, 7]
829161:[7, 7, 0, 0, 9, 8, 7, 9, 1, 3]
82977:[3, 2, 7, 5, 6, 6, 8, 2, 3, 5]
832807:[6, 4, 6, 7, 4, 9, 2, 3, 3, 6]
83515:[5, 7, 9, 5, 8, 5, 2, 1, 2, 8]
836135:[4, 6, 9, 3, 0, 5, 0, 3, 2, 3]
836191:[1, 9, 8, 2, 3, 9, 1, 1, 0, 7]
837617:[0, 2, 5, 4, 6, 8, 7, 4, 9, 1]
839073:[7, 1, 2, 4, 4, 7, 2, 1, 5, 5]
839681:[5, 1, 1, 3, 5, 1, 1, 9, 5, 5]
840776:[2, 6, 7, 1, 7, 7, 8, 2, 2, 7]
841736:[7, 5, 7, 9, 8, 3, 8, 5, 8, 7]
842531:[8, 6, 5, 6, 7, 7, 0, 7, 0, 7]
84363:[6, 8, 5, 6, 7, 7, 0, 9, 6, 7]
843849:[3, 9, 9, 5, 6, 2, 7, 9, 9, 3]
844952:[2, 1, 0, 7, 3, 0, 5, 4, 8, 4]
847991:[9, 2, 0, 8, 5, 2, 9, 9, 1, 3]
848347:[9, 0, 1, 0, 9, 3, 8, 8, 0, 3]
84893:[5, 7, 3, 8, 3, 9, 8, 4, 0, 6]
850468:[9, 2, 0, 7, 0, 8, 1, 6, 9, 4]
850707:[1, 1, 8, 9, 2, 9, 7, 2, 7, 6]
85102:[4, 9, 1, 9, 0, 9, 9, 6, 6, 4]
851617:[2, 6, 0, 4, 1, 0, 8, 8, 1, 1]
853117:[2, 6, 3, 7, 2, 8, 9, 1, 1, 8]
85376:[0, 6, 9, 0, 5, 7, 3, 3, 0, 3]
85582:[7, 5, 5, 3, 5, 1, 8, 3, 7, 4]
855:[0, 3, 3, 4, 1, 4, 3, 5, 5, 3]
859129:[4, 1, 5, 1, 0, 9, 4, 5, 2, 0]
860128:[2, 5, 0, 3, 5, 1, 7, 9, 5, 5]
860595:[3, 4, 4, 9, 8, 2, 3, 3, 4, 4]
861149:[0, 8, 9, 7, 8, 4, 9, 3, 4, 7]
863107:[0, 7, 7, 9, 2, 8, 4, 1, 6, 2]
863420:[2, 6, 6, 3, 9, 6, 0, 9, 8, 0]
864037:[5, 6, 5, 7, 2, 1, 8, 1, 3, 0]
86541:[2, 8, 7, 8, 5, 5, 7, 2, 6, 6]
865730:[0, 0, 0, 5, 2, 5, 9, 0, 6, 3]
866074:[0, 2, 0, 3, 9, 6, 9, 0, 5, 0]
867129:[4, 5, 3, 1, 8, 9, 9, 7, 1, 0]
867344:[5, 7, 8, 8, 5, 7, 0, 4, 5, 8]
868725:[1, 7, 4, 5, 7, 4, 0, 0, 7, 2]
869204:[3, 7, 4, 9, 8, 1, 4, 2, 6, 8]
869609:[2, 5, 5, 7, 3, 3, 9, 4, 8, 9]
869825:[6, 9, 9, 5, 3, 0, 6, 7, 4, 6]
874121:[2, 8, 0, 8, 2, 2, 8, 2, 3, 5]
874453:[5, 6, 1, 5, 2, 5, 3, 2, 0, 7]
876456:[1, 2, 4, 5, 2, 2, 1, 1, 3, 0]
876905:[1, 1, 2, 9, 2, 9, 6, 4, 2, 7]
879206:[4, 4, 8, 7, 7, 2, 3, 1, 5, 2]
880222:[3, 3, 4, 2, 3, 4, 9, 7, 7, 2]
880296:[4, 5, 8, 3, 8, 1, 8, 1, 7, 0]
881449:[1, 4, 6, 7, 1, 9, 8, 9, 2, 9]
88147:[8, 4, 5, 8, 0, 8, 8, 1, 7, 8]
88247:[4, 9, 4, 5, 0, 5, 0, 8, 0, 8]
883261:[5, 6, 8, 2, 9, 0, 6, 1, 7, 6]
883768:[3, 7, 7, 6, 3, 0, 1, 5, 5, 5]
886209:[7, 4, 4, 5, 6, 6, 3, 1, 1, 6]
887911:[1, 0, 2, 1, 2, 1, 4, 7, 8, 3]
888672:[3, 0, 6, 3, 1, 8, 3, 9, 2, 3]
893183:[8, 4, 0, 2, 7, 5, 3, 3, 4, 1]
893894:[3, 5, 9, 9, 2, 9, 3, 5, 9, 7]
893958:[7, 9, 8, 6, 6, 9, 5, 5, 2, 0]
89452:[4, 3, 3, 5, 8, 6, 3, 9, 5, 8]
896784:[3, 8, 9, 1, 5, 5, 1, 1, 9, 2]
897213:[2, 6, 0, 3, 8, 5, 5, 3, 5, 7]
898633:[3, 0, 8, 7, 6, 8, 6, 8, 5, 8]
899949:[2, 7, 2, 0, 3, 8, 1, 3, 5, 9]
911686:[2, 7, 3, 8, 5, 9, 6, 3, 6, 2]
912587:[3, 1, 0, 7, 0, 0, 9, 7, 1, 8]
916214:[1, 7, 9, 7, 9, 4, 5, 0, 9, 0]
916318:[9, 8, 5, 4, 6, 9, 9, 5, 4, 6]
919144:[0, 2, 8, 9, 2, 7, 8, 3, 2, 1]
920649:[6, 1, 6, 6, 0, 9, 4, 5, 9, 2]
922942:[5, 8, 6, 5, 9, 7, 1, 2, 0, 0]
923718:[5, 7, 4, 9, 6, 6, 0, 5, 2, 6]
924960:[3, 1, 7, 5, 1, 2, 0, 6, 2, 6]
925154:[3, 5, 3, 8, 6, 1, 1, 2, 1, 6]
925974:[1, 8, 7, 8, 5, 7, 8, 9, 2, 9]
929604:[0, 4, 8, 5, 3, 7, 1, 1, 0, 0]
930897:[2, 3, 0, 7, 1, 1, 0, 2, 2, 2]
931232:[7, 6, 7, 9, 6, 9, 5, 0, 6, 8]
932438:[2, 8, 1, 3, 3, 0, 0, 1, 5, 8]
933134:[6, 8, 7, 5, 7, 8, 3, 0, 3, 0]
93509:[7, 1, 8, 3, 7, 5, 9, 6, 5, 3]
93546:[7, 6, 9, 0, 5, 2, 0, 4, 9, 9]
936214:[7, 7, 1, 2, 2, 8, 7, 2, 4, 4]
936688:[9, 3, 7, 0, 1, 3, 4, 3, 1, 2]
937047:[5, 5, 5, 7, 2, 2, 9, 0, 3, 6]
939076:[0, 3, 1, 7, 3, 5, 9, 7, 7, 6]
939477:[4, 2, 2, 6, 5, 5, 3, 5, 8, 0]
942061:[6, 0, 1, 3, 8, 7, 3, 8, 7, 6]
942270:[8, 7, 8, 2, 3, 6, 2, 9, 1, 0]
942635:[0, 6, 2, 9, 8, 6, 3, 7, 1, 9]
944421:[0, 8, 9, 2, 7, 6, 4, 0, 8, 7]
945775:[6, 2, 4, 1, 5, 6, 4, 3, 2, 2]
945849:[9, 0, 5, 9, 3, 6, 4, 1, 4, 5]
946018:[0, 5, 4, 6, 2, 3, 6, 5, 8, 2]
946486:[8, 8, 0, 5, 3, 7, 9, 5, 0, 8]
946733:[9, 9, 5, 5, 0, 7, 5, 4, 0, 8]
949797:[5, 6, 0, 1, 8, 7, 9, 2, 6, 1]
95290:[8, 2, 8, 0, 6, 8, 1, 6, 6, 3]
952938:[4, 1, 1, 8, 9, 0, 6, 6, 8, 9]
953098:[9, 5, 3, 9, 1, 5, 5, 9, 7, 8]
956316:[4, 9, 8, 5, 1, 9, 6, 0, 8, 4]
957392:[9, 4, 5, 6, 4, 8, 6, 1, 6, 7]
957414:[7, 3, 1, 5, 6, 8, 1, 4, 3, 4]
957664:[5, 9, 6, 5, 1, 2, 0, 3, 7, 0]
959220:[0, 5, 9, 8, 9, 5, 2, 7, 1, 0]
960956:[8, 3, 8, 5, 5, 6, 0, 0, 0, 1]
961327:[1, 7, 9, 3, 2, 3, 3, 1, 5, 7]
961452:[3, 8, 0, 5, 9, 0, 4, 7, 4, 7]
962007:[8, 6, 8, 3, 0, 3, 3, 4, 2, 2]
962681:[0, 5, 6, 4, 1, 0, 5, 8, 3, 3]
965403:[1, 0, 0, 3, 2, 1, 8, 5, 5, 3]
966017:[0, 4, 3, 2, 9, 3, 5, 9, 4, 3]
967573:[5, 6, 5, 8, 9, 6, 1, 3, 8, 5]
967594:[9, 8, 0, 8, 0, 1, 5, 5, 4, 9]
969592:[5, 4, 9, 1, 4, 3, 7, 3, 6, 3]
97155:[8, 2, 3, 3, 2, 4, 4, 0, 9, 9]
9715:[3, 4, 3, 1, 6, 7, 4, 0, 1, 6]
971993:[9, 0, 1, 9, 2, 6, 5, 1, 3, 0]
972664:[9, 8, 7, 9, 2, 4, 6, 0, 4, 5]
97290:[4, 8, 4, 3, 8, 3, 7, 4, 8, 2]
973235:[5, 0, 3, 8, 1, 7, 2, 0, 4, 2]
976146:[7, 7, 9, 3, 0, 4, 0, 2, 7, 8]
981226:[5, 6, 2, 6, 9, 0, 7, 7, 1, 2]
982278:[0, 0, 0, 2, 8, 0, 4, 0, 9, 8]
982341:[7, 3, 1, 0, 0, 7, 9, 7, 2, 3]
985006:[7, 7, 2, 1, 7, 5, 0, 9, 6, 6]
985428:[2, 8, 2, 6, 3, 4, 8, 2, 8, 7]
986063:[7, 2, 9, 9, 6, 2, 8, 0, 6, 6]
988726:[7, 9, 9, 2, 3, 9, 6, 6, 2, 1]
989414:[8, 2, 5, 5, 6, 7, 2, 5, 2, 9]
992640:[8, 8, 6, 1, 3, 5, 8, 6, 2, 3]
994393:[9, 9, 5, 3, 1, 0, 7, 5, 4, 6]
997291:[1, 3, 6, 7, 8, 6, 5, 5, 2, 0]
997829:[6, 0, 8, 4, 1, 2, 6, 7, 9, 1]
