1005029:[2, 3, 2, 8, 8, 3, 5, 3, 5, 1]
1005944:[9, 2, 7, 9, 0, 0, 8, 8, 5, 0]
1007132:[4, 9, 3, 0, 1, 5, 7, 8, 9, 3]
1007442:[7, 7, 4, 9, 6, 7, 8, 4, 1, 7]
1009119:[9, 1, 3, 9, 7, 6, 4, 0, 9, 2]
1009578:[4, 4, 0, 9, 6, 9, 5, 6, 7, 8]
1011679:[2, 3, 7, 5, 4, 7, 3, 4, 9, 7]
1011995:[8, 4, 6, 4, 4, 5, 2, 7, 3, 2]
101244:[0, 5, 7, 5, 8, 6, 2, 3, 7, 8]
1013549:[6, 2, 5, 4, 6, 5, 7, 2, 4, 5]
101381:[5, 1, 1, 5, 5, 0, 0, 3, 3, 9]
101724:[0, 8, 1, 7, 2, 2, 8, 4, 0, 0]
1017453:[8, 5, 1, 2, 5, 8, 6, 7, 8, 5]
1018354:[9, 9, 4, 6, 2, 1, 5, 8, 8, 2]
1018736:[4, 9, 9, 5, 5, 6, 3, 9, 1, 2]
1020182:[5, 8, 4, 1, 5, 1, 6, 8, 3, 4]
102999:[5, 2, 4, 1, 2, 6, 0, 4, 9, 1]
1031508:[1, 1, 5, 2, 8, 6, 3, 5, 6, 5]
1032822:[2, 1, 7, 6, 0, 9, 2, 3, 7, 6]
1033449:[6, 9, 3, 8, 8, 5, 2, 0, 6, 8]
1036145:[1, 7, 4, 0, 1, 2, 3, 2, 1, 2]
1037518:[3, 5, 1, 8, 9, 4, 3, 1, 9, 2]
1037824:[9, 8, 3, 9, 1, 2, 5, 4, 8, 9]
1040653:[9, 0, 1, 0, 3, 1, 3, 7, 3, 4]
1043598:[9, 2, 3, 7, 7, 2, 7, 3, 2, 8]
1046253:[4, 2, 8, 1, 3, 6, 5, 3, 8, 0]
1047291:[5, 0, 8, 2, 6, 0, 4, 6, 0, 2]
1047467:[7, 2, 8, 2, 1, 7, 9, 9, 6, 2]
104794:[4, 7, 8, 6, 0, 6, 3, 4, 3, 9]
1048381:[7, 2, 8, 8, 3, 3, 0, 0, 6, 7]
105069:[3, 5, 2, 1, 7, 9, 5, 2, 7, 3]
1050741:[8, 5, 9, 3, 5, 7, 6, 1, 8, 5]
105086:[2, 9, 8, 2, 2, 2, 5, 5, 0, 0]
1056455:[6, 9, 4, 1, 4, 3, 1, 4, 6, 0]
1056845:[6, 6, 8, 2, 2, 2, 1, 1, 9, 4]
1058205:[6, 3, 3, 1, 5, 4, 1, 0, 3, 8]
1060412:[2, 0, 4, 5, 9, 2, 7, 5, 6, 3]
1062105:[2, 0, 8, 7, 5, 9, 2, 2, 2, 7]
1063861:[0, 1, 3, 7, 1, 4, 3, 6, 6, 6]
1067589:[3, 2, 6, 5, 2, 2, 5, 4, 3, 1]
1068617:[0, 3, 9, 0, 4, 0, 1, 9, 3, 3]
106920:[0, 7, 8, 3, 6, 9, 7, 7, 6, 1]
1071279:[3, 5, 5, 9, 6, 2, 6, 4, 5, 4]
1079407:[9, 7, 3, 4, 5, 4, 2, 3, 9, 8]
1082603:[2, 4, 5, 4, 4, 4, 7, 9, 0, 4]
1083459:[5, 0, 9, 2, 3, 1, 8, 6, 0, 4]
1085293:[6, 8, 1, 9, 5, 7, 9, 1, 4, 2]
1086127:[2, 6, 9, 2, 9, 4, 3, 7, 5, 0]
108829:[4, 8, 5, 1, 3, 1, 7, 3, 5, 2]
1091370:[8, 9, 9, 2, 5, 3, 8, 0, 0, 7]
1095048:[1, 3, 4, 4, 7, 4, 3, 5, 8, 8]
1095909:[7, 4, 7, 6, 6, 0, 8, 6, 7, 9]
109788:[4, 4, 8, 0, 4, 5, 8, 6, 4, 1]
1103639:[2, 2, 7, 1, 3, 0, 3, 1, 3, 8]
1103763:[7, 1, 6, 8, 3, 8, 0, 2, 7, 8]
1104790:[5, 5, 4, 9, 0, 6, 7, 1, 0, 4]
1107654:[8, 5, 5, 8, 1, 8, 4, 7, 1, 0]
1111046:[2, 9, 5, 5, 7, 9, 8, 9, 5, 1]
1111289:[9, 9, 6, 8, 1, 8, 8, 8, 7, 9]
1111844:[9, 5, 6, 9, 8, 7, 3, 7, 2, 8]
1112306:[7, 4, 1, 4, 7, 5, 3, 3, 7, 5]
1115182:[6, 1, 5, 0, 3, 7, 1, 8, 7, 2]
1116608:[0, 0, 2, 2, 4, 2, 2, 8, 0, 9]
1118522:[1, 1, 6, 2, 1, 6, 9, 0, 8, 2]
1120507:[7, 9, 8, 8, 9, 8, 3, 6, 0, 6]
1121180:[7, 5, 6, 0, 5, 8, 7, 0, 7, 9]
1124940:[2, 2, 1, 5, 1, 3, 9, 3, 8, 7]
1132329:[2, 8, 5, 4, 1, 6, 5, 0, 4, 2]
1134150:[7, 4, 9, 0, 0, 3, 5, 7, 8, 4]
113722:[5, 7, 0, 1, 3, 6, 3, 0, 7, 9]
1140159:[9, 7, 1, 3, 5, 8, 3, 5, 8, 5]
1140389:[9, 2, 6, 3, 2, 9, 0, 4, 7, 9]
1140646:[5, 5, 7, 2, 3, 8, 7, 1, 9, 5]
1141755:[8, 3, 8, 7, 0, 1, 9, 1, 2, 2]
1146519:[3, 3, 6, 5, 9, 7, 2, 0, 5, 6]
1149286:[4, 8, 8, 7, 6, 4, 9, 1, 6, 0]
115001:[9, 5, 2, 5, 3, 6, 5, 2, 3, 8]
1151908:[0, 6, 6, 1, 3, 8, 0, 8, 4, 3]
1153605:[1, 1, 3, 1, 9, 7, 0, 5, 7, 1]
1155311:[4, 2, 7, 3, 7, 5, 5, 6, 6, 2]
116262:[3, 1, 8, 0, 3, 7, 8, 9, 2, 4]
1165229:[0, 0, 3, 9, 3, 8, 3, 4, 2, 4]
1174262:[7, 8, 8, 7, 0, 6, 5, 2, 3, 0]
1179162:[0, 7, 3, 8, 4, 5, 4, 8, 1, 3]
1181175:[7, 7, 9, 3, 9, 2, 6, 6, 2, 7]
1186330:[1, 7, 4, 3, 2, 3, 7, 2, 6, 8]
119374:[5, 6, 3, 4, 5, 0, 1, 1, 3, 8]
1195771:[3, 0, 3, 2, 2, 6, 1, 9, 4, 4]
119941:[7, 6, 1, 4, 7, 6, 2, 7, 8, 5]
1200028:[9, 1, 5, 8, 2, 3, 1, 7, 1, 7]
1200259:[0, 1, 1, 4, 0, 3, 8, 8, 1, 4]
1200858:[8, 0, 1, 8, 6, 2, 5, 1, 1, 3]
1202383:[5, 8, 1, 0, 6, 3, 2, 0, 4, 7]
1205695:[0, 6, 3, 2, 3, 2, 7, 7, 5, 7]
1205715:[0, 1, 9, 7, 5, 9, 3, 8, 6, 0]
1207325:[0, 5, 2, 2, 5, 1, 1, 9, 1, 0]
1208485:[2, 9, 9, 2, 4, 5, 5, 8, 5, 8]
1210064:[6, 1, 6, 7, 0, 0, 6, 9, 6, 5]
1210249:[4, 5, 6, 8, 5, 9, 8, 3, 6, 7]
1213994:[4, 8, 1, 7, 7, 4, 3, 1, 3, 2]
1217457:[5, 1, 7, 5, 2, 6, 6, 5, 0, 7]
1219491:[3, 4, 8, 6, 0, 4, 8, 9, 7, 0]
1224316:[7, 5, 0, 7, 6, 3, 2, 3, 3, 5]
1228873:[8, 7, 3, 2, 3, 4, 5, 1, 8, 2]
1229444:[1, 9, 7, 7, 8, 2, 5, 8, 3, 7]
1230645:[2, 9, 7, 7, 7, 1, 9, 6, 4, 0]
1231344:[8, 2, 2, 3, 6, 3, 7, 8, 4, 6]
1235099:[9, 8, 1, 3, 4, 5, 4, 4, 0, 5]
123557:[6, 8, 6, 9, 6, 6, 0, 5, 5, 1]
1239239:[6, 7, 2, 4, 2, 5, 2, 2, 8, 7]
1240034:[8, 0, 5, 5, 3, 9, 0, 9, 4, 4]
1242167:[4, 8, 1, 7, 2, 1, 7, 6, 2, 2]
1242996:[1, 5, 1, 5, 9, 3, 9, 5, 0, 9]
1243098:[0, 4, 0, 9, 4, 8, 4, 4, 5, 9]
1243342:[8, 3, 9, 0, 8, 8, 8, 4, 2, 0]
1245223:[6, 0, 4, 6, 0, 2, 0, 0, 1, 3]
1245369:[5, 6, 5, 0, 8, 9, 4, 4, 0, 8]
1245713:[5, 5, 0, 5, 6, 7, 0, 5, 1, 4]
1247055:[8, 7, 5, 6, 3, 2, 2, 3, 0, 6]
1248458:[3, 1, 5, 4, 3, 8, 3, 7, 5, 9]
1248574:[6, 4, 5, 2, 5, 6, 7, 4, 7, 4]
1249393:[9, 8, 8, 1, 6, 9, 1, 1, 7, 8]
1249970:[8, 5, 8, 1, 6, 3, 4, 2, 2, 1]
1254844:[9, 6, 8, 6, 1, 1, 9, 0, 5, 5]
1260813:[3, 4, 8, 2, 6, 0, 4, 0, 9, 6]
1263944:[2, 4, 5, 6, 0, 1, 9, 3, 5, 5]
1266076:[1, 8, 5, 9, 1, 2, 8, 5, 1, 5]
1266232:[1, 9, 2, 1, 5, 8, 9, 5, 2, 5]
126738:[6, 5, 3, 0, 6, 9, 3, 0, 7, 1]
1267840:[0, 0, 9, 2, 9, 4, 7, 7, 1, 1]
1275926:[0, 4, 7, 2, 4, 2, 9, 4, 8, 2]
1276097:[6, 3, 8, 5, 6, 4, 7, 1, 3, 3]
1277667:[6, 1, 9, 3, 2, 9, 3, 3, 1, 6]
1279354:[9, 4, 9, 4, 4, 5, 2, 6, 6, 7]
1281117:[7, 5, 4, 2, 7, 5, 3, 1, 0, 0]
1282521:[7, 0, 3, 3, 4, 7, 5, 4, 2, 4]
1284752:[2, 1, 0, 5, 7, 1, 7, 8, 8, 7]
128533:[2, 4, 3, 3, 7, 1, 3, 5, 8, 7]
1285703:[3, 4, 5, 9, 8, 9, 7, 1, 9, 7]
1287128:[9, 6, 8, 8, 4, 1, 0, 7, 5, 2]
128754:[0, 4, 4, 8, 3, 8, 8, 8, 7, 1]
1288715:[1, 7, 5, 9, 1, 4, 4, 9, 1, 1]
1291994:[6, 1, 5, 6, 9, 9, 3, 8, 4, 9]
1292255:[4, 5, 8, 6, 8, 6, 2, 1, 8, 5]
1295189:[2, 7, 3, 2, 5, 1, 2, 4, 1, 2]
129585:[4, 5, 8, 0, 4, 6, 1, 7, 3, 6]
1299661:[5, 7, 5, 6, 9, 1, 5, 4, 7, 6]
1300511:[8, 8, 0, 7, 6, 4, 6, 7, 3, 4]
1302091:[2, 3, 5, 0, 7, 0, 3, 9, 5, 0]
1306639:[2, 9, 6, 9, 1, 2, 4, 7, 1, 7]
1309122:[3, 7, 4, 8, 4, 8, 2, 2, 5, 1]
1312458:[7, 2, 1, 5, 6, 5, 2, 0, 9, 6]
1314936:[4, 7, 2, 9, 3, 9, 2, 8, 1, 6]
1317607:[0, 0, 4, 4, 6, 3, 7, 0, 2, 4]
1320618:[3, 2, 5, 3, 3, 6, 5, 5, 6, 5]
1321422:[5, 1, 1, 4, 8, 4, 8, 0, 3, 3]
1321885:[9, 6, 0, 0, 0, 2, 0, 3, 3, 4]
1322378:[7, 9, 1, 9, 2, 2, 4, 0, 5, 5]
1322605:[2, 6, 9, 4, 3, 1, 2, 4, 7, 7]
1325945:[0, 0, 8, 8, 3, 2, 0, 5, 4, 7]
1326637:[4, 2, 8, 9, 0, 8, 9, 5, 1, 7]
1332268:[2, 5, 5, 1, 5, 9, 9, 8, 2, 9]
1332966:[8, 6, 7, 7, 0, 8, 3, 5, 8, 7]
1336730:[2, 7, 6, 7, 7, 5, 3, 9, 9, 4]
1341355:[7, 9, 9, 0, 4, 7, 5, 9, 6, 8]
1342672:[1, 6, 7, 2, 4, 7, 5, 8, 7, 1]
1345879:[5, 1, 9, 1, 3, 5, 2, 2, 2, 8]
1347979:[4, 5, 4, 1, 0, 8, 8, 1, 0, 5]
1348194:[6, 8, 6, 6, 3, 0, 2, 8, 6, 2]
1349557:[1, 5, 1, 6, 7, 3, 1, 5, 6, 4]
1352001:[5, 7, 4, 8, 1, 0, 7, 6, 7, 4]
1353539:[0, 6, 9, 9, 4, 0, 2, 8, 2, 1]
1353806:[9, 9, 0, 0, 6, 8, 2, 6, 3, 2]
1355821:[2, 7, 8, 2, 5, 4, 6, 6, 5, 3]
1357312:[2, 0, 1, 6, 9, 6, 8, 6, 4, 0]
1357378:[8, 2, 2, 0, 6, 1, 6, 7, 4, 3]
135917:[5, 9, 1, 2, 7, 4, 0, 8, 0, 7]
1360339:[9, 2, 8, 5, 6, 2, 7, 2, 2, 2]
1363229:[2, 7, 3, 6, 1, 5, 6, 8, 7, 7]
1363292:[2, 6, 0, 2, 0, 5, 2, 3, 9, 2]
1365225:[7, 1, 7, 4, 1, 3, 0, 0, 3, 4]
1367095:[7, 5, 7, 6, 5, 5, 7, 0, 0, 0]
1367702:[7, 6, 7, 0, 9, 8, 3, 8, 8, 5]
1368895:[3, 4, 5, 1, 7, 0, 2, 1, 4, 7]
1370010:[1, 6, 0, 1, 5, 6, 0, 3, 5, 8]
1373453:[2, 1, 4, 0, 2, 7, 6, 1, 1, 2]
1373894:[1, 7, 1, 8, 4, 5, 6, 5, 9, 4]
1375395:[3, 2, 7, 6, 5, 4, 1, 9, 5, 5]
1379019:[1, 3, 0, 4, 2, 6, 2, 6, 6, 9]
1379700:[6, 4, 3, 8, 9, 1, 5, 0, 6, 6]
1382676:[5, 3, 3, 1, 8, 8, 8, 9, 8, 5]
1382920:[5, 8, 4, 9, 2, 4, 9, 6, 9, 5]
1384503:[1, 2, 5, 9, 6, 0, 6, 6, 6, 8]
1385047:[5, 0, 1, 2, 3, 2, 3, 1, 2, 5]
1386364:[6, 2, 2, 6, 7, 5, 7, 2, 3, 5]
1389637:[3, 0, 5, 9, 8, 0, 0, 6, 5, 4]
1391287:[2, 7, 0, 0, 7, 0, 6, 1, 1, 8]
1395614:[4, 1, 4, 9, 4, 5, 5, 5, 1, 2]
1398577:[5, 0, 3, 7, 8, 7, 8, 4, 2, 6]
140161:[3, 3, 5, 6, 5, 1, 1, 9, 3, 4]
1402148:[9, 0, 1, 2, 0, 8, 2, 9, 2, 5]
1402824:[8, 0, 1, 9, 7, 3, 1, 0, 6, 3]
1404352:[1, 6, 2, 6, 6, 9, 8, 1, 1, 0]
1405358:[2, 8, 2, 4, 3, 9, 7, 0, 6, 9]
1405629:[8, 7, 7, 4, 0, 5, 9, 6, 9, 9]
1406968:[4, 0, 1, 0, 1, 6, 1, 0, 6, 9]
1407184:[0, 8, 3, 1, 1, 3, 6, 3, 1, 0]
1410428:[5, 4, 9, 9, 6, 6, 3, 5, 9, 9]
141257:[2, 0, 6, 9, 8, 2, 9, 9, 8, 7]
1417056:[2, 8, 3, 9, 5, 5, 2, 4, 2, 3]
141705:[7, 2, 0, 0, 2, 3, 5, 2, 1, 4]
1418140:[8, 8, 1, 2, 8, 9, 9, 9, 8, 8]
1423060:[5, 7, 4, 8, 2, 1, 3, 6, 2, 2]
1424122:[6, 4, 9, 9, 8, 7, 9, 1, 6, 8]
1425720:[3, 6, 7, 1, 3, 8, 6, 6, 0, 4]
1426481:[8, 3, 0, 7, 4, 2, 0, 2, 0, 2]
1426799:[0, 6, 0, 9, 1, 3, 2, 2, 9, 9]
1430145:[4, 3, 6, 4, 2, 1, 6, 5, 7, 7]
1431298:[8, 1, 8, 9, 6, 6, 5, 0, 0, 0]
1432644:[6, 8, 9, 1, 9, 4, 0, 7, 5, 6]
1435175:[9, 1, 4, 2, 5, 8, 2, 9, 7, 9]
1436652:[9, 5, 4, 1, 8, 4, 6, 7, 4, 7]
1441612:[3, 7, 1, 5, 0, 3, 4, 5, 9, 9]
1442767:[5, 5, 0, 0, 6, 7, 4, 1, 1, 3]
1446522:[9, 1, 4, 4, 2, 2, 8, 8, 2, 7]
1448206:[0, 2, 2, 3, 4, 2, 2, 2, 8, 5]
1450510:[8, 9, 5, 4, 0, 7, 8, 7, 6, 9]
145217:[4, 0, 6, 4, 4, 9, 1, 6, 4, 9]
1453784:[7, 4, 7, 7, 9, 1, 9, 4, 2, 9]
1454198:[8, 5, 7, 6, 7, 6, 6, 5, 9, 5]
1455076:[5, 5, 0, 9, 3, 6, 8, 5, 9, 1]
145832:[1, 2, 1, 9, 5, 9, 1, 2, 5, 0]
1458718:[4, 5, 5, 9, 1, 5, 5, 1, 2, 6]
1460019:[3, 5, 6, 6, 3, 8, 9, 8, 5, 0]
1460440:[9, 3, 9, 5, 0, 0, 5, 7, 3, 7]
1463426:[0, 5, 9, 4, 4, 4, 5, 5, 7, 9]
1465849:[8, 2, 6, 5, 5, 8, 3, 1, 8, 6]
1466168:[0, 0, 0, 3, 3, 6, 6, 8, 8, 9]
1469719:[5, 8, 5, 8, 7, 3, 0, 4, 7, 0]
147030:[3, 2, 9, 4, 7, 3, 4, 3, 0, 4]
14721:[2, 2, 4, 0, 3, 0, 0, 4, 9, 9]
1473769:[8, 2, 9, 6, 9, 5, 3, 1, 7, 5]
147567:[2, 3, 0, 9, 3, 4, 0, 9, 9, 1]
1477056:[5, 3, 3, 1, 5, 8, 5, 9, 4, 4]
1480064:[7, 5, 9, 0, 2, 1, 5, 6, 6, 4]
1481165:[0, 5, 4, 1, 7, 3, 9, 7, 1, 2]
1481999:[8, 9, 5, 9, 3, 7, 9, 9, 5, 6]
1482920:[1, 7, 0, 1, 6, 3, 0, 5, 0, 3]
1484613:[1, 8, 2, 7, 3, 2, 7, 1, 9, 1]
1485214:[3, 9, 4, 5, 3, 1, 4, 5, 9, 8]
1485687:[1, 7, 4, 9, 2, 8, 4, 7, 5, 7]
1488525:[2, 8, 0, 6, 1, 1, 3, 4, 0, 8]
149168:[8, 2, 6, 1, 4, 4, 2, 5, 3, 8]
1492213:[0, 1, 2, 1, 2, 6, 5, 7, 8, 4]
1492810:[7, 5, 4, 6, 6, 4, 1, 0, 0, 8]
1495175:[4, 3, 9, 3, 5, 3, 8, 9, 5, 6]
1496098:[5, 6, 1, 4, 7, 1, 6, 4, 0, 5]
1497668:[1, 8, 6, 2, 3, 2, 2, 0, 9, 4]
1499271:[5, 9, 9, 2, 6, 2, 5, 4, 8, 0]
1506614:[7, 2, 9, 4, 9, 9, 4, 7, 1, 6]
1508572:[2, 0, 8, 3, 7, 6, 6, 5, 6, 7]
1509531:[9, 9, 8, 3, 2, 8, 3, 3, 6, 2]
1511390:[8, 1, 4, 1, 4, 4, 4, 2, 6, 9]
1512284:[3, 1, 8, 0, 3, 7, 8, 9, 2, 4]
1517557:[7, 1, 1, 4, 9, 2, 6, 6, 0, 6]
1519917:[6, 2, 9, 8, 7, 4, 4, 6, 5, 4]
1520133:[5, 2, 5, 6, 4, 7, 9, 7, 1, 3]
1521702:[1, 4, 5, 8, 8, 9, 8, 5, 5, 3]
1522592:[0, 8, 0, 6, 3, 4, 7, 0, 5, 5]
1522780:[3, 9, 1, 1, 3, 3, 8, 8, 9, 8]
1522894:[4, 7, 1, 0, 9, 9, 5, 6, 9, 6]
1528414:[2, 6, 6, 4, 8, 2, 5, 0, 3, 4]
1528564:[7, 9, 9, 2, 5, 4, 7, 4, 0, 4]
1531080:[5, 8, 3, 5, 7, 1, 6, 3, 8, 4]
1534656:[6, 9, 0, 6, 6, 5, 7, 7, 5, 5]
153592:[2, 9, 2, 4, 4, 9, 2, 6, 3, 0]
1541031:[0, 6, 9, 9, 8, 2, 8, 9, 4, 3]
1541900:[7, 8, 2, 1, 8, 1, 2, 6, 5, 2]
1542316:[9, 9, 4, 0, 4, 8, 0, 8, 7, 6]
1542483:[2, 1, 6, 0, 6, 8, 1, 2, 4, 2]
154275:[9, 9, 0, 2, 3, 1, 5, 3, 6, 2]
1544164:[8, 8, 3, 5, 7, 7, 8, 9, 0, 2]
154608:[9, 8, 1, 3, 9, 0, 1, 9, 7, 4]
154767:[5, 8, 3, 1, 6, 2, 9, 7, 0, 4]
1548107:[5, 4, 3, 5, 4, 2, 8, 8, 3, 0]
1550446:[8, 8, 5, 2, 0, 8, 0, 1, 7, 0]
1556022:[8, 0, 7, 8, 2, 4, 6, 9, 3, 5]
1556140:[4, 4, 2, 5, 0, 2, 2, 6, 2, 6]
1558780:[8, 0, 8, 3, 7, 6, 0, 9, 6, 8]
156146:[0, 6, 5, 7, 5, 8, 0, 8, 2, 4]
1566744:[9, 1, 6, 1, 6, 0, 9, 8, 8, 8]
156683:[3, 3, 4, 1, 9, 2, 4, 7, 7, 0]
1568717:[4, 6, 2, 8, 2, 1, 5, 9, 4, 2]
157022:[9, 2, 2, 7, 0, 4, 3, 0, 8, 0]
1571235:[8, 3, 6, 7, 8, 8, 6, 6, 0, 2]
157177:[9, 4, 9, 6, 5, 2, 6, 9, 5, 3]
1572673:[4, 3, 1, 5, 3, 6, 8, 2, 9, 7]
1573764:[1, 8, 2, 0, 6, 9, 2, 6, 1, 9]
1575021:[1, 2, 6, 7, 1, 1, 1, 8, 6, 4]
1578519:[8, 4, 6, 0, 2, 5, 8, 9, 1, 9]
1578861:[9, 6, 0, 7, 5, 9, 6, 3, 9, 0]
1582154:[8, 0, 0, 7, 5, 8, 5, 9, 1, 5]
1588240:[3, 5, 1, 5, 6, 4, 0, 4, 8, 2]
1592185:[0, 2, 5, 6, 4, 5, 7, 7, 6, 7]
1593393:[5, 6, 3, 9, 5, 0, 1, 0, 1, 7]
1595341:[5, 2, 6, 2, 3, 4, 8, 0, 8, 3]
1596323:[1, 7, 6, 1, 5, 3, 5, 6, 2, 1]
1598320:[9, 8, 6, 2, 1, 3, 2, 5, 5, 6]
1598787:[3, 4, 3, 1, 2, 3, 8, 6, 6, 7]
1600121:[8, 0, 6, 6, 2, 1, 7, 6, 7, 5]
160080:[4, 3, 8, 7, 5, 3, 6, 7, 8, 4]
1601605:[4, 8, 0, 2, 9, 6, 0, 8, 4, 6]
160265:[7, 7, 1, 6, 2, 9, 5, 7, 0, 6]
1602964:[6, 1, 9, 8, 1, 2, 6, 7, 6, 9]
1604095:[1, 8, 8, 1, 0, 1, 7, 4, 3, 5]
1604508:[9, 7, 1, 5, 2, 5, 6, 0, 3, 4]
1604515:[9, 0, 4, 3, 4, 5, 8, 8, 0, 5]
160531:[8, 9, 3, 5, 0, 2, 8, 8, 0, 0]
1606233:[7, 6, 1, 1, 6, 8, 1, 2, 5, 9]
1607071:[0, 9, 1, 6, 0, 3, 1, 0, 8, 3]
1607464:[2, 5, 3, 6, 6, 2, 3, 8, 1, 6]
1610924:[8, 2, 2, 6, 3, 8, 2, 7, 9, 7]
1612301:[7, 4, 8, 3, 9, 4, 9, 0, 6, 3]
161348:[9, 1, 0, 1, 8, 7, 2, 4, 0, 7]
1617353:[0, 6, 1, 2, 3, 9, 6, 6, 6, 1]
1623018:[8, 8, 8, 9, 4, 2, 1, 4, 0, 5]
1624198:[8, 2, 2, 9, 5, 5, 2, 7, 6, 0]
1625353:[1, 6, 7, 6, 9, 8, 0, 8, 0, 6]
1628904:[8, 3, 7, 5, 0, 5, 8, 5, 8, 0]
1630766:[4, 8, 9, 4, 8, 8, 0, 3, 1, 5]
1631573:[9, 4, 5, 5, 9, 0, 4, 2, 3, 7]
1635380:[8, 9, 2, 2, 3, 4, 3, 5, 5, 5]
1638955:[5, 5, 2, 3, 5, 5, 3, 2, 2, 9]
1642757:[5, 6, 8, 4, 8, 5, 0, 0, 2, 8]
1644055:[2, 7, 0, 8, 7, 4, 0, 5, 3, 4]
1648509:[6, 7, 4, 3, 7, 8, 2, 7, 8, 1]
165245:[3, 8, 4, 9, 2, 4, 9, 9, 6, 5]
1653105:[3, 9, 4, 7, 6, 1, 4, 4, 8, 3]
1660780:[6, 8, 3, 9, 3, 4, 9, 5, 7, 4]
1662607:[6, 8, 7, 9, 5, 0, 3, 2, 3, 4]
1666337:[5, 9, 8, 1, 7, 7, 0, 7, 1, 1]
1667935:[5, 9, 5, 0, 6, 7, 0, 8, 3, 1]
1668036:[3, 7, 6, 2, 3, 9, 9, 9, 7, 5]
1670013:[2, 9, 2, 8, 1, 1, 3, 4, 8, 8]
1670947:[5, 4, 3, 2, 5, 6, 3, 3, 7, 3]
1672308:[4, 2, 2, 6, 9, 7, 5, 4, 1, 9]
1673242:[5, 3, 5, 1, 5, 9, 0, 7, 1, 5]
1673405:[9, 5, 1, 2, 5, 1, 3, 8, 6, 3]
167508:[1, 4, 6, 3, 1, 1, 0, 3, 0, 8]
1675347:[5, 0, 4, 5, 3, 6, 8, 3, 3, 9]
1677995:[5, 9, 1, 3, 9, 2, 4, 1, 3, 3]
1679619:[0, 0, 0, 1, 3, 1, 4, 3, 6, 3]
1679657:[6, 1, 7, 3, 5, 7, 0, 4, 6, 1]
1680580:[5, 6, 6, 0, 5, 2, 4, 0, 8, 5]
1681080:[5, 3, 5, 9, 3, 0, 5, 7, 6, 6]
1683588:[3, 2, 1, 7, 5, 6, 8, 0, 5, 2]
1685552:[8, 1, 7, 5, 9, 7, 4, 9, 9, 2]
1687977:[8, 8, 5, 0, 9, 5, 4, 4, 0, 4]
1688289:[2, 1, 5, 5, 2, 9, 3, 7, 7, 7]
1690975:[3, 6, 7, 8, 6, 8, 3, 6, 2, 2]
1691329:[7, 8, 6, 9, 7, 2, 5, 5, 0, 1]
1691990:[4, 1, 6, 7, 5, 7, 1, 5, 0, 8]
1692688:[5, 2, 4, 4, 1, 7, 5, 0, 3, 9]
1695153:[3, 0, 2, 5, 5, 0, 9, 1, 9, 3]
1696471:[5, 6, 9, 0, 0, 8, 8, 7, 7, 9]
1702330:[6, 6, 4, 6, 4, 6, 5, 5, 1, 4]
1704618:[7, 7, 2, 7, 5, 6, 1, 6, 7, 5]
1706376:[8, 0, 1, 9, 7, 2, 3, 8, 1, 1]
1707376:[8, 1, 1, 1, 9, 6, 8, 9, 1, 1]
1711941:[2, 4, 9, 9, 9, 2, 5, 3, 1, 1]
1718854:[0, 9, 6, 2, 8, 3, 5, 3, 1, 0]
1719802:[4, 6, 5, 3, 3, 2, 0, 6, 2, 0]
1720489:[6, 7, 9, 6, 2, 6, 9, 5, 7, 6]
1722633:[9, 0, 3, 3, 4, 2, 4, 7, 9, 8]
1722809:[3, 6, 3, 4, 6, 7, 9, 2, 6, 3]
1722917:[3, 6, 4, 4, 0, 5, 8, 8, 5, 8]
1724023:[4, 3, 2, 2, 4, 4, 1, 1, 5, 8]
1724053:[4, 7, 4, 9, 5, 4, 3, 4, 2, 2]
1724889:[3, 6, 0, 9, 5, 3, 9, 1, 7, 2]
172687:[7, 8, 0, 4, 1, 1, 0, 3, 0, 8]
1727939:[2, 0, 5, 5, 2, 0, 4, 3, 8, 0]
1733606:[3, 4, 5, 1, 7, 0, 2, 1, 4, 7]
1733703:[0, 7, 8, 1, 3, 8, 9, 1, 9, 9]
1734386:[2, 2, 8, 3, 7, 6, 2, 6, 0, 1]
1737066:[8, 6, 4, 1, 9, 8, 3, 2, 8, 7]
1738759:[9, 8, 4, 7, 3, 8, 4, 0, 4, 3]
1740576:[0, 7, 7, 2, 2, 9, 9, 8, 6, 4]
1742559:[8, 5, 3, 5, 0, 9, 4, 2, 6, 2]
1743227:[1, 2, 3, 2, 1, 3, 5, 9, 4, 4]
1743665:[1, 9, 9, 9, 2, 1, 7, 6, 3, 2]
1749515:[1, 3, 1, 5, 7, 7, 4, 5, 1, 4]
1751740:[3, 4, 8, 7, 1, 8, 5, 2, 1, 1]
1753230:[8, 4, 0, 5, 3, 2, 9, 6, 6, 0]
1754800:[4, 0, 4, 8, 9, 8, 5, 9, 7, 7]
1754952:[6, 4, 4, 9, 3, 6, 9, 2, 9, 6]
1758188:[1, 7, 7, 6, 1, 4, 6, 3, 7, 2]
1762476:[9, 4, 7, 4, 3, 1, 1, 9, 5, 4]
1762818:[4, 4, 0, 3, 9, 5, 6, 2, 9, 2]
1764014:[2, 4, 3, 7, 3, 3, 6, 8, 1, 1]
176536:[9, 8, 3, 6, 6, 2, 4, 3, 8, 7]
1766122:[0, 5, 2, 8, 4, 6, 6, 9, 6, 9]
1770362:[3, 0, 1, 5, 9, 9, 1, 3, 4, 4]
1776767:[2, 3, 3, 3, 2, 2, 4, 5, 8, 1]
1778830:[8, 5, 8, 2, 6, 4, 7, 5, 3, 5]
1786102:[7, 5, 2, 5, 2, 2, 4, 9, 8, 5]
1788108:[0, 4, 3, 4, 4, 8, 6, 4, 1, 5]
1793721:[7, 6, 3, 4, 6, 2, 0, 0, 6, 0]
1797424:[1, 9, 4, 9, 4, 5, 9, 3, 8, 3]
1801040:[4, 0, 8, 5, 4, 5, 8, 6, 0, 9]
1801762:[1, 9, 0, 3, 0, 9, 2, 8, 7, 4]
1804805:[6, 8, 9, 7, 1, 8, 6, 1, 3, 3]
1808605:[0, 1, 4, 6, 0, 6, 3, 6, 0, 5]
1810161:[7, 3, 6, 5, 2, 1, 2, 2, 0, 2]
1811421:[6, 2, 7, 0, 2, 8, 4, 3, 6, 9]
1812809:[4, 0, 4, 1, 5, 4, 3, 3, 4, 3]
1814238:[7, 4, 3, 8, 0, 9, 6, 2, 5, 6]
1815179:[4, 5, 8, 6, 0, 2, 2, 6, 4, 8]
1817138:[0, 2, 5, 5, 2, 1, 3, 8, 3, 1]
1819812:[4, 4, 0, 3, 3, 7, 9, 3, 9, 7]
1825436:[3, 2, 0, 7, 5, 4, 1, 9, 6, 0]
1825649:[9, 6, 1, 7, 6, 3, 3, 6, 5, 3]
1826973:[0, 1, 3, 8, 1, 9, 9, 0, 7, 0]
1833340:[2, 6, 3, 9, 2, 1, 1, 0, 7, 3]
183708:[3, 8, 0, 2, 3, 1, 1, 0, 9, 3]
1837599:[6, 0, 7, 3, 7, 3, 3, 5, 6, 5]
1839229:[4, 0, 5, 0, 9, 6, 6, 8, 4, 6]
1841153:[4, 4, 9, 9, 0, 6, 4, 8, 3, 6]
1843415:[4, 8, 5, 8, 6, 9, 5, 8, 1, 8]
1847810:[4, 8, 9, 7, 9, 5, 6, 6, 4, 6]
1848843:[8, 6, 2, 1, 1, 4, 8, 3, 6, 1]
185602:[7, 2, 9, 2, 3, 5, 7, 1, 3, 2]
1858101:[6, 4, 5, 5, 2, 3, 8, 9, 7, 2]
1860901:[3, 0, 1, 3, 7, 6, 8, 6, 9, 3]
186148:[1, 4, 5, 8, 8, 9, 8, 5, 5, 3]
1861635:[2, 5, 0, 4, 4, 9, 1, 9, 7, 6]
1862088:[5, 9, 6, 1, 9, 9, 7, 2, 1, 6]
186226:[3, 6, 1, 0, 6, 8, 2, 6, 6, 3]
1862605:[8, 6, 1, 6, 6, 1, 2, 0, 8, 1]
1863381:[4, 6, 6, 5, 7, 5, 0, 7, 9, 4]
1869134:[3, 6, 7, 1, 0, 0, 9, 2, 5, 6]
1869500:[7, 9, 9, 0, 3, 7, 5, 9, 6, 8]
1872681:[2, 6, 2, 1, 5, 3, 6, 5, 2, 3]
1874357:[2, 8, 1, 0, 2, 6, 5, 3, 6, 0]
1874730:[3, 0, 5, 3, 1, 3, 8, 2, 2, 1]
1875593:[4, 6, 4, 9, 7, 2, 7, 4, 5, 2]
1877891:[1, 6, 9, 1, 6, 1, 9, 0, 4, 2]
1879042:[7, 9, 1, 8, 4, 1, 3, 9, 8, 3]
1879067:[0, 9, 3, 6, 1, 2, 4, 6, 1, 2]
1880077:[9, 6, 9, 7, 4, 6, 1, 5, 1, 9]
1886989:[6, 6, 9, 8, 3, 9, 3, 5, 0, 7]
1887677:[5, 9, 4, 9, 5, 5, 9, 7, 0, 5]
1887970:[5, 7, 5, 9, 7, 3, 1, 3, 9, 0]
1888346:[5, 6, 7, 3, 1, 0, 3, 1, 9, 1]
1889705:[9, 8, 8, 6, 5, 9, 7, 8, 3, 2]
1899199:[9, 2, 9, 2, 1, 7, 0, 1, 9, 4]
1899446:[8, 2, 9, 8, 5, 1, 1, 1, 4, 2]
189967:[9, 4, 4, 5, 5, 9, 1, 7, 8, 2]
190045:[2, 5, 3, 1, 0, 8, 1, 4, 5, 6]
1903405:[9, 5, 0, 0, 7, 9, 9, 8, 2, 9]
1911686:[2, 9, 4, 0, 2, 8, 0, 1, 3, 2]
1914153:[0, 5, 8, 2, 0, 5, 9, 5, 3, 2]
1915752:[9, 5, 2, 8, 7, 9, 9, 8, 5, 5]
1916951:[8, 4, 4, 2, 8, 0, 7, 1, 4, 5]
1922611:[7, 3, 9, 7, 1, 0, 3, 8, 0, 1]
1923951:[9, 1, 0, 3, 1, 4, 5, 8, 9, 6]
1924852:[6, 9, 1, 3, 8, 0, 5, 9, 7, 4]
1926571:[0, 3, 3, 1, 3, 9, 8, 9, 9, 3]
1927912:[1, 5, 2, 2, 0, 0, 2, 2, 1, 6]
1928505:[4, 8, 6, 6, 2, 7, 6, 7, 2, 5]
1928640:[9, 7, 8, 4, 9, 6, 6, 8, 9, 3]
1929857:[4, 1, 6, 6, 7, 8, 7, 3, 9, 4]
1933354:[8, 1, 6, 7, 4, 5, 5, 3, 4, 9]
1937324:[2, 6, 0, 2, 8, 5, 5, 1, 4, 1]
1937349:[5, 4, 9, 9, 3, 7, 8, 5, 3, 5]
1939190:[6, 2, 2, 1, 2, 5, 4, 9, 5, 2]
1939957:[8, 3, 1, 6, 4, 7, 0, 3, 6, 3]
1941243:[8, 8, 2, 6, 5, 9, 2, 0, 8, 0]
1942334:[8, 6, 0, 5, 5, 6, 3, 1, 5, 2]
1944361:[5, 3, 4, 3, 2, 6, 3, 1, 5, 2]
194596:[2, 6, 8, 6, 3, 9, 0, 1, 3, 1]
1947451:[1, 9, 6, 8, 3, 3, 5, 7, 7, 4]
1950542:[1, 5, 6, 8, 6, 6, 6, 2, 8, 1]
1958299:[3, 1, 0, 2, 8, 1, 4, 1, 3, 7]
1960082:[7, 9, 8, 8, 4, 6, 6, 7, 8, 6]
196014:[9, 3, 5, 5, 0, 1, 4, 5, 0, 0]
1962515:[9, 2, 5, 4, 8, 5, 3, 8, 3, 2]
1963740:[5, 1, 1, 2, 3, 5, 5, 6, 5, 0]
1966887:[7, 0, 2, 5, 0, 1, 3, 2, 2, 3]
1970989:[7, 2, 9, 7, 3, 3, 6, 7, 3, 0]
1972862:[6, 0, 1, 6, 2, 8, 7, 6, 5, 3]
1973244:[0, 6, 0, 0, 7, 6, 7, 0, 5, 4]
197480:[9, 2, 6, 2, 5, 5, 5, 1, 1, 7]
1975221:[0, 6, 6, 1, 1, 8, 2, 8, 4, 4]
1975962:[3, 7, 3, 6, 8, 6, 1, 5, 7, 3]
1980595:[5, 6, 3, 3, 5, 0, 2, 1, 6, 0]
1984301:[8, 5, 8, 8, 5, 9, 6, 8, 2, 0]
1991640:[2, 5, 7, 7, 5, 1, 8, 0, 8, 4]
1993162:[4, 5, 3, 7, 5, 1, 1, 4, 5, 6]
199330:[1, 2, 2, 3, 6, 2, 8, 7, 9, 2]
199558:[1, 4, 9, 1, 3, 6, 6, 9, 1, 7]
1996408:[1, 3, 0, 7, 1, 1, 1, 3, 3, 6]
1997813:[7, 6, 5, 5, 5, 8, 6, 1, 5, 6]
1999386:[9, 1, 5, 6, 2, 5, 9, 4, 4, 0]
1999445:[5, 1, 8, 9, 0, 2, 3, 1, 8, 5]
2000792:[2, 4, 2, 5, 3, 9, 6, 9, 8, 7]
2003183:[3, 5, 8, 0, 7, 4, 6, 4, 5, 6]
2003405:[5, 4, 8, 9, 2, 2, 8, 5, 2, 7]
2005647:[3, 1, 5, 8, 2, 9, 2, 1, 5, 1]
2012126:[5, 2, 6, 3, 5, 0, 5, 7, 5, 3]
2013980:[7, 4, 8, 8, 4, 2, 9, 3, 0, 5]
2016617:[9, 2, 7, 9, 0, 0, 8, 0, 5, 0]
2021999:[0, 7, 9, 1, 2, 4, 8, 1, 7, 0]
2022917:[0, 3, 4, 7, 3, 0, 7, 3, 2, 5]
2026604:[9, 5, 2, 6, 2, 5, 5, 1, 9, 2]
2032541:[5, 5, 1, 9, 3, 7, 0, 7, 8, 7]
2035433:[6, 9, 0, 9, 1, 6, 6, 4, 2, 3]
2037850:[1, 6, 6, 1, 2, 1, 4, 9, 8, 9]
2039230:[3, 0, 2, 7, 5, 1, 0, 6, 9, 7]
2045926:[7, 4, 2, 0, 9, 3, 8, 2, 6, 3]
2046413:[1, 2, 7, 3, 4, 8, 8, 7, 9, 5]
2046844:[1, 9, 1, 6, 7, 3, 4, 0, 2, 3]
2046984:[4, 1, 8, 9, 1, 2, 7, 1, 2, 9]
2048279:[7, 2, 7, 9, 7, 6, 1, 8, 6, 7]
2049241:[9, 0, 3, 5, 9, 0, 8, 3, 4, 6]
2051507:[3, 9, 4, 0, 8, 7, 2, 6, 6, 4]
2053971:[1, 0, 3, 6, 9, 0, 3, 2, 4, 2]
2054052:[0, 8, 8, 2, 8, 8, 3, 5, 5, 1]
2055475:[5, 3, 7, 5, 9, 8, 7, 1, 0, 0]
2062164:[2, 6, 0, 0, 3, 0, 4, 5, 7, 2]
2063166:[8, 3, 4, 7, 9, 4, 0, 5, 8, 5]
2064162:[1, 9, 2, 7, 9, 6, 3, 6, 5, 1]
2068508:[3, 9, 9, 3, 2, 3, 4, 9, 1, 7]
2072643:[7, 3, 9, 9, 2, 5, 4, 7, 7, 8]
2074855:[4, 2, 4, 0, 5, 6, 4, 9, 0, 5]
2074909:[0, 1, 1, 6, 2, 4, 9, 1, 9, 0]
2074942:[1, 6, 6, 0, 1, 3, 9, 6, 1, 4]
2075793:[0, 3, 4, 6, 5, 6, 3, 8, 9, 3]
2075895:[2, 3, 9, 8, 7, 6, 5, 1, 0, 9]
2076109:[4, 3, 9, 1, 6, 6, 7, 6, 4, 9]
2078806:[8, 0, 2, 6, 0, 3, 2, 0, 8, 1]
2085965:[8, 1, 5, 5, 5, 3, 3, 2, 3, 5]
2090224:[9, 9, 4, 1, 6, 4, 2, 4, 9, 6]
2090390:[9, 0, 0, 9, 9, 0, 9, 4, 9, 6]
2092844:[8, 5, 4, 1, 6, 1, 5, 8, 6, 1]
2095648:[5, 6, 1, 0, 2, 4, 0, 9, 0, 6]
2095789:[6, 6, 1, 4, 6, 4, 5, 2, 6, 8]
2096404:[4, 5, 2, 1, 5, 8, 5, 5, 0, 4]
2099843:[2, 0, 4, 0, 2, 1, 3, 7, 8, 6]
2101801:[2, 5, 3, 7, 0, 9, 7, 4, 1, 6]
21075:[2, 1, 9, 8, 3, 9, 7, 5, 1, 4]
2115816:[0, 5, 7, 7, 3, 4, 0, 1, 6, 9]
2121861:[4, 5, 7, 0, 2, 0, 7, 1, 1, 5]
2125250:[5, 7, 4, 0, 9, 5, 9, 1, 8, 2]
2126387:[8, 4, 5, 6, 0, 5, 6, 8, 5, 7]
2126891:[0, 4, 1, 8, 2, 7, 3, 6, 2, 0]
2127603:[1, 1, 1, 8, 9, 1, 1, 6, 5, 2]
2129861:[9, 3, 4, 7, 1, 1, 4, 9, 7, 9]
2131743:[7, 4, 5, 8, 7, 8, 5, 8, 0, 8]
213600:[8, 9, 2, 5, 9, 8, 0, 5, 8, 9]
2136959:[5, 7, 7, 1, 3, 6, 2, 4, 1, 8]
2137949:[2, 7, 2, 5, 8, 5, 5, 1, 1, 3]
2139314:[3, 9, 0, 7, 9, 3, 9, 6, 5, 4]
2139692:[0, 8, 3, 0, 4, 7, 4, 6, 4, 7]
2139840:[7, 2, 4, 1, 0, 2, 3, 0, 5, 4]
214022:[4, 7, 5, 2, 0, 0, 2, 0, 2, 0]
2141143:[2, 4, 9, 9, 9, 2, 5, 3, 1, 1]
2143139:[7, 6, 1, 0, 0, 0, 6, 2, 4, 2]
2143309:[6, 7, 7, 5, 0, 1, 6, 3, 0, 8]
2147570:[2, 4, 1, 3, 7, 0, 5, 7, 2, 6]
2147691:[0, 0, 5, 6, 5, 2, 6, 8, 2, 4]
2149658:[2, 4, 1, 0, 6, 4, 2, 4, 6, 5]
2149875:[7, 7, 5, 3, 9, 1, 5, 4, 0, 4]
2150504:[8, 2, 7, 9, 1, 2, 2, 4, 2, 5]
2150629:[4, 2, 3, 0, 9, 7, 4, 5, 3, 6]
2153834:[2, 7, 7, 9, 5, 1, 5, 4, 4, 9]
2154638:[3, 9, 9, 6, 8, 5, 3, 1, 7, 5]
2157353:[9, 1, 2, 1, 0, 2, 6, 6, 3, 6]
2158577:[6, 9, 0, 4, 6, 8, 6, 9, 1, 9]
2159106:[7, 2, 8, 1, 1, 8, 2, 3, 3, 7]
215939:[4, 6, 1, 1, 7, 4, 4, 2, 9, 1]
2160806:[4, 9, 6, 3, 4, 8, 4, 3, 0, 4]
2161234:[5, 0, 7, 2, 9, 4, 2, 2, 6, 1]
2166460:[7, 2, 9, 6, 4, 6, 1, 7, 0, 5]
2170306:[8, 1, 1, 1, 8, 6, 0, 2, 0, 1]
2172029:[7, 7, 6, 0, 9, 4, 4, 7, 9, 1]
2173603:[1, 8, 3, 7, 6, 4, 5, 5, 9, 1]
2176897:[1, 6, 3, 5, 6, 7, 0, 6, 2, 8]
2179871:[4, 5, 8, 7, 0, 7, 9, 4, 2, 7]
2184976:[0, 4, 9, 9, 8, 8, 8, 0, 1, 5]
2187281:[9, 8, 1, 4, 2, 8, 7, 5, 7, 2]
2188360:[8, 0, 4, 1, 4, 6, 7, 8, 4, 5]
2188954:[9, 4, 6, 7, 3, 7, 6, 6, 6, 1]
2189878:[8, 6, 0, 9, 1, 4, 7, 7, 9, 9]
2190109:[3, 2, 6, 6, 9, 7, 0, 4, 4, 6]
2196615:[9, 2, 1, 9, 1, 7, 3, 6, 0, 9]
2199343:[3, 7, 4, 7, 1, 8, 6, 7, 7, 4]
2200031:[1, 0, 4, 1, 2, 0, 7, 8, 4, 5]
22001:[2, 3, 1, 6, 7, 1, 7, 8, 2, 1]
2202950:[5, 4, 3, 0, 7, 5, 5, 6, 8, 7]
2207072:[2, 4, 7, 2, 3, 3, 7, 2, 4, 8]
2210640:[9, 0, 0, 0, 3, 9, 7, 0, 6, 2]
2218179:[8, 5, 5, 0, 9, 0, 8, 2, 3, 8]
2218922:[7, 0, 0, 3, 3, 8, 4, 0, 7, 2]
2219222:[8, 1, 7, 9, 0, 8, 2, 2, 3, 7]
2219767:[6, 4, 3, 1, 2, 7, 5, 8, 8, 4]
2221045:[3, 8, 4, 9, 4, 9, 7, 0, 9, 4]
222518:[1, 9, 7, 3, 3, 6, 9, 0, 9, 6]
2225417:[1, 3, 3, 9, 7, 6, 8, 8, 0, 3]
2226002:[8, 5, 7, 0, 4, 2, 3, 9, 6, 2]
2233047:[0, 8, 5, 8, 9, 2, 2, 0, 9, 1]
2234692:[1, 0, 0, 3, 1, 6, 6, 1, 8, 0]
2235539:[2, 3, 9, 0, 7, 8, 0, 1, 0, 0]
2239532:[2, 5, 0, 7, 6, 0, 0, 3, 5, 4]
2240517:[6, 9, 8, 3, 8, 1, 7, 1, 9, 4]
2241403:[7, 5, 7, 3, 2, 6, 6, 2, 4, 9]
2244957:[3, 2, 1, 9, 7, 7, 2, 4, 8, 4]
224532:[1, 7, 9, 0, 1, 5, 3, 3, 2, 6]
2250227:[9, 7, 4, 6, 6, 6, 0, 0, 3, 1]
2255354:[2, 9, 0, 5, 6, 3, 7, 3, 9, 1]
2264600:[5, 5, 9, 7, 8, 8, 2, 4, 1, 4]
226616:[6, 7, 1, 7, 2, 1, 3, 3, 9, 8]
2266808:[6, 9, 4, 3, 4, 3, 1, 8, 3, 3]
226724:[3, 6, 8, 4, 1, 5, 7, 8, 6, 1]
2267548:[5, 8, 1, 5, 7, 0, 4, 8, 2, 0]
2269121:[4, 5, 0, 1, 7, 9, 5, 5, 2, 7]
22711:[9, 2, 2, 1, 5, 1, 1, 2, 9, 9]
2273419:[1, 8, 1, 7, 8, 0, 1, 3, 4, 9]
2275579:[5, 8, 9, 2, 2, 3, 7, 1, 6, 2]
227699:[4, 3, 3, 9, 0, 6, 4, 8, 9, 4]
2277171:[4, 9, 0, 0, 9, 6, 6, 7, 0, 1]
2277293:[7, 9, 0, 6, 5, 1, 3, 2, 5, 1]
2278004:[8, 3, 4, 7, 7, 5, 0, 2, 4, 5]
2281625:[5, 7, 9, 1, 9, 5, 1, 2, 9, 8]
2281703:[1, 1, 4, 6, 9, 2, 5, 0, 8, 2]
2282016:[3, 9, 2, 1, 0, 1, 4, 2, 3, 3]
228203:[2, 9, 6, 5, 0, 5, 1, 1, 5, 5]
2283186:[1, 0, 7, 4, 2, 1, 4, 3, 8, 8]
2283264:[2, 5, 4, 2, 0, 5, 9, 6, 1, 4]
2285163:[1, 3, 3, 1, 2, 2, 6, 0, 3, 4]
2286294:[7, 4, 9, 2, 4, 9, 3, 4, 6, 3]
2286724:[5, 9, 0, 2, 5, 4, 6, 4, 0, 3]
228818:[0, 4, 2, 2, 1, 4, 4, 3, 3, 2]
2291236:[8, 2, 8, 8, 2, 8, 0, 3, 9, 4]
2291865:[2, 8, 1, 7, 3, 1, 9, 1, 3, 7]
2293671:[5, 8, 6, 5, 4, 9, 9, 7, 3, 4]
2295977:[2, 3, 6, 0, 1, 2, 6, 9, 3, 9]
2299670:[7, 6, 3, 1, 4, 1, 3, 2, 2, 7]
2302316:[3, 3, 2, 7, 2, 2, 7, 8, 6, 4]
2313894:[3, 6, 1, 7, 4, 2, 3, 2, 4, 4]
2316309:[3, 0, 9, 4, 8, 5, 3, 7, 9, 4]
2318821:[7, 5, 4, 5, 5, 8, 8, 1, 5, 4]
2319345:[4, 6, 3, 0, 6, 6, 2, 6, 1, 0]
2324128:[7, 1, 3, 2, 1, 2, 2, 5, 7, 7]
2325460:[3, 3, 9, 7, 0, 1, 3, 2, 5, 4]
2326259:[9, 7, 1, 5, 7, 1, 2, 4, 8, 2]
2327012:[8, 1, 0, 2, 1, 0, 7, 7, 2, 3]
2327938:[5, 9, 2, 0, 0, 1, 9, 4, 7, 0]
2331948:[0, 9, 4, 8, 3, 8, 1, 9, 0, 8]
2333789:[4, 4, 2, 4, 2, 5, 3, 3, 1, 6]
2340295:[4, 0, 9, 3, 6, 8, 1, 8, 5, 8]
2344876:[2, 6, 5, 7, 7, 5, 0, 4, 0, 8]
2345507:[4, 2, 5, 8, 9, 6, 6, 2, 3, 2]
2355119:[0, 0, 0, 1, 1, 5, 7, 8, 1, 3]
2365899:[0, 2, 1, 5, 3, 3, 9, 0, 8, 4]
2373806:[0, 0, 1, 5, 5, 5, 5, 3, 2, 1]
2375216:[4, 6, 9, 4, 3, 7, 0, 3, 1, 7]
2381665:[9, 5, 7, 6, 2, 0, 8, 3, 1, 5]
2384789:[0, 6, 6, 4, 3, 2, 4, 7, 3, 7]
2388558:[5, 5, 4, 6, 9, 8, 7, 4, 3, 7]
2388904:[0, 0, 5, 5, 0, 3, 6, 1, 6, 1]
2394274:[4, 9, 9, 6, 5, 1, 6, 5, 7, 4]
2399585:[9, 4, 4, 9, 7, 8, 2, 7, 5, 2]
2405834:[0, 2, 8, 3, 4, 9, 3, 3, 9, 1]
2405855:[8, 5, 1, 6, 5, 4, 6, 9, 7, 5]
2406840:[5, 7, 2, 8, 9, 1, 5, 7, 3, 1]
2408742:[8, 6, 5, 6, 2, 9, 1, 3, 4, 1]
2409939:[8, 5, 5, 0, 5, 3, 9, 5, 9, 8]
2410044:[3, 6, 7, 6, 0, 8, 3, 7, 4, 7]
2411759:[9, 1, 0, 0, 5, 0, 2, 5, 8, 2]
2413323:[0, 5, 1, 7, 1, 0, 8, 0, 1, 0]
2413826:[1, 0, 0, 2, 8, 0, 9, 1, 8, 1]
241392:[3, 7, 2, 8, 3, 9, 8, 1, 5, 6]
2421316:[0, 4, 7, 0, 4, 6, 8, 6, 2, 7]
242296:[8, 2, 6, 8, 7, 9, 3, 8, 7, 2]
2427846:[0, 0, 1, 7, 4, 3, 2, 0, 2, 2]
2428082:[8, 8, 9, 6, 8, 2, 3, 8, 7, 7]
2430565:[9, 9, 0, 7, 7, 5, 9, 7, 7, 8]
2430803:[8, 0, 8, 6, 7, 3, 8, 3, 8, 3]
2432764:[6, 4, 3, 5, 8, 4, 7, 8, 4, 0]
243731:[1, 2, 5, 1, 9, 0, 4, 4, 4, 0]
2439624:[7, 6, 8, 3, 6, 9, 1, 2, 5, 5]
2441647:[5, 6, 8, 9, 1, 1, 0, 4, 6, 3]
2442461:[5, 6, 6, 4, 8, 7, 5, 6, 3, 2]
2442792:[9, 1, 5, 8, 9, 5, 5, 3, 2, 9]
2444831:[5, 9, 0, 6, 6, 1, 3, 7, 9, 0]
2449504:[6, 2, 7, 8, 9, 1, 8, 1, 9, 0]
2450947:[1, 2, 7, 2, 7, 3, 7, 9, 6, 6]
245138:[6, 3, 8, 8, 9, 7, 2, 7, 0, 9]
2451627:[0, 8, 2, 1, 1, 9, 0, 6, 6, 0]
2456817:[2, 6, 2, 2, 3, 4, 4, 1, 9, 8]
2457599:[6, 9, 3, 2, 3, 7, 2, 9, 9, 3]
2458060:[4, 5, 4, 0, 9, 8, 2, 4, 4, 4]
2458092:[4, 4, 6, 9, 3, 8, 2, 8, 0, 0]
2459259:[3, 5, 8, 6, 1, 5, 4, 9, 5, 6]
2462404:[7, 8, 2, 8, 8, 8, 5, 0, 9, 5]
2463942:[2, 3, 1, 1, 0, 8, 1, 5, 4, 9]
2465700:[0, 5, 8, 9, 1, 8, 8, 6, 9, 6]
2466252:[4, 0, 8, 3, 3, 4, 7, 8, 5, 1]
2470773:[6, 1, 5, 9, 8, 8, 3, 9, 4, 8]
2472898:[8, 7, 5, 3, 9, 1, 9, 9, 1, 2]
247401:[9, 4, 0, 1, 6, 5, 7, 6, 3, 8]
2474800:[4, 6, 8, 3, 9, 6, 1, 2, 1, 3]
2475974:[8, 6, 9, 2, 5, 6, 4, 3, 4, 2]
2477095:[4, 1, 7, 8, 8, 1, 7, 0, 4, 3]
2478526:[3, 8, 5, 4, 1, 5, 3, 8, 4, 1]
2478924:[5, 5, 9, 1, 1, 1, 1, 6, 6, 3]
2485114:[0, 1, 6, 6, 0, 4, 3, 8, 8, 3]
2487075:[0, 3, 1, 2, 4, 1, 9, 7, 0, 0]
2489457:[5, 6, 4, 3, 8, 8, 6, 6, 6, 2]
2491348:[9, 3, 8, 4, 6, 4, 8, 7, 7, 2]
2492125:[1, 6, 4, 0, 1, 3, 6, 7, 3, 4]
2492746:[1, 7, 7, 6, 9, 7, 1, 9, 7, 9]
2494724:[7, 8, 1, 5, 4, 6, 9, 0, 9, 2]
2495740:[8, 8, 4, 4, 3, 2, 9, 7, 9, 9]
249806:[7, 9, 3, 6, 6, 1, 5, 4, 5, 2]
2506947:[9, 7, 2, 2, 4, 3, 5, 4, 1, 0]
251022:[9, 4, 5, 0, 7, 4, 7, 3, 0, 5]
2516822:[3, 9, 7, 0, 2, 7, 3, 2, 8, 6]
2518301:[5, 6, 7, 7, 8, 2, 4, 3, 7, 8]
252120:[7, 5, 2, 9, 1, 1, 1, 0, 1, 6]
252317:[1, 4, 6, 0, 4, 1, 8, 9, 5, 4]
2527529:[2, 7, 8, 9, 2, 8, 1, 9, 9, 9]
2528762:[2, 1, 2, 7, 4, 7, 8, 1, 5, 1]
252997:[5, 8, 6, 3, 5, 2, 5, 6, 6, 6]
2534398:[9, 5, 7, 6, 7, 5, 1, 6, 1, 9]
25349:[4, 1, 8, 2, 4, 4, 2, 0, 2, 8]
2537394:[2, 5, 6, 9, 5, 2, 1, 9, 6, 4]
2540576:[1, 7, 3, 1, 1, 3, 6, 9, 8, 7]
2541009:[7, 8, 3, 8, 9, 6, 3, 5, 8, 3]
2542862:[2, 6, 9, 0, 8, 3, 5, 6, 8, 8]
2544943:[5, 4, 3, 2, 3, 1, 6, 5, 6, 3]
2546118:[0, 9, 1, 9, 8, 9, 1, 8, 4, 0]
254618:[8, 7, 6, 2, 1, 8, 5, 8, 1, 5]
2548051:[3, 0, 2, 8, 9, 3, 0, 5, 4, 9]
2548484:[2, 7, 5, 7, 5, 0, 6, 0, 5, 6]
2548902:[1, 0, 3, 3, 4, 6, 9, 8, 2, 2]
2550669:[7, 5, 6, 8, 8, 3, 7, 5, 5, 8]
2553779:[4, 5, 6, 7, 5, 6, 8, 7, 8, 1]
2555952:[5, 2, 5, 0, 0, 1, 5, 3, 2, 0]
2557670:[9, 5, 9, 6, 6, 5, 0, 5, 1, 7]
2558457:[6, 7, 7, 0, 0, 1, 6, 5, 2, 4]
255895:[8, 2, 7, 9, 1, 2, 2, 4, 2, 5]
2560784:[0, 9, 0, 6, 8, 2, 4, 4, 6, 9]
2561032:[3, 8, 5, 0, 2, 7, 1, 4, 0, 6]
2565952:[2, 9, 6, 2, 3, 2, 0, 6, 6, 7]
2574224:[7, 5, 3, 7, 2, 7, 6, 4, 9, 8]
2575002:[3, 5, 3, 4, 7, 3, 2, 1, 5, 8]
2575909:[8, 5, 5, 6, 8, 4, 9, 1, 1, 3]
2578940:[2, 6, 6, 4, 3, 4, 6, 6, 3, 9]
2579421:[7, 5, 9, 1, 1, 7, 2, 7, 9, 8]
2585725:[7, 2, 0, 6, 1, 6, 2, 0, 5, 9]
2588767:[7, 2, 0, 8, 9, 9, 7, 2, 2, 8]
259249:[5, 3, 6, 4, 6, 8, 9, 7, 7, 3]
2592649:[5, 4, 5, 0, 9, 8, 7, 1, 5, 0]
2592810:[7, 1, 4, 2, 1, 2, 5, 1, 3, 3]
2596314:[8, 2, 8, 0, 9, 8, 7, 4, 3, 7]
2597334:[9, 7, 9, 4, 3, 1, 8, 2, 1, 7]
2598870:[4, 9, 0, 1, 0, 1, 1, 2, 4, 4]
2599280:[0, 4, 0, 2, 7, 2, 3, 7, 3, 7]
2602785:[7, 4, 6, 5, 3, 5, 1, 1, 0, 2]
2609819:[5, 8, 2, 2, 6, 2, 0, 6, 0, 7]
2610591:[0, 0, 3, 7, 2, 6, 7, 5, 4, 9]
2615537:[1, 1, 4, 1, 1, 2, 3, 2, 4, 2]
2615871:[7, 1, 0, 0, 7, 8, 2, 9, 3, 1]
2620941:[1, 2, 3, 6, 1, 0, 0, 0, 5, 1]
2622256:[7, 9, 0, 0, 2, 0, 9, 9, 2, 3]
2627189:[5, 4, 7, 5, 2, 1, 3, 3, 9, 2]
2627669:[8, 7, 2, 7, 7, 5, 8, 7, 3, 0]
2628243:[7, 3, 9, 6, 4, 7, 8, 7, 9, 4]
262941:[1, 9, 4, 0, 6, 2, 4, 9, 9, 6]
2629981:[7, 8, 4, 7, 5, 4, 3, 6, 5, 1]
2630577:[0, 7, 4, 2, 2, 0, 6, 8, 0, 6]
2632790:[8, 0, 5, 6, 0, 8, 1, 8, 4, 1]
2633770:[8, 6, 8, 0, 9, 8, 0, 9, 6, 9]
2638304:[9, 8, 6, 9, 2, 2, 7, 7, 6, 0]
2639692:[3, 9, 9, 2, 0, 7, 9, 2, 5, 7]
264033:[6, 0, 6, 1, 6, 6, 5, 8, 2, 8]
2640583:[5, 6, 9, 9, 3, 6, 0, 5, 8, 1]
2643034:[8, 8, 4, 9, 9, 6, 4, 0, 1, 5]
2643329:[2, 7, 1, 6, 3, 7, 4, 4, 1, 4]
2643665:[5, 0, 9, 8, 8, 4, 1, 0, 2, 9]
2644266:[2, 0, 1, 2, 1, 3, 3, 6, 4, 3]
2648342:[9, 3, 6, 2, 4, 3, 5, 6, 7, 4]
2649624:[4, 4, 8, 7, 5, 6, 9, 4, 4, 9]
2650422:[8, 9, 7, 6, 8, 6, 6, 2, 0, 1]
2654275:[9, 2, 7, 9, 0, 0, 8, 0, 5, 0]
2654338:[8, 6, 4, 3, 0, 8, 2, 4, 1, 2]
2655112:[5, 0, 2, 5, 8, 4, 3, 1, 6, 0]
2658611:[2, 0, 2, 5, 1, 1, 6, 9, 6, 0]
2659062:[7, 8, 9, 3, 5, 1, 5, 2, 3, 6]
2659962:[8, 2, 9, 3, 8, 3, 3, 4, 7, 6]
2663043:[8, 0, 0, 0, 0, 0, 2, 9, 9, 2]
2664360:[0, 2, 8, 9, 7, 6, 1, 3, 2, 9]
26643:[5, 4, 4, 8, 0, 7, 5, 7, 9, 5]
2673282:[2, 1, 9, 3, 6, 7, 8, 3, 0, 9]
2678427:[4, 6, 6, 9, 6, 8, 5, 0, 7, 2]
2689849:[4, 6, 7, 1, 9, 0, 5, 2, 9, 4]
2691402:[4, 4, 5, 1, 4, 5, 6, 1, 2, 5]
269362:[2, 2, 3, 8, 0, 3, 1, 7, 0, 5]
2695616:[8, 0, 9, 6, 7, 0, 3, 5, 5, 6]
269730:[4, 8, 8, 5, 0, 5, 0, 1, 9, 2]
2698743:[7, 4, 1, 7, 7, 8, 3, 3, 4, 2]
2698901:[9, 8, 3, 1, 9, 5, 0, 0, 0, 7]
2699314:[8, 3, 5, 9, 2, 6, 3, 4, 4, 3]
2705425:[8, 5, 1, 1, 3, 0, 1, 8, 8, 0]
2708785:[7, 6, 1, 6, 4, 8, 3, 0, 6, 6]
2709446:[7, 8, 3, 9, 7, 7, 0, 6, 5, 4]
2709667:[6, 5, 4, 8, 0, 3, 6, 4, 3, 8]
2710062:[7, 9, 5, 0, 8, 9, 0, 1, 1, 7]
2712084:[5, 9, 9, 1, 6, 6, 0, 6, 2, 5]
2713873:[6, 7, 2, 2, 0, 6, 9, 0, 4, 6]
2713923:[4, 6, 4, 1, 6, 8, 3, 0, 1, 9]
2715681:[0, 5, 2, 0, 6, 3, 8, 9, 9, 1]
2718932:[2, 0, 6, 7, 4, 0, 8, 3, 7, 2]
2719543:[1, 7, 1, 0, 7, 6, 4, 6, 6, 0]
2719722:[1, 0, 5, 6, 1, 9, 2, 7, 0, 0]
2720767:[9, 3, 9, 2, 9, 9, 3, 6, 7, 5]
2724966:[3, 3, 4, 3, 4, 6, 1, 1, 9, 4]
2725982:[4, 7, 3, 5, 3, 2, 2, 1, 9, 7]
2736171:[9, 2, 1, 8, 2, 2, 6, 8, 9, 7]
274294:[4, 4, 7, 7, 1, 8, 1, 5, 0, 9]
2746535:[1, 5, 8, 1, 2, 5, 4, 4, 2, 2]
2749634:[2, 7, 8, 7, 4, 5, 6, 5, 5, 8]
2750629:[8, 0, 7, 7, 6, 8, 9, 1, 6, 1]
2750660:[3, 6, 9, 7, 8, 9, 1, 0, 6, 4]
2750670:[6, 8, 9, 0, 4, 7, 2, 2, 7, 3]
2754720:[0, 7, 8, 3, 1, 4, 2, 9, 2, 1]
2754938:[2, 7, 9, 4, 4, 0, 6, 9, 1, 6]
2755562:[2, 4, 3, 3, 8, 1, 9, 7, 8, 3]
27556:[3, 2, 3, 8, 6, 7, 1, 5, 6, 8]
276211:[3, 7, 8, 9, 4, 2, 6, 8, 5, 4]
2767854:[6, 1, 3, 4, 2, 9, 8, 0, 6, 9]
2769081:[6, 6, 1, 8, 1, 2, 6, 2, 4, 7]
276928:[1, 6, 8, 2, 9, 1, 2, 8, 7, 8]
277170:[2, 9, 2, 4, 7, 6, 9, 0, 4, 2]
2772325:[1, 5, 9, 8, 6, 4, 0, 4, 1, 5]
2772631:[4, 2, 7, 4, 0, 7, 0, 4, 4, 0]
2774822:[9, 1, 4, 1, 7, 6, 1, 2, 9, 3]
2778538:[6, 5, 5, 3, 5, 4, 9, 3, 6, 8]
2780381:[6, 0, 6, 7, 6, 2, 9, 4, 1, 0]
2780952:[1, 9, 0, 9, 7, 6, 3, 7, 5, 4]
2781896:[1, 5, 0, 0, 4, 5, 8, 7, 7, 8]
2781907:[4, 2, 8, 1, 2, 1, 2, 8, 3, 4]
2783202:[9, 5, 4, 6, 2, 5, 0, 6, 9, 7]
2784422:[4, 4, 0, 8, 4, 9, 9, 2, 3, 4]
2784711:[5, 2, 8, 1, 7, 2, 5, 3, 2, 6]
2788830:[8, 6, 9, 5, 7, 0, 9, 3, 3, 4]
2795966:[3, 4, 8, 6, 2, 0, 2, 0, 5, 0]
2796006:[7, 9, 5, 5, 1, 3, 6, 6, 5, 1]
2799938:[1, 6, 3, 2, 7, 0, 9, 4, 3, 5]
2802040:[6, 5, 0, 2, 9, 8, 1, 9, 0, 0]
2802893:[0, 6, 0, 9, 6, 0, 0, 1, 8, 6]
2805145:[9, 1, 2, 5, 8, 8, 0, 2, 9, 9]
2806107:[3, 0, 8, 0, 5, 7, 4, 0, 8, 7]
28065:[0, 6, 6, 9, 4, 3, 2, 8, 3, 6]
2808218:[8, 1, 4, 2, 9, 0, 2, 9, 4, 2]
2809612:[3, 2, 1, 9, 8, 2, 4, 9, 9, 9]
2810706:[0, 1, 3, 2, 3, 8, 1, 4, 9, 3]
2818159:[0, 2, 3, 5, 1, 8, 4, 0, 8, 4]
2820217:[9, 3, 4, 9, 1, 7, 8, 3, 8, 0]
2822870:[2, 6, 2, 4, 7, 6, 5, 4, 1, 5]
2824134:[7, 1, 5, 6, 5, 6, 4, 7, 8, 8]
2825349:[1, 7, 1, 5, 1, 7, 4, 3, 2, 8]
2828825:[6, 4, 4, 0, 1, 9, 5, 3, 4, 4]
2829528:[3, 3, 9, 2, 1, 1, 3, 6, 8, 2]
2830202:[2, 5, 0, 9, 0, 7, 4, 7, 0, 5]
2830743:[7, 2, 7, 3, 7, 5, 1, 4, 2, 7]
2834388:[1, 5, 0, 5, 0, 4, 5, 5, 2, 9]
283528:[2, 2, 1, 4, 4, 6, 5, 1, 9, 0]
2835492:[5, 1, 1, 2, 3, 6, 1, 4, 0, 2]
2838622:[1, 9, 8, 7, 7, 1, 6, 8, 1, 4]
2839174:[0, 4, 7, 7, 1, 7, 5, 7, 5, 9]
2839734:[7, 1, 0, 9, 9, 0, 4, 4, 5, 5]
2840919:[3, 8, 6, 9, 4, 3, 5, 5, 8, 2]
2843733:[9, 8, 6, 8, 7, 3, 0, 0, 4, 7]
2844730:[0, 1, 9, 7, 3, 0, 3, 2, 1, 2]
2846018:[8, 8, 6, 5, 7, 0, 1, 0, 5, 5]
2846477:[5, 5, 1, 2, 9, 2, 8, 9, 8, 0]
2847874:[5, 0, 4, 4, 7, 7, 1, 4, 9, 2]
2850894:[8, 1, 9, 1, 0, 1, 4, 3, 2, 1]
2860559:[1, 7, 4, 9, 9, 2, 5, 3, 3, 4]
2866095:[1, 0, 7, 1, 8, 8, 8, 3, 9, 5]
2866526:[6, 0, 9, 7, 1, 9, 1, 0, 0, 7]
2868404:[5, 1, 7, 5, 7, 5, 6, 0, 7, 6]
2872858:[1, 3, 5, 2, 6, 5, 3, 3, 4, 4]
2878638:[4, 7, 5, 1, 3, 3, 0, 7, 4, 3]
2878692:[5, 6, 5, 1, 6, 8, 6, 6, 9, 3]
2883346:[0, 8, 6, 7, 5, 4, 7, 9, 4, 1]
2886178:[4, 9, 8, 4, 3, 9, 2, 1, 0, 8]
2890661:[3, 3, 6, 1, 1, 9, 8, 3, 1, 3]
2892932:[2, 2, 4, 5, 3, 3, 7, 2, 6, 4]
2894190:[7, 9, 2, 6, 5, 6, 2, 8, 3, 2]
2895120:[4, 6, 2, 1, 3, 2, 2, 4, 7, 7]
2896831:[2, 8, 9, 7, 3, 0, 5, 9, 2, 2]
2897017:[1, 6, 5, 6, 8, 0, 3, 1, 6, 1]
2898728:[1, 0, 2, 8, 0, 0, 3, 5, 6, 2]
2900545:[3, 7, 3, 3, 5, 6, 5, 2, 3, 9]
2901154:[3, 1, 3, 0, 6, 9, 4, 2, 0, 3]
2902402:[7, 4, 7, 2, 2, 2, 7, 3, 8, 2]
2902714:[4, 4, 9, 9, 3, 9, 4, 4, 9, 6]
2903655:[8, 2, 4, 0, 1, 8, 1, 6, 6, 5]
2909656:[8, 0, 8, 0, 1, 9, 4, 8, 0, 2]
2910087:[7, 8, 1, 9, 7, 6, 1, 8, 0, 7]
291596:[1, 9, 4, 6, 8, 8, 8, 2, 9, 3]
291634:[3, 6, 5, 2, 1, 9, 0, 3, 2, 3]
2916380:[4, 0, 1, 5, 3, 5, 6, 1, 9, 3]
2917210:[1, 3, 0, 9, 2, 4, 3, 2, 7, 5]
2921366:[0, 5, 1, 4, 4, 6, 7, 6, 5, 4]
2921491:[6, 4, 9, 2, 4, 3, 2, 6, 3, 6]
2923409:[3, 6, 3, 5, 6, 7, 3, 2, 6, 8]
2924187:[1, 7, 0, 3, 3, 5, 4, 0, 8, 0]
2924976:[9, 3, 3, 4, 1, 1, 5, 1, 0, 2]
2925312:[8, 5, 3, 3, 3, 9, 1, 0, 1, 9]
2925492:[1, 2, 6, 9, 2, 1, 1, 1, 4, 4]
2927698:[6, 4, 7, 8, 9, 7, 9, 4, 9, 2]
2929643:[9, 8, 4, 9, 5, 0, 6, 9, 9, 5]
2932285:[7, 1, 1, 4, 9, 2, 6, 6, 0, 6]
2934387:[5, 5, 2, 5, 2, 1, 5, 4, 7, 0]
2935588:[6, 0, 5, 1, 5, 4, 0, 4, 3, 2]
2936206:[3, 2, 3, 2, 1, 7, 0, 5, 9, 4]
2936589:[4, 2, 2, 0, 8, 3, 3, 0, 3, 1]
2937211:[3, 3, 7, 3, 4, 5, 6, 1, 8, 6]
2938046:[7, 2, 5, 5, 6, 6, 7, 9, 1, 1]
2938346:[1, 5, 3, 9, 9, 4, 6, 2, 4, 0]
2942304:[1, 8, 9, 2, 4, 6, 8, 0, 4, 3]
2943051:[1, 2, 1, 6, 7, 0, 6, 5, 7, 7]
2943355:[9, 0, 4, 1, 3, 4, 8, 2, 8, 3]
2943424:[0, 6, 5, 9, 6, 3, 6, 0, 6, 6]
2949434:[7, 7, 2, 2, 4, 0, 9, 1, 7, 8]
2955469:[4, 4, 6, 7, 5, 1, 6, 8, 5, 9]
2956889:[8, 0, 2, 9, 7, 4, 4, 6, 1, 5]
2957946:[2, 4, 2, 2, 4, 7, 4, 4, 4, 9]
2960652:[2, 1, 6, 0, 7, 0, 7, 0, 6, 0]
2961961:[6, 3, 5, 4, 2, 0, 0, 1, 4, 0]
2965400:[7, 0, 3, 3, 4, 7, 5, 4, 2, 4]
2966983:[7, 6, 4, 7, 4, 2, 3, 2, 1, 5]
2967017:[7, 3, 5, 3, 1, 6, 9, 5, 9, 6]
2970066:[7, 4, 3, 0, 2, 4, 7, 9, 0, 7]
2981736:[2, 1, 8, 2, 9, 2, 3, 6, 9, 3]
2987859:[2, 7, 7, 3, 6, 3, 9, 3, 9, 3]
2990099:[7, 9, 8, 1, 7, 7, 8, 8, 3, 5]
299424:[9, 5, 5, 8, 9, 6, 8, 9, 1, 2]
299450:[4, 2, 4, 1, 0, 0, 2, 2, 4, 6]
3001381:[7, 0, 7, 9, 2, 6, 5, 7, 1, 4]
3011205:[7, 0, 8, 4, 1, 8, 3, 7, 2, 7]
301173:[5, 5, 9, 8, 9, 2, 5, 5, 1, 8]
3012610:[0, 6, 1, 8, 0, 6, 7, 2, 0, 0]
301319:[4, 8, 4, 2, 7, 3, 7, 7, 0, 6]
3014944:[0, 6, 8, 3, 8, 3, 0, 4, 1, 4]
3017692:[8, 2, 5, 5, 1, 2, 8, 3, 9, 9]
3018587:[0, 5, 2, 7, 2, 7, 6, 6, 6, 0]
3023184:[7, 4, 0, 0, 2, 8, 6, 0, 0, 1]
3023337:[8, 7, 8, 3, 4, 5, 5, 1, 5, 7]
3025013:[9, 6, 7, 4, 5, 2, 5, 3, 2, 3]
302610:[7, 9, 9, 0, 4, 7, 5, 9, 6, 8]
3031697:[8, 7, 9, 5, 9, 5, 1, 6, 1, 4]
3033303:[9, 0, 8, 1, 6, 6, 2, 0, 1, 1]
303384:[5, 1, 9, 0, 2, 2, 4, 9, 0, 0]
3035782:[3, 9, 5, 2, 6, 6, 6, 6, 8, 9]
3036461:[3, 4, 1, 5, 7, 7, 8, 3, 2, 7]
3041868:[9, 1, 8, 1, 1, 5, 0, 6, 6, 8]
3042126:[0, 8, 6, 4, 7, 6, 0, 1, 4, 5]
3044056:[8, 7, 6, 4, 7, 5, 7, 0, 3, 8]
3047149:[5, 2, 2, 0, 8, 1, 0, 3, 6, 7]
3048694:[7, 9, 6, 5, 3, 6, 3, 0, 8, 9]
3050893:[5, 8, 4, 9, 2, 4, 9, 6, 9, 5]
305772:[5, 3, 4, 6, 3, 8, 0, 8, 3, 7]
3059603:[4, 0, 0, 1, 3, 7, 5, 9, 6, 2]
3060143:[7, 0, 2, 2, 0, 5, 8, 6, 4, 7]
3063313:[7, 9, 4, 0, 9, 8, 1, 6, 0, 4]
3063596:[4, 6, 8, 4, 1, 2, 9, 7, 1, 1]
3072212:[1, 4, 6, 6, 7, 9, 8, 6, 3, 1]
3072345:[9, 7, 3, 7, 0, 5, 7, 6, 0, 0]
3073471:[1, 2, 3, 8, 7, 7, 4, 2, 2, 7]
3076111:[4, 7, 8, 9, 2, 4, 2, 9, 7, 5]
3076262:[9, 5, 5, 2, 3, 7, 5, 4, 7, 6]
3076577:[4, 6, 0, 7, 4, 1, 0, 2, 9, 8]
3076827:[0, 5, 4, 5, 0, 3, 8, 8, 7, 6]
3077436:[9, 4, 1, 8, 0, 2, 2, 3, 1, 5]
3083227:[2, 4, 3, 7, 3, 3, 6, 8, 1, 1]
3088717:[3, 7, 5, 9, 0, 5, 7, 5, 2, 7]
3089370:[9, 9, 8, 9, 5, 0, 7, 4, 4, 0]
3092149:[3, 8, 6, 0, 0, 5, 3, 5, 2, 8]
3093573:[5, 9, 2, 1, 6, 8, 5, 0, 4, 6]
3094396:[5, 9, 3, 9, 3, 4, 0, 8, 0, 7]
3094890:[5, 1, 4, 8, 1, 1, 0, 8, 2, 7]
3094947:[6, 5, 9, 1, 4, 5, 6, 6, 0, 9]
3097680:[5, 0, 5, 2, 8, 2, 9, 4, 5, 4]
3099380:[4, 1, 4, 7, 0, 1, 2, 6, 9, 9]
3104650:[7, 1, 1, 9, 4, 9, 4, 0, 6, 9]
3105066:[8, 2, 4, 3, 6, 9, 1, 8, 0, 6]
310521:[9, 0, 4, 7, 3, 2, 7, 7, 1, 4]
310875:[1, 9, 4, 4, 8, 5, 3, 6, 9, 7]
3109616:[0, 7, 3, 1, 9, 6, 4, 8, 6, 8]
3111530:[5, 4, 6, 4, 4, 5, 6, 4, 5, 2]
3111838:[8, 9, 4, 5, 4, 9, 0, 6, 8, 6]
3112105:[2, 7, 0, 7, 4, 2, 4, 6, 9, 6]
3112374:[5, 9, 1, 7, 7, 2, 9, 2, 1, 5]
3113379:[4, 2, 2, 1, 8, 8, 8, 8, 0, 1]
3114076:[3, 5, 5, 0, 1, 9, 0, 4, 0, 6]
3117056:[1, 1, 3, 2, 5, 7, 6, 7, 5, 3]
311839:[9, 7, 2, 4, 7, 5, 2, 3, 7, 3]
3118591:[8, 4, 4, 4, 0, 4, 5, 5, 1, 3]
3121540:[7, 1, 6, 7, 4, 0, 2, 2, 2, 5]
312178:[9, 8, 7, 4, 0, 7, 3, 2, 0, 9]
3124204:[4, 6, 8, 6, 2, 1, 4, 2, 7, 3]
3125435:[0, 8, 1, 0, 7, 5, 7, 7, 2, 9]
3126817:[0, 7, 4, 6, 1, 3, 1, 3, 6, 0]
312833:[7, 2, 0, 6, 5, 8, 3, 7, 2, 3]
3128694:[5, 5, 1, 5, 0, 1, 2, 3, 4, 9]
3130084:[1, 4, 2, 4, 3, 6, 1, 9, 4, 5]
3134054:[1, 8, 2, 2, 3, 8, 3, 3, 2, 2]
3134899:[4, 5, 5, 2, 1, 3, 0, 3, 2, 7]
3137488:[9, 1, 5, 0, 6, 9, 6, 2, 4, 6]
3139947:[3, 6, 2, 1, 7, 1, 3, 0, 9, 2]
3142347:[3, 4, 1, 1, 6, 6, 6, 3, 5, 9]
3143272:[3, 2, 3, 8, 6, 2, 4, 1, 0, 5]
314631:[9, 3, 0, 6, 1, 1, 2, 4, 0, 0]
314738:[0, 9, 8, 8, 6, 3, 6, 7, 6, 2]
3155155:[0, 1, 2, 9, 4, 6, 8, 1, 9, 1]
3156975:[9, 9, 6, 3, 2, 9, 5, 4, 6, 9]
3158029:[2, 1, 0, 5, 7, 4, 7, 2, 8, 2]
3158952:[8, 0, 6, 5, 3, 2, 2, 2, 3, 0]
3159465:[2, 7, 3, 2, 5, 8, 4, 1, 6, 5]
3166432:[2, 7, 2, 7, 5, 3, 9, 7, 8, 1]
3167010:[9, 6, 6, 3, 4, 9, 7, 5, 9, 2]
3173035:[9, 4, 2, 0, 5, 0, 4, 6, 5, 9]
3173118:[2, 1, 7, 4, 7, 8, 8, 8, 9, 8]
3173835:[8, 6, 0, 8, 1, 1, 5, 3, 4, 2]
3175602:[2, 1, 3, 7, 5, 3, 6, 9, 4, 8]
3177552:[1, 4, 5, 0, 5, 0, 0, 7, 7, 8]
3178482:[0, 8, 8, 9, 4, 2, 0, 3, 9, 6]
317859:[1, 6, 6, 9, 6, 1, 8, 9, 1, 1]
3179255:[9, 2, 3, 9, 1, 5, 2, 9, 0, 8]
3180230:[2, 1, 0, 0, 7, 3, 7, 5, 9, 3]
3184073:[2, 1, 3, 7, 3, 2, 1, 4, 1, 9]
318580:[2, 8, 8, 9, 4, 2, 4, 4, 2, 0]
3186168:[3, 9, 5, 8, 4, 7, 2, 0, 2, 1]
3188052:[8, 6, 2, 7, 2, 2, 8, 7, 5, 7]
3189700:[7, 3, 3, 0, 6, 5, 5, 0, 5, 5]
3193958:[6, 0, 4, 5, 8, 6, 1, 6, 3, 5]
319505:[4, 9, 8, 8, 0, 2, 2, 7, 2, 0]
3196805:[5, 5, 4, 6, 8, 8, 2, 2, 5, 7]
3197130:[6, 3, 0, 4, 6, 4, 8, 8, 9, 6]
3200198:[7, 9, 0, 9, 8, 8, 2, 5, 7, 7]
3200770:[3, 2, 3, 8, 6, 7, 1, 5, 6, 8]
3201400:[0, 8, 9, 0, 5, 6, 3, 1, 9, 1]
3205979:[5, 0, 6, 6, 4, 9, 0, 7, 5, 6]
320782:[5, 2, 4, 9, 7, 5, 9, 4, 0, 9]
3219448:[4, 4, 4, 5, 3, 8, 8, 7, 1, 2]
3223602:[9, 0, 3, 7, 2, 3, 7, 4, 9, 1]
3227009:[7, 1, 1, 4, 9, 2, 6, 6, 0, 6]
322771:[9, 0, 0, 3, 2, 4, 8, 3, 4, 9]
3231915:[9, 0, 2, 2, 4, 6, 8, 9, 5, 6]
3231950:[6, 2, 8, 7, 1, 1, 2, 4, 1, 8]
323202:[9, 3, 9, 8, 7, 3, 8, 0, 0, 3]
3235111:[9, 8, 6, 3, 5, 8, 1, 2, 0, 4]
323923:[4, 9, 0, 3, 4, 9, 0, 9, 3, 8]
3239506:[7, 5, 3, 7, 5, 0, 0, 9, 7, 4]
3246094:[0, 2, 6, 5, 6, 3, 2, 0, 7, 7]
3247825:[5, 5, 8, 9, 4, 3, 3, 1, 7, 0]
3252790:[6, 7, 7, 9, 8, 2, 7, 5, 0, 6]
3253710:[7, 5, 3, 0, 9, 7, 6, 8, 3, 0]
3256518:[1, 0, 0, 7, 5, 6, 9, 3, 6, 8]
325796:[5, 2, 1, 6, 9, 9, 2, 8, 5, 1]
3259965:[6, 0, 1, 4, 4, 7, 3, 7, 5, 6]
3261384:[0, 0, 5, 9, 3, 9, 0, 4, 0, 7]
326290:[0, 5, 2, 7, 8, 4, 0, 1, 6, 9]
3263239:[1, 1, 6, 3, 6, 0, 8, 0, 3, 7]
3264282:[8, 5, 5, 3, 3, 6, 2, 0, 1, 4]
3264595:[5, 5, 5, 9, 7, 5, 7, 4, 4, 8]
3264683:[7, 3, 9, 9, 1, 2, 1, 8, 4, 2]
3265793:[9, 7, 5, 0, 6, 5, 1, 6, 2, 7]
33202:[3, 2, 3, 2, 5, 8, 0, 2, 1, 3]
332106:[3, 5, 6, 1, 1, 9, 8, 7, 5, 4]
337606:[3, 6, 3, 8, 6, 1, 1, 5, 1, 2]
339230:[6, 4, 0, 7, 1, 4, 8, 5, 8, 7]
341054:[0, 4, 7, 6, 9, 7, 6, 0, 7, 6]
341501:[5, 9, 9, 2, 7, 6, 6, 3, 0, 4]
347741:[1, 0, 6, 4, 2, 1, 5, 1, 5, 1]
352880:[8, 9, 5, 5, 5, 9, 8, 3, 2, 7]
357527:[1, 2, 7, 0, 7, 1, 7, 6, 8, 6]
362317:[7, 4, 7, 2, 2, 1, 7, 1, 8, 2]
364732:[9, 5, 0, 4, 7, 3, 0, 3, 9, 8]
369024:[4, 7, 7, 2, 6, 3, 9, 9, 9, 9]
371151:[2, 8, 4, 8, 4, 8, 3, 6, 2, 0]
371211:[8, 1, 5, 9, 6, 9, 1, 4, 0, 9]
371495:[1, 5, 5, 2, 8, 3, 5, 6, 9, 1]
373981:[7, 5, 5, 1, 7, 1, 6, 5, 6, 6]
374306:[6, 5, 0, 4, 9, 4, 6, 3, 4, 7]
376477:[1, 6, 9, 0, 4, 5, 6, 9, 0, 5]
378543:[3, 7, 3, 7, 9, 0, 8, 6, 3, 8]
379512:[7, 8, 7, 7, 1, 6, 6, 5, 5, 1]
383384:[4, 0, 6, 0, 0, 6, 0, 4, 1, 4]
3847:[3, 4, 3, 9, 2, 6, 5, 1, 6, 4]
385159:[7, 0, 0, 8, 9, 0, 1, 5, 0, 8]
388137:[5, 5, 7, 9, 5, 1, 5, 1, 5, 6]
389430:[0, 1, 3, 6, 2, 1, 1, 0, 3, 5]
390567:[1, 2, 0, 3, 6, 4, 8, 8, 9, 2]
390705:[2, 0, 5, 4, 3, 5, 5, 2, 1, 1]
391069:[2, 6, 4, 4, 4, 4, 0, 6, 8, 9]
391126:[3, 3, 2, 1, 3, 3, 1, 4, 8, 2]
391312:[5, 5, 5, 5, 7, 8, 1, 4, 9, 3]
39835:[9, 1, 0, 5, 6, 4, 2, 9, 8, 6]
398814:[9, 4, 2, 3, 0, 9, 8, 5, 7, 4]
402939:[4, 1, 5, 1, 6, 3, 2, 7, 2, 7]
406477:[4, 3, 7, 7, 6, 6, 4, 9, 8, 4]
406666:[1, 0, 6, 3, 5, 0, 2, 2, 8, 2]
409592:[2, 4, 5, 7, 5, 4, 6, 0, 8, 4]
409656:[4, 1, 0, 3, 7, 4, 1, 1, 5, 5]
41178:[8, 1, 0, 1, 1, 7, 3, 9, 2, 7]
412678:[1, 8, 3, 9, 2, 5, 9, 3, 5, 0]
412721:[4, 6, 6, 0, 8, 1, 4, 7, 7, 3]
418096:[4, 3, 2, 4, 4, 7, 3, 0, 1, 9]
419640:[3, 6, 6, 9, 3, 5, 2, 3, 9, 3]
419743:[8, 6, 6, 2, 5, 2, 9, 6, 4, 2]
420617:[8, 7, 2, 3, 0, 8, 9, 6, 1, 2]
420823:[8, 2, 7, 4, 7, 2, 7, 8, 9, 6]
421266:[7, 1, 7, 5, 9, 1, 8, 0, 8, 5]
427871:[8, 3, 4, 6, 7, 8, 9, 0, 0, 4]
430623:[0, 9, 1, 3, 8, 6, 7, 6, 7, 0]
436458:[5, 9, 7, 7, 5, 9, 9, 6, 7, 1]
438495:[7, 4, 7, 0, 2, 0, 7, 5, 2, 3]
440028:[6, 6, 2, 5, 1, 9, 0, 6, 8, 2]
4434:[0, 5, 8, 0, 9, 8, 9, 4, 1, 3]
446325:[7, 6, 1, 7, 7, 6, 7, 3, 5, 1]
454373:[7, 2, 7, 9, 5, 6, 2, 3, 7, 0]
4587:[3, 2, 4, 5, 1, 4, 1, 8, 6, 4]
461756:[8, 8, 1, 2, 0, 9, 8, 0, 9, 3]
462533:[4, 6, 7, 7, 6, 0, 1, 6, 1, 0]
462880:[1, 8, 2, 7, 1, 0, 6, 4, 8, 7]
466476:[5, 4, 4, 2, 4, 6, 9, 3, 0, 4]
466553:[3, 9, 4, 1, 2, 7, 8, 3, 9, 5]
470809:[1, 2, 4, 9, 5, 8, 8, 5, 6, 1]
470887:[4, 2, 9, 7, 5, 0, 7, 9, 2, 5]
475888:[0, 3, 3, 8, 2, 9, 0, 5, 1, 1]
476649:[0, 4, 1, 1, 2, 3, 0, 9, 3, 8]
479207:[4, 0, 9, 2, 8, 1, 9, 1, 9, 5]
479351:[3, 2, 7, 8, 5, 9, 6, 1, 4, 3]
479810:[3, 1, 5, 6, 9, 1, 5, 8, 9, 2]
481373:[1, 0, 1, 9, 7, 2, 4, 8, 3, 2]
482456:[3, 5, 8, 7, 6, 6, 9, 1, 4, 5]
484995:[1, 5, 3, 8, 6, 8, 6, 5, 9, 0]
487895:[3, 2, 6, 6, 9, 9, 9, 5, 7, 1]
494574:[2, 7, 8, 0, 7, 0, 7, 5, 0, 0]
496560:[4, 5, 9, 1, 5, 4, 6, 4, 7, 9]
497370:[7, 4, 1, 8, 6, 3, 0, 0, 9, 3]
498374:[5, 6, 1, 7, 2, 9, 8, 3, 5, 8]
499922:[9, 1, 3, 8, 1, 7, 6, 3, 8, 1]
500409:[0, 7, 1, 3, 6, 7, 1, 4, 0, 1]
500929:[0, 4, 1, 8, 8, 4, 8, 4, 6, 9]
506476:[7, 7, 1, 9, 8, 0, 9, 6, 8, 1]
508051:[6, 2, 9, 8, 7, 1, 5, 0, 4, 9]
509373:[9, 3, 3, 6, 3, 7, 2, 5, 4, 5]
509928:[8, 3, 4, 8, 9, 3, 6, 9, 6, 8]
514912:[4, 8, 7, 5, 1, 4, 6, 6, 3, 4]
516621:[5, 3, 0, 8, 9, 1, 1, 2, 7, 1]
517347:[0, 7, 9, 2, 6, 9, 6, 1, 8, 8]
518673:[6, 7, 1, 5, 0, 5, 6, 0, 2, 7]
520290:[7, 5, 0, 4, 1, 9, 5, 5, 8, 7]
520412:[3, 0, 0, 7, 9, 7, 9, 5, 2, 1]
530616:[0, 0, 2, 5, 7, 6, 0, 5, 7, 9]
534343:[6, 2, 8, 0, 1, 8, 5, 3, 0, 2]
536177:[8, 8, 0, 7, 2, 5, 9, 2, 8, 1]
537720:[0, 3, 9, 7, 6, 2, 4, 8, 9, 7]
538716:[2, 1, 3, 6, 8, 3, 1, 4, 8, 3]
543115:[5, 3, 1, 3, 2, 5, 6, 2, 9, 4]
545964:[0, 1, 3, 1, 1, 0, 1, 9, 4, 4]
551398:[4, 8, 4, 0, 8, 4, 3, 9, 4, 0]
552129:[1, 6, 0, 6, 3, 9, 1, 7, 9, 9]
552860:[3, 0, 3, 8, 5, 8, 7, 5, 4, 8]
553395:[6, 0, 3, 6, 0, 9, 9, 8, 3, 5]
55531:[4, 1, 9, 2, 1, 7, 1, 1, 6, 4]
555439:[7, 3, 8, 2, 7, 1, 9, 7, 3, 1]
560228:[8, 1, 8, 2, 0, 1, 3, 4, 3, 8]
56314:[3, 0, 2, 9, 9, 5, 9, 0, 9, 8]
564154:[8, 2, 8, 8, 8, 2, 7, 7, 9, 1]
565570:[3, 7, 6, 8, 5, 9, 0, 1, 3, 7]
567477:[1, 1, 4, 7, 7, 3, 9, 3, 4, 9]
567797:[8, 6, 4, 7, 1, 9, 8, 1, 9, 0]
57146:[9, 1, 3, 4, 7, 6, 5, 2, 2, 0]
572130:[7, 0, 5, 8, 2, 8, 1, 1, 1, 8]
573370:[5, 0, 8, 9, 0, 3, 9, 7, 0, 1]
577322:[0, 6, 2, 2, 3, 0, 4, 8, 0, 4]
577898:[8, 8, 4, 1, 9, 1, 1, 9, 3, 9]
578639:[0, 2, 7, 9, 6, 3, 9, 0, 1, 7]
581826:[8, 4, 1, 9, 7, 5, 9, 7, 4, 7]
585287:[4, 0, 0, 1, 0, 7, 3, 0, 6, 0]
586716:[1, 6, 4, 0, 4, 6, 1, 0, 7, 5]
587833:[0, 1, 9, 0, 4, 6, 9, 6, 4, 3]
59004:[0, 7, 5, 0, 2, 4, 9, 9, 0, 3]
596967:[3, 8, 1, 0, 0, 7, 6, 4, 9, 0]
597876:[3, 1, 4, 2, 5, 0, 2, 3, 9, 4]
604542:[1, 3, 3, 2, 7, 2, 8, 5, 0, 8]
605184:[1, 7, 8, 9, 0, 4, 6, 9, 8, 8]
60781:[3, 9, 1, 6, 5, 7, 6, 0, 0, 9]
608728:[6, 5, 4, 0, 7, 4, 5, 0, 2, 1]
609055:[3, 4, 2, 1, 5, 0, 5, 1, 4, 6]
611924:[9, 0, 9, 8, 5, 6, 3, 6, 7, 1]
613237:[7, 7, 9, 7, 4, 1, 4, 1, 6, 3]
61693:[5, 2, 9, 3, 9, 2, 6, 5, 1, 7]
617744:[2, 2, 6, 6, 4, 2, 0, 0, 2, 8]
619491:[4, 6, 4, 5, 2, 9, 8, 4, 9, 8]
624983:[2, 1, 7, 2, 9, 7, 2, 2, 6, 0]
625320:[3, 3, 3, 1, 3, 4, 5, 9, 7, 3]
625837:[7, 7, 4, 8, 9, 1, 7, 7, 7, 7]
62678:[7, 5, 2, 8, 2, 5, 7, 7, 6, 6]
62682:[5, 1, 6, 3, 5, 6, 3, 4, 3, 5]
628760:[5, 2, 5, 4, 2, 4, 3, 7, 7, 6]
628948:[9, 4, 7, 6, 0, 8, 3, 3, 2, 7]
630690:[3, 9, 9, 9, 4, 2, 9, 6, 3, 0]
633817:[0, 3, 5, 5, 9, 8, 0, 4, 2, 9]
636252:[2, 7, 4, 2, 4, 1, 3, 2, 8, 8]
636989:[9, 4, 4, 9, 1, 0, 2, 1, 9, 2]
637097:[1, 8, 5, 2, 7, 7, 1, 3, 1, 6]
637985:[5, 6, 9, 7, 4, 9, 0, 3, 2, 6]
642257:[9, 7, 8, 9, 1, 5, 7, 1, 4, 8]
642766:[1, 4, 2, 9, 7, 8, 4, 2, 4, 2]
643199:[0, 3, 0, 6, 7, 1, 2, 3, 1, 8]
644437:[4, 5, 8, 2, 2, 5, 7, 6, 3, 8]
654474:[8, 6, 5, 8, 8, 7, 1, 2, 6, 8]
659240:[9, 3, 7, 4, 7, 5, 1, 7, 3, 4]
659721:[0, 2, 1, 2, 6, 9, 6, 8, 7, 8]
665559:[9, 1, 6, 1, 1, 6, 4, 3, 8, 8]
666380:[5, 5, 9, 1, 0, 2, 0, 2, 2, 7]
666739:[8, 5, 5, 8, 6, 8, 1, 4, 5, 0]
667515:[7, 7, 7, 3, 4, 0, 8, 6, 6, 7]
66824:[8, 5, 0, 9, 5, 0, 8, 4, 4, 8]
668653:[2, 0, 8, 9, 2, 0, 4, 1, 6, 6]
669026:[2, 8, 6, 4, 2, 0, 3, 2, 4, 3]
669508:[8, 2, 2, 3, 2, 5, 4, 5, 0, 9]
66965:[4, 9, 4, 6, 2, 5, 6, 6, 9, 7]
669860:[6, 0, 8, 6, 0, 8, 1, 7, 8, 2]
670729:[9, 2, 9, 4, 8, 0, 6, 8, 8, 9]
674335:[5, 8, 4, 9, 2, 4, 9, 6, 9, 5]
678343:[1, 3, 0, 7, 2, 5, 5, 5, 6, 3]
681610:[3, 1, 3, 9, 1, 1, 1, 8, 6, 6]
683828:[9, 3, 7, 3, 1, 3, 6, 9, 6, 8]
686240:[2, 0, 3, 1, 8, 1, 4, 5, 8, 8]
687058:[6, 9, 0, 4, 5, 6, 3, 2, 8, 0]
689497:[3, 8, 0, 3, 7, 9, 9, 5, 3, 4]
690693:[4, 3, 9, 4, 5, 0, 9, 4, 1, 0]
695485:[1, 8, 9, 1, 0, 7, 2, 4, 8, 3]
696288:[3, 3, 2, 0, 1, 9, 8, 5, 2, 5]
699053:[6, 3, 0, 6, 3, 9, 0, 2, 4, 5]
700500:[7, 9, 4, 1, 8, 8, 9, 4, 0, 4]
701671:[9, 6, 3, 6, 7, 1, 1, 7, 5, 5]
704517:[9, 3, 0, 4, 9, 2, 9, 3, 7, 9]
710021:[1, 0, 2, 9, 3, 0, 1, 3, 3, 2]
711862:[6, 4, 5, 7, 5, 7, 3, 6, 8, 9]
712468:[1, 6, 8, 1, 6, 9, 8, 2, 7, 2]
718405:[2, 2, 7, 7, 9, 3, 3, 6, 7, 2]
724590:[6, 9, 9, 0, 4, 6, 0, 2, 5, 4]
727078:[5, 3, 5, 8, 6, 0, 1, 7, 6, 1]
727843:[4, 6, 9, 6, 4, 8, 1, 7, 5, 8]
733320:[8, 4, 1, 6, 1, 1, 3, 2, 2, 6]
733502:[0, 7, 7, 1, 1, 6, 8, 3, 8, 7]
734553:[1, 3, 7, 8, 1, 5, 1, 1, 4, 9]
736107:[8, 5, 2, 0, 5, 4, 6, 6, 4, 9]
741476:[3, 9, 7, 0, 1, 8, 8, 0, 8, 0]
742235:[5, 2, 7, 2, 0, 3, 4, 9, 4, 5]
742375:[9, 3, 8, 0, 8, 7, 7, 4, 2, 9]
743065:[5, 0, 2, 5, 5, 3, 4, 4, 3, 7]
743558:[4, 8, 4, 3, 6, 8, 2, 5, 1, 7]
746700:[0, 8, 3, 6, 6, 0, 4, 5, 1, 9]
752246:[2, 5, 8, 1, 3, 4, 2, 6, 5, 0]
753470:[8, 0, 3, 0, 6, 3, 1, 6, 7, 0]
753500:[4, 1, 6, 7, 3, 7, 5, 0, 0, 6]
756968:[0, 7, 5, 0, 4, 7, 8, 9, 7, 6]
757778:[3, 0, 1, 1, 2, 2, 3, 8, 6, 3]
759480:[2, 7, 3, 5, 8, 4, 0, 4, 8, 2]
760222:[0, 2, 8, 6, 0, 2, 7, 2, 3, 4]
76735:[0, 2, 5, 3, 8, 6, 2, 4, 0, 4]
775787:[8, 3, 5, 2, 7, 4, 5, 0, 6, 4]
777522:[3, 9, 5, 8, 3, 0, 9, 8, 0, 9]
778669:[2, 6, 6, 0, 6, 3, 8, 0, 8, 3]
780429:[4, 0, 2, 9, 6, 8, 9, 8, 8, 9]
783346:[3, 5, 5, 0, 4, 0, 8, 9, 6, 5]
786099:[8, 5, 0, 1, 1, 4, 1, 3, 3, 4]
786156:[7, 6, 1, 8, 1, 3, 8, 8, 3, 8]
786667:[2, 7, 6, 3, 2, 3, 8, 4, 0, 0]
788374:[8, 1, 2, 5, 1, 5, 5, 2, 8, 5]
79136:[8, 6, 6, 9, 5, 3, 6, 8, 7, 5]
793533:[6, 1, 1, 3, 7, 2, 1, 0, 6, 3]
794552:[3, 7, 2, 2, 0, 0, 8, 4, 5, 8]
800447:[5, 9, 3, 9, 3, 4, 0, 8, 0, 7]
806925:[6, 8, 4, 8, 2, 8, 1, 2, 2, 2]
809364:[2, 6, 0, 6, 5, 8, 8, 1, 7, 2]
814348:[6, 4, 7, 9, 7, 7, 6, 5, 9, 9]
814415:[7, 6, 1, 0, 9, 1, 7, 5, 7, 1]
81726:[2, 2, 2, 6, 1, 5, 8, 4, 3, 9]
820238:[7, 7, 5, 3, 9, 1, 5, 4, 0, 4]
825271:[2, 9, 1, 8, 6, 2, 6, 6, 1, 9]
825682:[8, 5, 9, 5, 2, 6, 8, 8, 6, 9]
831003:[2, 4, 0, 6, 1, 5, 0, 8, 5, 5]
834232:[5, 0, 2, 3, 5, 1, 5, 4, 2, 4]
836142:[7, 0, 6, 2, 7, 7, 3, 7, 6, 8]
836171:[2, 3, 1, 9, 6, 0, 6, 8, 3, 0]
836351:[3, 0, 9, 5, 1, 0, 2, 0, 4, 2]
837978:[7, 6, 6, 8, 6, 9, 2, 4, 7, 3]
844689:[8, 6, 8, 2, 2, 3, 4, 5, 1, 7]
844847:[8, 5, 4, 5, 0, 2, 2, 4, 6, 0]
845873:[2, 0, 0, 7, 7, 4, 2, 7, 3, 5]
850974:[1, 9, 8, 1, 2, 1, 6, 1, 0, 5]
851345:[4, 0, 6, 3, 6, 8, 3, 1, 4, 5]
855607:[7, 6, 5, 9, 9, 6, 8, 6, 0, 5]
859649:[8, 6, 4, 8, 2, 5, 6, 8, 0, 1]
860357:[9, 2, 8, 1, 5, 0, 8, 2, 1, 1]
86147:[5, 1, 9, 3, 8, 6, 6, 2, 9, 7]
861577:[7, 6, 5, 9, 5, 8, 5, 1, 1, 6]
861996:[2, 3, 6, 5, 8, 2, 5, 0, 7, 1]
862780:[4, 6, 9, 5, 6, 7, 9, 2, 9, 3]
867104:[8, 9, 8, 2, 4, 4, 7, 3, 8, 1]
868300:[1, 6, 2, 7, 6, 4, 9, 0, 8, 3]
869564:[1, 6, 0, 6, 4, 7, 3, 8, 2, 9]
870182:[1, 6, 2, 9, 8, 2, 4, 6, 3, 6]
871021:[4, 5, 3, 9, 2, 7, 6, 1, 1, 6]
871609:[1, 8, 9, 0, 2, 5, 6, 5, 6, 4]
873032:[3, 6, 1, 0, 6, 1, 2, 6, 7, 4]
877273:[4, 8, 0, 4, 8, 1, 0, 9, 2, 1]
885114:[3, 3, 5, 6, 0, 1, 5, 0, 8, 2]
88646:[6, 6, 1, 5, 9, 4, 8, 0, 3, 4]
886926:[7, 9, 1, 5, 4, 2, 8, 1, 4, 6]
887603:[7, 9, 8, 1, 9, 0, 3, 5, 5, 5]
888901:[6, 3, 9, 9, 8, 2, 8, 4, 7, 0]
891295:[5, 5, 6, 2, 1, 4, 0, 8, 6, 8]
89884:[9, 4, 3, 9, 1, 3, 2, 0, 8, 5]
900217:[5, 1, 0, 5, 2, 6, 3, 5, 7, 1]
901549:[7, 0, 8, 6, 3, 6, 6, 1, 0, 7]
9039:[1, 3, 8, 2, 9, 0, 1, 4, 4, 9]
904747:[5, 4, 0, 4, 4, 8, 5, 9, 4, 9]
912177:[5, 2, 6, 4, 1, 0, 9, 6, 7, 0]
915956:[6, 6, 2, 7, 1, 8, 0, 6, 1, 9]
917164:[4, 2, 5, 2, 9, 9, 4, 2, 9, 9]
921544:[4, 4, 6, 6, 3, 2, 0, 8, 5, 0]
921741:[7, 2, 5, 2, 4, 5, 5, 0, 6, 2]
92326:[4, 8, 0, 2, 7, 1, 3, 4, 0, 4]
924686:[2, 7, 0, 2, 9, 9, 6, 4, 8, 1]
926311:[2, 7, 4, 5, 7, 5, 2, 0, 6, 7]
927770:[6, 2, 4, 0, 9, 7, 3, 7, 8, 7]
928124:[4, 8, 0, 2, 1, 2, 5, 8, 1, 8]
930446:[8, 2, 7, 1, 0, 6, 1, 8, 8, 4]
93091:[3, 7, 6, 6, 4, 8, 0, 3, 9, 5]
931305:[3, 6, 9, 6, 4, 9, 3, 7, 4, 2]
933140:[5, 9, 4, 9, 5, 5, 9, 7, 0, 5]
933610:[4, 6, 1, 9, 9, 4, 4, 5, 1, 0]
933907:[2, 7, 5, 5, 0, 3, 2, 0, 9, 9]
934684:[0, 2, 7, 3, 1, 0, 9, 6, 2, 3]
936201:[7, 6, 0, 4, 7, 3, 7, 6, 3, 5]
938751:[0, 1, 6, 6, 2, 3, 6, 2, 3, 5]
940948:[5, 0, 2, 3, 2, 8, 7, 4, 1, 8]
942506:[5, 9, 3, 3, 8, 8, 4, 6, 8, 3]
943374:[2, 9, 8, 1, 8, 6, 9, 5, 0, 6]
947181:[1, 3, 5, 8, 9, 2, 9, 7, 5, 7]
947845:[9, 3, 8, 2, 7, 2, 6, 1, 4, 0]
951202:[1, 0, 3, 9, 1, 6, 3, 1, 8, 7]
953288:[0, 7, 2, 9, 9, 4, 0, 3, 9, 6]
955784:[1, 0, 0, 1, 0, 1, 7, 5, 8, 2]
961475:[5, 2, 9, 4, 4, 2, 2, 4, 6, 5]
962296:[9, 5, 3, 1, 7, 3, 3, 7, 2, 5]
962986:[9, 7, 5, 4, 6, 5, 8, 8, 6, 7]
965284:[5, 4, 9, 9, 0, 1, 5, 0, 3, 4]
966036:[9, 2, 7, 9, 0, 0, 8, 0, 5, 0]
966620:[7, 7, 7, 9, 3, 4, 0, 5, 7, 0]
968567:[0, 3, 9, 4, 9, 5, 9, 8, 6, 7]
973456:[5, 3, 1, 1, 9, 9, 5, 0, 8, 2]
975857:[6, 8, 0, 8, 1, 6, 9, 9, 7, 9]
977426:[6, 7, 4, 0, 0, 1, 0, 3, 2, 3]
97929:[2, 0, 6, 3, 2, 2, 6, 4, 8, 4]
98269:[4, 0, 4, 0, 5, 2, 9, 7, 0, 4]
982707:[8, 5, 1, 9, 2, 7, 7, 0, 8, 7]
987169:[6, 1, 3, 9, 4, 3, 7, 4, 8, 5]
988827:[4, 7, 2, 4, 6, 4, 1, 6, 4, 2]
996004:[5, 9, 1, 3, 9, 0, 7, 0, 0, 7]
996201:[2, 8, 8, 7, 6, 3, 1, 0, 7, 0]
99633:[5, 8, 8, 0, 7, 4, 3, 4, 7, 7]
996571:[5, 7, 8, 0, 1, 0, 6, 1, 1, 2]
997437:[6, 6, 7, 2, 6, 1, 0, 1, 2, 2]
999130:[0, 7, 7, 1, 9, 1, 6, 8, 7, 3]
