1228989:[1, 7, 2, 8, 6, 8, 7, 3, 5, 2]
1302991:[9, 9, 8, 7, 5, 5, 1, 3, 7, 4]
1315168:[5, 6, 4, 3, 7, 1, 4, 8, 5, 8]
194052:[9, 3, 4, 7, 9, 0, 2, 4, 2, 3]
2013071:[2, 7, 7, 9, 3, 4, 6, 4, 8, 8]
2221943:[7, 4, 3, 1, 3, 8, 6, 2, 7, 4]
2289115:[4, 9, 9, 3, 3, 8, 6, 3, 3, 7]
2406096:[3, 0, 0, 5, 4, 7, 0, 3, 0, 4]
2540074:[3, 2, 4, 0, 1, 6, 1, 2, 6, 9]
2947536:[2, 5, 8, 7, 4, 6, 6, 0, 2, 4]
3011170:[7, 7, 4, 1, 3, 5, 1, 4, 9, 7]
3099737:[9, 0, 4, 7, 3, 9, 9, 0, 4, 0]
3225601:[4, 2, 7, 1, 1, 8, 8, 6, 7, 0]
369130:[3, 9, 9, 7, 9, 9, 5, 5, 8, 6]
462453:[4, 0, 6, 8, 2, 4, 5, 9, 0, 5]
483017:[6, 5, 7, 6, 3, 4, 4, 7, 9, 4]
498629:[5, 8, 8, 2, 3, 2, 6, 9, 5, 1]
628873:[6, 0, 9, 8, 2, 8, 2, 6, 8, 8]
