1055292:[2, 8, 6, 6, 3, 9, 8, 5, 1, 3]
1219701:[4, 2, 7, 3, 1, 0, 8, 5, 2, 8]
1233374:[8, 4, 4, 2, 3, 3, 2, 5, 7, 7]
1452809:[5, 1, 0, 6, 9, 9, 3, 7, 5, 4]
1454324:[3, 0, 1, 8, 8, 3, 3, 8, 7, 2]
1586946:[9, 7, 8, 6, 1, 3, 0, 8, 6, 8]
1640110:[9, 0, 9, 7, 1, 7, 4, 9, 7, 2]
2009257:[8, 9, 7, 4, 3, 8, 6, 9, 5, 1]
2302636:[2, 2, 7, 2, 6, 8, 6, 4, 9, 4]
2521910:[6, 4, 0, 9, 2, 1, 8, 6, 6, 1]
263892:[5, 1, 3, 6, 3, 2, 3, 6, 2, 6]
2663596:[3, 5, 9, 9, 5, 6, 5, 4, 1, 5]
2997672:[0, 3, 5, 9, 6, 3, 4, 2, 7, 4]
3034480:[6, 4, 1, 4, 2, 1, 6, 6, 2, 1]
3113345:[2, 9, 3, 2, 8, 1, 3, 0, 6, 5]
509330:[7, 3, 4, 9, 5, 0, 1, 2, 6, 3]
797544:[8, 6, 6, 9, 7, 8, 9, 7, 1, 8]
823207:[5, 8, 7, 9, 5, 0, 3, 3, 6, 4]
8525:[1, 1, 4, 1, 1, 7, 9, 4, 5, 5]
942730:[7, 3, 5, 0, 0, 0, 2, 3, 1, 6]
