1002345:[0, 1, 7, 6, 8, 5, 1, 5, 2, 1]
1003720:[5, 4, 8, 7, 0, 0, 1, 1, 7, 6]
1004928:[3, 5, 5, 6, 6, 5, 4, 1, 5, 1]
1004979:[7, 6, 4, 6, 7, 5, 0, 4, 8, 0]
1005078:[4, 6, 3, 3, 4, 3, 0, 5, 8, 3]
1012343:[4, 7, 9, 5, 1, 4, 0, 8, 0, 8]
1012615:[9, 4, 0, 6, 2, 7, 7, 3, 9, 6]
1013618:[6, 3, 4, 0, 3, 1, 7, 8, 1, 7]
1015824:[9, 9, 0, 9, 8, 1, 2, 3, 0, 6]
1017071:[3, 9, 9, 0, 2, 1, 7, 9, 7, 6]
1017332:[7, 6, 0, 6, 0, 7, 1, 0, 4, 2]
1022416:[9, 7, 7, 8, 3, 6, 6, 9, 5, 8]
1024795:[7, 2, 0, 8, 0, 4, 8, 3, 0, 9]
1027151:[1, 5, 0, 2, 1, 5, 3, 4, 1, 3]
1029192:[4, 3, 7, 2, 0, 2, 9, 4, 1, 1]
1029669:[0, 5, 3, 6, 1, 5, 4, 6, 1, 6]
1032371:[2, 8, 8, 5, 7, 0, 9, 9, 0, 3]
1034155:[4, 3, 3, 9, 4, 5, 2, 4, 7, 1]
103509:[3, 3, 2, 1, 1, 8, 8, 8, 6, 2]
1035845:[3, 7, 1, 1, 4, 1, 6, 1, 2, 9]
1036045:[6, 4, 8, 9, 2, 8, 7, 9, 4, 7]
1036426:[0, 7, 9, 0, 2, 9, 8, 2, 1, 6]
1037189:[3, 3, 4, 7, 9, 2, 1, 2, 5, 6]
1038067:[6, 5, 4, 6, 9, 0, 8, 3, 4, 4]
1039823:[3, 7, 9, 7, 9, 3, 1, 0, 1, 7]
1039898:[5, 4, 6, 2, 3, 0, 5, 7, 4, 3]
1041092:[5, 0, 5, 2, 8, 3, 3, 5, 0, 4]
1041108:[3, 7, 7, 2, 2, 3, 1, 2, 6, 3]
1041286:[7, 1, 5, 9, 8, 4, 1, 8, 5, 4]
1046667:[1, 0, 1, 0, 6, 0, 1, 1, 1, 5]
1049134:[5, 1, 1, 2, 5, 5, 5, 1, 1, 3]
1050137:[5, 2, 5, 8, 3, 1, 7, 7, 8, 1]
1051733:[3, 6, 4, 3, 0, 3, 0, 2, 3, 5]
1054521:[4, 3, 3, 2, 3, 0, 9, 4, 9, 9]
1059600:[6, 6, 2, 7, 2, 7, 8, 3, 3, 5]
1059973:[5, 5, 5, 2, 8, 3, 1, 3, 6, 5]
1060259:[8, 8, 1, 5, 3, 1, 7, 9, 4, 5]
1061962:[4, 1, 0, 8, 1, 8, 3, 5, 2, 4]
1064636:[8, 7, 7, 0, 2, 3, 9, 4, 7, 3]
1064801:[2, 6, 4, 1, 2, 4, 0, 1, 2, 5]
1065449:[7, 0, 6, 2, 7, 5, 1, 9, 8, 3]
1068320:[9, 9, 8, 9, 1, 0, 6, 3, 6, 9]
106832:[5, 0, 2, 4, 8, 9, 2, 8, 4, 1]
1068890:[7, 9, 6, 5, 9, 1, 1, 1, 6, 2]
1069117:[9, 5, 1, 3, 1, 1, 8, 7, 7, 1]
1071091:[1, 9, 5, 3, 9, 2, 4, 4, 9, 7]
1071241:[7, 8, 2, 1, 0, 9, 7, 3, 9, 4]
1072613:[2, 1, 1, 2, 1, 2, 9, 5, 4, 9]
1073059:[7, 5, 5, 0, 2, 6, 2, 3, 4, 6]
1073146:[7, 1, 4, 1, 8, 4, 9, 5, 8, 4]
1075547:[6, 6, 1, 7, 8, 7, 5, 5, 1, 4]
107592:[7, 3, 8, 2, 0, 1, 3, 0, 2, 1]
1076510:[0, 3, 4, 0, 1, 1, 4, 7, 1, 3]
1077661:[5, 8, 4, 6, 1, 4, 4, 1, 7, 6]
1078269:[1, 6, 7, 6, 0, 1, 6, 7, 7, 2]
1079060:[4, 1, 2, 4, 6, 2, 2, 7, 2, 3]
1079206:[1, 5, 7, 1, 4, 5, 0, 3, 2, 3]
1079437:[9, 5, 9, 7, 6, 9, 6, 8, 3, 7]
1079611:[2, 2, 1, 7, 2, 7, 9, 1, 7, 5]
1080796:[4, 5, 1, 6, 5, 8, 6, 6, 1, 7]
1081863:[7, 5, 9, 2, 9, 3, 0, 0, 2, 8]
1085050:[8, 0, 3, 7, 9, 5, 9, 4, 5, 4]
1085172:[2, 3, 4, 9, 6, 5, 7, 1, 3, 7]
1086145:[3, 1, 0, 3, 6, 7, 7, 9, 8, 1]
1089421:[1, 9, 9, 5, 1, 6, 1, 8, 1, 0]
1092457:[2, 8, 5, 8, 1, 1, 0, 8, 1, 3]
1096427:[7, 5, 9, 4, 8, 1, 8, 2, 2, 5]
1097055:[3, 8, 5, 2, 6, 8, 5, 8, 6, 5]
1103005:[5, 9, 9, 6, 6, 8, 8, 4, 4, 1]
1104743:[3, 7, 2, 8, 0, 9, 8, 8, 6, 1]
1105037:[0, 1, 5, 1, 0, 6, 8, 6, 7, 8]
1106033:[0, 8, 5, 0, 2, 5, 7, 2, 5, 4]
1107112:[7, 2, 2, 7, 7, 7, 5, 9, 3, 7]
1107558:[4, 8, 6, 5, 7, 1, 7, 1, 0, 6]
1109189:[5, 7, 1, 6, 0, 9, 7, 8, 2, 3]
1117859:[9, 8, 2, 7, 6, 6, 4, 6, 9, 2]
1119106:[3, 9, 6, 9, 8, 7, 9, 8, 3, 2]
1119202:[5, 8, 3, 7, 3, 5, 2, 0, 5, 0]
1120249:[8, 0, 0, 3, 5, 1, 6, 3, 2, 3]
1122227:[7, 6, 9, 3, 8, 2, 3, 8, 7, 6]
1127879:[5, 1, 5, 3, 8, 2, 7, 8, 6, 6]
1128284:[2, 4, 0, 5, 4, 4, 0, 1, 2, 1]
1128949:[9, 8, 6, 2, 8, 7, 2, 4, 8, 7]
1129827:[9, 5, 0, 1, 9, 4, 3, 5, 7, 8]
1130734:[8, 3, 4, 3, 7, 7, 3, 2, 3, 0]
1132521:[9, 3, 1, 9, 3, 2, 3, 9, 7, 1]
1132620:[7, 9, 8, 9, 6, 4, 2, 2, 7, 4]
1135848:[6, 9, 2, 5, 6, 0, 3, 1, 4, 2]
1136050:[9, 7, 6, 4, 5, 7, 7, 2, 2, 6]
1137487:[0, 2, 3, 7, 7, 1, 5, 1, 0, 6]
113850:[8, 5, 1, 7, 7, 1, 1, 3, 2, 3]
1140384:[1, 8, 0, 8, 2, 0, 9, 3, 2, 6]
114119:[1, 6, 2, 3, 7, 1, 8, 2, 8, 5]
1141380:[9, 3, 2, 3, 5, 8, 3, 1, 9, 4]
1141721:[9, 2, 6, 1, 2, 9, 7, 3, 3, 7]
1142108:[8, 9, 6, 6, 2, 7, 2, 9, 7, 7]
1143056:[2, 0, 3, 2, 3, 1, 3, 8, 3, 4]
1145515:[5, 8, 0, 2, 6, 3, 7, 0, 6, 0]
1149935:[1, 4, 6, 5, 7, 9, 9, 0, 9, 6]
115020:[1, 3, 3, 7, 1, 2, 3, 6, 2, 4]
1150995:[4, 0, 8, 7, 7, 6, 7, 4, 3, 2]
11517:[5, 4, 4, 7, 6, 8, 7, 2, 5, 2]
1151904:[2, 5, 4, 4, 6, 7, 2, 0, 7, 9]
1153552:[6, 1, 4, 1, 5, 3, 1, 5, 3, 8]
1155215:[6, 3, 1, 1, 2, 7, 6, 9, 8, 5]
1155580:[0, 5, 9, 3, 5, 3, 4, 3, 7, 0]
1160281:[7, 3, 8, 2, 6, 0, 6, 0, 3, 0]
1161288:[0, 1, 1, 5, 4, 6, 0, 0, 5, 3]
1167105:[7, 0, 0, 5, 6, 8, 7, 1, 0, 3]
1171782:[5, 1, 4, 3, 0, 9, 1, 8, 0, 3]
1173100:[6, 7, 8, 8, 8, 0, 6, 1, 8, 8]
1174081:[4, 3, 7, 9, 6, 1, 2, 0, 8, 8]
1175809:[0, 6, 9, 7, 0, 4, 8, 3, 6, 2]
1178185:[6, 9, 8, 4, 9, 0, 5, 1, 8, 9]
1180189:[3, 5, 1, 3, 0, 3, 9, 9, 6, 5]
1180731:[9, 2, 3, 0, 2, 0, 5, 6, 3, 3]
1185160:[8, 4, 1, 1, 0, 1, 9, 2, 6, 4]
1186190:[8, 4, 5, 9, 1, 0, 2, 6, 4, 2]
1186285:[3, 5, 9, 4, 3, 0, 6, 3, 7, 0]
1188124:[0, 9, 8, 5, 0, 8, 6, 3, 2, 4]
119173:[5, 6, 3, 1, 4, 1, 7, 7, 8, 7]
1195457:[2, 3, 7, 3, 7, 0, 6, 7, 4, 1]
1196671:[4, 3, 8, 4, 9, 9, 5, 2, 3, 7]
1196893:[9, 3, 8, 3, 1, 4, 4, 8, 3, 7]
1198076:[0, 2, 9, 4, 2, 9, 5, 9, 3, 5]
119828:[6, 0, 5, 4, 0, 9, 6, 6, 2, 3]
1200148:[0, 0, 9, 0, 5, 7, 5, 5, 3, 0]
1204460:[5, 7, 6, 6, 2, 3, 9, 1, 8, 2]
1205082:[6, 9, 7, 3, 4, 3, 6, 1, 1, 0]
1205685:[5, 0, 4, 5, 2, 6, 3, 0, 5, 4]
1206224:[7, 0, 6, 0, 9, 7, 9, 7, 9, 9]
121043:[9, 8, 4, 5, 0, 2, 6, 1, 4, 4]
1211012:[7, 2, 2, 7, 7, 7, 3, 3, 5, 7]
1211151:[1, 8, 9, 3, 2, 9, 9, 1, 9, 7]
1212720:[6, 4, 0, 3, 9, 1, 9, 0, 2, 7]
121465:[3, 4, 8, 4, 1, 5, 5, 8, 8, 4]
1214970:[7, 0, 1, 0, 5, 0, 7, 4, 3, 7]
1218243:[8, 5, 6, 4, 8, 1, 9, 1, 6, 5]
1219239:[6, 7, 3, 3, 4, 9, 3, 8, 8, 1]
122222:[9, 3, 1, 9, 4, 5, 4, 5, 0, 7]
122387:[9, 2, 6, 0, 2, 2, 4, 5, 9, 1]
1224837:[5, 0, 0, 0, 8, 9, 9, 1, 8, 3]
1227687:[9, 0, 8, 4, 4, 2, 9, 8, 1, 2]
1228645:[5, 5, 7, 9, 5, 1, 5, 1, 6, 1]
123153:[0, 4, 5, 0, 9, 7, 4, 9, 0, 4]
1234909:[2, 6, 8, 4, 3, 1, 8, 1, 7, 1]
1235646:[3, 5, 9, 9, 5, 8, 5, 6, 9, 3]
1236647:[3, 1, 6, 7, 4, 1, 9, 8, 8, 6]
1238172:[5, 3, 5, 9, 4, 8, 4, 9, 6, 4]
1238248:[0, 2, 9, 8, 2, 3, 4, 4, 1, 7]
1239445:[8, 6, 2, 9, 4, 5, 7, 7, 8, 2]
1239792:[6, 9, 7, 5, 1, 9, 0, 6, 8, 8]
1240210:[4, 6, 7, 8, 5, 9, 7, 1, 6, 8]
1240678:[4, 2, 7, 3, 5, 1, 6, 6, 5, 0]
1242609:[5, 7, 7, 9, 6, 5, 4, 6, 8, 6]
1244913:[6, 8, 8, 1, 0, 9, 7, 3, 9, 4]
1245241:[3, 1, 1, 6, 9, 8, 2, 5, 8, 0]
1247189:[1, 4, 2, 4, 9, 4, 1, 2, 9, 2]
1248436:[5, 5, 7, 1, 1, 1, 3, 5, 8, 0]
1248918:[6, 3, 7, 2, 8, 3, 0, 2, 3, 6]
1249305:[8, 4, 1, 6, 7, 8, 8, 1, 2, 7]
1254700:[6, 9, 5, 8, 5, 9, 3, 2, 4, 6]
1254709:[1, 2, 4, 7, 6, 1, 4, 1, 4, 9]
1255031:[2, 2, 2, 0, 7, 8, 8, 6, 3, 2]
1255184:[0, 4, 0, 7, 6, 4, 6, 0, 7, 2]
1256269:[7, 3, 4, 1, 4, 8, 5, 5, 4, 2]
1257060:[8, 1, 8, 0, 2, 9, 2, 2, 8, 6]
1257751:[8, 5, 1, 9, 2, 2, 8, 0, 2, 6]
1258806:[7, 7, 7, 9, 3, 0, 6, 0, 2, 8]
125984:[5, 9, 9, 0, 4, 5, 7, 5, 7, 9]
1260472:[1, 8, 2, 8, 6, 7, 2, 0, 1, 3]
1266939:[2, 1, 1, 2, 7, 9, 9, 7, 4, 4]
1267766:[0, 4, 7, 6, 2, 6, 8, 8, 2, 7]
1269046:[9, 0, 8, 4, 8, 9, 3, 6, 1, 2]
1269332:[3, 6, 4, 9, 2, 0, 9, 3, 0, 0]
1271115:[3, 8, 7, 3, 8, 6, 2, 5, 8, 3]
1271343:[9, 5, 1, 9, 5, 8, 2, 6, 9, 7]
1274755:[6, 6, 5, 0, 6, 2, 4, 4, 6, 6]
1275512:[1, 1, 6, 0, 4, 9, 8, 3, 9, 1]
1279477:[7, 8, 5, 3, 1, 1, 7, 6, 3, 4]
1279982:[6, 7, 1, 2, 7, 1, 2, 3, 9, 9]
1280048:[4, 7, 4, 4, 9, 7, 7, 0, 4, 7]
1282446:[7, 0, 4, 9, 7, 6, 0, 1, 9, 6]
1282464:[7, 1, 5, 3, 7, 6, 1, 6, 9, 6]
1283286:[3, 4, 0, 8, 2, 2, 2, 6, 7, 6]
1286125:[8, 8, 0, 0, 0, 9, 0, 9, 0, 9]
1286445:[3, 8, 4, 4, 0, 9, 2, 2, 3, 6]
1286747:[9, 1, 7, 2, 4, 5, 2, 4, 9, 1]
1291851:[1, 2, 6, 6, 4, 8, 3, 5, 2, 9]
1292992:[5, 6, 7, 1, 9, 6, 0, 7, 8, 8]
1294075:[0, 0, 9, 1, 4, 0, 0, 9, 4, 5]
1298304:[2, 7, 6, 9, 8, 1, 3, 8, 2, 7]
1298985:[0, 9, 4, 4, 0, 5, 8, 1, 2, 7]
1300200:[1, 6, 1, 9, 0, 0, 1, 9, 7, 9]
1300986:[2, 4, 5, 9, 5, 8, 8, 3, 7, 2]
1301371:[8, 9, 8, 9, 7, 5, 7, 5, 7, 4]
1303868:[0, 4, 8, 6, 8, 7, 8, 7, 7, 2]
1305845:[8, 6, 8, 3, 5, 5, 3, 3, 8, 7]
1306190:[6, 1, 1, 1, 7, 9, 5, 7, 8, 6]
13064:[2, 8, 1, 2, 2, 1, 8, 2, 5, 4]
1308151:[5, 3, 0, 8, 5, 8, 9, 2, 7, 7]
1308699:[5, 3, 3, 8, 2, 6, 7, 2, 6, 9]
1311418:[0, 4, 2, 6, 0, 9, 0, 8, 5, 2]
1312127:[0, 5, 0, 0, 5, 5, 0, 6, 7, 6]
1312922:[8, 3, 9, 9, 4, 1, 2, 3, 2, 4]
1313551:[7, 1, 4, 3, 7, 9, 6, 1, 2, 8]
1314148:[7, 9, 3, 4, 4, 8, 4, 8, 2, 3]
1317515:[5, 0, 0, 4, 0, 6, 5, 4, 6, 2]
1317532:[5, 0, 0, 3, 6, 7, 9, 2, 2, 1]
1318344:[8, 5, 1, 2, 7, 9, 8, 7, 6, 5]
131894:[5, 2, 1, 4, 8, 7, 6, 7, 2, 8]
1319968:[0, 2, 9, 7, 7, 2, 3, 3, 2, 0]
132081:[9, 6, 0, 5, 8, 3, 6, 3, 4, 5]
1322902:[1, 4, 0, 3, 5, 8, 7, 4, 2, 7]
1325329:[2, 6, 7, 4, 2, 8, 8, 4, 0, 9]
1325760:[0, 0, 9, 5, 9, 2, 5, 2, 7, 4]
1327598:[7, 8, 7, 5, 8, 5, 5, 3, 4, 5]
132827:[1, 7, 9, 0, 9, 2, 3, 0, 7, 2]
1330273:[8, 1, 2, 2, 5, 2, 7, 2, 0, 1]
1332722:[2, 4, 0, 3, 7, 5, 6, 9, 6, 9]
133533:[3, 0, 1, 1, 6, 7, 7, 2, 0, 9]
1338772:[0, 3, 1, 0, 7, 1, 5, 3, 0, 4]
1339157:[8, 2, 8, 6, 1, 9, 3, 5, 8, 4]
1339279:[5, 1, 7, 4, 5, 3, 2, 3, 2, 2]
1339516:[4, 1, 6, 7, 0, 3, 6, 8, 4, 6]
1341269:[9, 5, 4, 6, 8, 9, 5, 0, 0, 9]
1341844:[9, 4, 5, 7, 4, 8, 0, 0, 8, 5]
1342760:[7, 7, 8, 9, 8, 0, 8, 1, 8, 4]
1342998:[3, 7, 0, 5, 1, 2, 7, 8, 6, 5]
1343989:[3, 1, 1, 2, 9, 8, 7, 5, 1, 3]
1346872:[6, 0, 4, 8, 2, 3, 6, 1, 0, 9]
1347234:[5, 7, 1, 7, 0, 2, 0, 6, 3, 2]
1349227:[7, 4, 8, 2, 4, 8, 7, 7, 7, 9]
1350406:[2, 9, 1, 3, 6, 5, 1, 0, 8, 5]
1350831:[9, 9, 0, 9, 2, 6, 3, 8, 0, 6]
1351027:[3, 1, 0, 3, 4, 8, 0, 9, 8, 0]
1351285:[6, 4, 4, 5, 3, 0, 7, 2, 8, 5]
1352327:[3, 1, 8, 1, 9, 6, 4, 3, 2, 1]
1353957:[0, 3, 8, 0, 2, 5, 1, 1, 4, 8]
1354318:[8, 7, 2, 1, 0, 9, 2, 3, 1, 0]
1355352:[9, 3, 5, 6, 3, 1, 6, 6, 6, 9]
1355628:[9, 6, 3, 3, 1, 1, 4, 4, 4, 8]
1359517:[3, 5, 9, 4, 8, 1, 3, 0, 1, 5]
1361521:[4, 8, 1, 7, 8, 6, 3, 8, 0, 0]
1361983:[8, 0, 0, 5, 5, 1, 3, 6, 2, 8]
1362573:[6, 8, 5, 7, 8, 7, 4, 9, 7, 0]
1365012:[7, 4, 0, 8, 2, 3, 0, 8, 1, 2]
1365390:[2, 7, 0, 3, 5, 0, 3, 8, 5, 0]
1366488:[6, 5, 3, 1, 9, 9, 7, 1, 1, 6]
1367261:[5, 1, 5, 8, 0, 0, 5, 9, 6, 9]
1369552:[4, 4, 8, 4, 4, 7, 4, 1, 8, 4]
1371615:[5, 7, 5, 3, 0, 6, 2, 0, 8, 3]
1373052:[9, 3, 5, 1, 4, 2, 4, 4, 0, 6]
1374182:[0, 1, 9, 5, 2, 3, 4, 8, 5, 1]
1376660:[7, 9, 0, 7, 0, 6, 6, 7, 9, 7]
137870:[8, 9, 6, 2, 1, 0, 5, 8, 2, 5]
1385907:[2, 5, 6, 0, 0, 3, 4, 6, 5, 2]
1386885:[9, 9, 0, 7, 0, 2, 0, 9, 8, 7]
1388704:[3, 4, 7, 0, 7, 5, 5, 8, 0, 3]
1388856:[4, 3, 0, 2, 0, 0, 9, 2, 1, 9]
139011:[9, 2, 7, 1, 8, 1, 5, 9, 9, 9]
1396426:[7, 8, 3, 0, 3, 3, 0, 6, 1, 0]
1396781:[9, 4, 8, 8, 3, 1, 5, 6, 3, 5]
139793:[0, 8, 5, 7, 0, 3, 2, 7, 4, 1]
1400697:[0, 8, 2, 7, 0, 1, 1, 5, 3, 2]
140192:[4, 3, 6, 3, 9, 9, 5, 8, 6, 0]
1402548:[3, 4, 6, 3, 5, 1, 1, 9, 1, 7]
140317:[3, 3, 2, 9, 4, 5, 5, 7, 6, 2]
1403356:[7, 7, 7, 2, 5, 6, 9, 1, 6, 6]
1406537:[8, 8, 3, 8, 8, 7, 0, 3, 6, 0]
1408097:[1, 0, 6, 8, 1, 1, 2, 1, 4, 5]
1409032:[8, 6, 7, 4, 9, 2, 4, 2, 6, 0]
1410238:[1, 9, 7, 2, 8, 9, 7, 9, 6, 7]
1410432:[1, 8, 3, 0, 8, 8, 3, 8, 8, 2]
1411788:[7, 3, 6, 3, 2, 6, 5, 1, 2, 2]
1413507:[4, 4, 8, 5, 5, 1, 1, 5, 6, 9]
1415261:[4, 5, 7, 3, 6, 5, 2, 6, 7, 1]
1415622:[9, 6, 2, 8, 6, 6, 9, 8, 7, 4]
1415648:[4, 0, 3, 7, 4, 8, 3, 0, 2, 3]
1421497:[5, 8, 6, 0, 0, 2, 9, 1, 1, 1]
1421939:[6, 9, 7, 2, 1, 1, 1, 4, 0, 7]
1422787:[2, 2, 8, 3, 3, 7, 0, 9, 1, 3]
1430583:[9, 1, 8, 2, 1, 1, 6, 9, 2, 4]
1434251:[0, 5, 0, 9, 3, 7, 4, 2, 1, 0]
1435528:[1, 6, 2, 3, 6, 3, 5, 3, 1, 9]
1438646:[8, 3, 8, 2, 5, 4, 2, 9, 8, 3]
1445627:[0, 6, 4, 1, 9, 1, 2, 0, 5, 8]
144574:[2, 2, 9, 1, 2, 7, 8, 9, 0, 9]
1448837:[2, 7, 8, 5, 1, 1, 1, 2, 2, 4]
1449486:[3, 8, 1, 4, 1, 1, 7, 1, 9, 8]
1449616:[7, 6, 6, 1, 7, 0, 5, 1, 3, 2]
1452180:[0, 3, 9, 8, 9, 3, 0, 6, 8, 4]
1454807:[1, 8, 5, 7, 2, 6, 4, 5, 2, 9]
1455597:[1, 0, 8, 5, 3, 7, 6, 1, 3, 3]
1457447:[1, 3, 6, 8, 0, 1, 1, 8, 8, 9]
1457763:[8, 7, 0, 1, 1, 5, 0, 2, 8, 1]
1458137:[0, 9, 5, 6, 7, 5, 7, 6, 2, 3]
1466668:[7, 4, 0, 0, 5, 1, 8, 6, 9, 8]
1468562:[4, 3, 0, 6, 5, 1, 7, 0, 6, 3]
1472918:[3, 1, 5, 0, 1, 1, 4, 0, 1, 8]
1476413:[8, 8, 0, 1, 3, 1, 5, 9, 8, 4]
1485762:[4, 8, 8, 4, 4, 4, 5, 4, 5, 7]
1486530:[5, 9, 5, 4, 9, 0, 4, 6, 2, 1]
1488024:[6, 7, 8, 2, 7, 3, 8, 9, 9, 8]
1490614:[6, 1, 9, 9, 1, 8, 0, 1, 4, 2]
1490940:[6, 7, 0, 7, 8, 8, 2, 1, 4, 6]
1491397:[7, 8, 3, 3, 2, 0, 6, 3, 7, 2]
1494582:[3, 5, 9, 6, 1, 8, 1, 9, 2, 6]
1494739:[4, 3, 7, 8, 2, 3, 3, 8, 9, 8]
1498701:[0, 8, 7, 5, 6, 2, 0, 9, 6, 9]
1499263:[7, 9, 7, 7, 7, 0, 4, 6, 5, 1]
1500321:[1, 2, 6, 6, 5, 3, 7, 4, 3, 7]
1501077:[5, 7, 8, 0, 3, 2, 7, 0, 5, 8]
1501314:[9, 1, 1, 1, 6, 4, 8, 4, 6, 5]
1502234:[8, 9, 5, 6, 6, 4, 3, 9, 4, 3]
1504251:[9, 6, 2, 3, 8, 5, 0, 4, 3, 8]
1504791:[2, 4, 7, 7, 3, 1, 4, 8, 7, 4]
1505606:[7, 0, 9, 1, 5, 0, 3, 9, 8, 3]
1509080:[6, 2, 7, 7, 3, 2, 0, 5, 3, 4]
1509329:[0, 3, 8, 7, 5, 4, 2, 5, 5, 6]
1519165:[4, 8, 9, 2, 5, 1, 8, 8, 8, 0]
1520211:[9, 8, 8, 9, 5, 5, 7, 9, 5, 6]
1521060:[5, 3, 5, 1, 6, 6, 5, 6, 0, 0]
1521417:[8, 6, 0, 5, 5, 3, 2, 8, 9, 5]
152162:[3, 3, 2, 7, 0, 1, 8, 2, 7, 1]
1522585:[8, 5, 5, 5, 6, 8, 6, 4, 5, 3]
1523960:[9, 9, 4, 8, 4, 1, 8, 3, 5, 6]
1525083:[4, 5, 2, 6, 5, 4, 0, 5, 6, 9]
1525562:[0, 7, 7, 6, 0, 1, 8, 1, 2, 7]
1526767:[3, 1, 1, 0, 1, 6, 8, 7, 3, 3]
1527040:[2, 2, 6, 5, 0, 0, 7, 8, 8, 7]
1527891:[9, 3, 6, 9, 1, 0, 7, 9, 5, 9]
1528095:[4, 1, 4, 8, 1, 7, 4, 8, 9, 1]
1530949:[6, 8, 7, 8, 3, 4, 0, 5, 8, 3]
1530955:[1, 6, 9, 7, 5, 2, 9, 9, 9, 2]
1531384:[3, 9, 9, 9, 2, 4, 8, 1, 0, 7]
15322:[9, 9, 2, 8, 9, 5, 4, 7, 7, 0]
1533834:[2, 9, 2, 1, 1, 8, 4, 2, 1, 1]
1534007:[5, 7, 4, 9, 3, 3, 1, 2, 7, 4]
1535628:[1, 8, 0, 6, 6, 3, 2, 9, 8, 5]
1536649:[3, 4, 9, 8, 7, 3, 5, 0, 3, 1]
1537650:[6, 6, 5, 7, 8, 6, 3, 6, 3, 2]
1538131:[2, 5, 5, 5, 1, 3, 2, 4, 1, 7]
1538718:[1, 5, 9, 1, 2, 9, 4, 2, 0, 3]
1539558:[9, 7, 0, 6, 0, 5, 0, 8, 4, 3]
1539840:[8, 4, 8, 3, 9, 1, 7, 3, 1, 4]
1539924:[6, 2, 0, 8, 9, 0, 2, 2, 5, 0]
1542032:[1, 7, 9, 3, 9, 7, 6, 3, 3, 9]
1542638:[7, 4, 2, 7, 9, 1, 2, 2, 5, 4]
1543262:[4, 9, 9, 4, 8, 1, 2, 3, 7, 5]
1544820:[8, 1, 8, 7, 3, 7, 3, 2, 8, 3]
1544871:[7, 0, 0, 5, 2, 9, 8, 8, 6, 8]
1546403:[9, 0, 5, 3, 4, 5, 0, 8, 5, 4]
1547317:[7, 4, 1, 5, 2, 7, 2, 8, 3, 2]
1548432:[9, 8, 7, 4, 7, 7, 5, 0, 6, 4]
154898:[0, 2, 2, 8, 5, 4, 1, 3, 1, 5]
1552534:[0, 0, 7, 8, 3, 6, 5, 3, 4, 3]
1552943:[6, 9, 5, 9, 9, 1, 5, 6, 2, 3]
1553281:[4, 0, 9, 3, 0, 3, 3, 9, 4, 8]
1553506:[1, 7, 6, 9, 8, 0, 3, 9, 3, 0]
1554912:[3, 8, 0, 9, 4, 7, 2, 6, 8, 1]
1555353:[9, 0, 3, 3, 3, 7, 1, 4, 8, 1]
1557593:[0, 5, 9, 3, 0, 6, 5, 2, 0, 4]
1559784:[3, 9, 3, 8, 9, 6, 9, 2, 1, 8]
156335:[3, 9, 5, 0, 4, 4, 4, 4, 7, 5]
1563458:[1, 4, 6, 4, 9, 1, 1, 1, 2, 2]
1574055:[5, 2, 7, 2, 8, 4, 0, 1, 4, 8]
1575786:[9, 7, 6, 1, 0, 0, 9, 8, 8, 0]
157686:[1, 9, 8, 2, 8, 4, 6, 2, 9, 0]
1578739:[9, 8, 8, 6, 6, 0, 7, 3, 5, 1]
1581196:[6, 8, 0, 8, 3, 4, 6, 4, 5, 0]
1581534:[4, 8, 6, 2, 4, 2, 6, 6, 5, 7]
1583285:[8, 7, 1, 5, 6, 5, 5, 4, 3, 8]
1583739:[4, 4, 6, 9, 1, 9, 1, 9, 1, 6]
1586325:[5, 3, 8, 2, 8, 2, 7, 1, 7, 5]
1586335:[6, 1, 1, 2, 7, 1, 1, 8, 1, 2]
1590244:[5, 4, 1, 6, 8, 0, 3, 1, 9, 4]
1591648:[2, 5, 1, 7, 3, 5, 6, 8, 8, 7]
1594201:[7, 2, 5, 4, 1, 2, 5, 1, 2, 0]
1594205:[8, 5, 1, 4, 8, 3, 2, 8, 7, 1]
1595506:[6, 7, 7, 5, 2, 9, 3, 4, 3, 4]
1597119:[9, 5, 0, 0, 3, 4, 5, 6, 4, 2]
1598442:[4, 7, 4, 3, 1, 7, 3, 6, 1, 5]
1598843:[9, 5, 0, 5, 1, 2, 4, 1, 7, 4]
160014:[9, 6, 8, 6, 5, 7, 5, 7, 0, 0]
1600703:[4, 9, 0, 0, 5, 5, 9, 3, 9, 3]
1603578:[5, 4, 5, 1, 1, 0, 1, 7, 4, 7]
1604287:[6, 8, 4, 9, 5, 0, 8, 6, 3, 9]
1604876:[9, 6, 2, 9, 5, 5, 8, 1, 1, 4]
1606492:[4, 6, 8, 8, 3, 2, 9, 2, 4, 4]
1607179:[9, 0, 9, 9, 3, 0, 6, 6, 2, 1]
1609576:[9, 8, 9, 6, 0, 2, 9, 5, 1, 0]
1614711:[2, 7, 4, 8, 3, 8, 9, 5, 0, 5]
1616254:[6, 3, 2, 2, 5, 2, 6, 2, 1, 2]
1616968:[2, 6, 8, 1, 0, 0, 0, 6, 4, 0]
1617053:[7, 9, 2, 8, 3, 6, 4, 3, 4, 5]
1617442:[9, 9, 5, 9, 2, 1, 5, 5, 7, 5]
1617956:[7, 2, 1, 7, 9, 7, 3, 6, 5, 3]
1621457:[7, 8, 0, 3, 4, 2, 6, 7, 2, 5]
1622398:[2, 4, 8, 6, 1, 1, 1, 6, 2, 9]
1622993:[8, 4, 5, 9, 9, 0, 5, 4, 2, 0]
1623619:[4, 3, 6, 4, 5, 9, 5, 8, 6, 2]
1626330:[4, 4, 4, 1, 5, 6, 0, 8, 1, 0]
1628407:[2, 4, 7, 9, 9, 8, 4, 9, 7, 6]
1630161:[9, 1, 5, 9, 8, 7, 6, 9, 1, 8]
1632043:[6, 5, 2, 4, 1, 6, 0, 5, 1, 0]
1633077:[3, 2, 4, 5, 9, 2, 3, 3, 6, 9]
1635793:[1, 0, 6, 8, 1, 4, 8, 9, 5, 6]
1636162:[3, 6, 8, 4, 6, 5, 1, 8, 6, 5]
1637144:[0, 3, 3, 7, 0, 0, 8, 0, 2, 8]
1638635:[7, 7, 8, 0, 2, 1, 2, 2, 9, 9]
1639098:[4, 6, 1, 7, 5, 1, 3, 6, 2, 8]
1639159:[2, 7, 9, 1, 1, 7, 2, 2, 8, 6]
1640045:[0, 0, 2, 4, 0, 0, 8, 3, 6, 2]
1641701:[8, 7, 5, 5, 4, 9, 3, 5, 9, 7]
1642216:[6, 4, 4, 7, 3, 9, 7, 2, 9, 2]
1642643:[5, 7, 6, 4, 5, 5, 8, 0, 6, 4]
1642763:[3, 1, 8, 9, 8, 7, 1, 1, 1, 9]
1646295:[5, 4, 8, 7, 9, 1, 4, 4, 3, 7]
1646339:[8, 8, 0, 4, 1, 4, 7, 4, 6, 9]
1648275:[6, 9, 0, 2, 5, 9, 7, 2, 4, 4]
1649914:[0, 5, 1, 5, 4, 1, 1, 5, 5, 2]
1652079:[7, 0, 4, 6, 2, 9, 7, 9, 0, 0]
1652362:[8, 7, 1, 9, 4, 0, 6, 1, 4, 5]
1656168:[7, 6, 3, 8, 1, 7, 0, 6, 0, 9]
1656185:[5, 1, 3, 1, 4, 1, 5, 7, 8, 7]
1656786:[9, 7, 3, 1, 7, 6, 3, 3, 2, 6]
1659997:[7, 2, 6, 2, 0, 2, 4, 3, 1, 1]
1661280:[1, 5, 3, 7, 0, 0, 2, 8, 3, 0]
1662946:[4, 0, 6, 2, 5, 1, 7, 0, 1, 7]
1663714:[4, 6, 2, 6, 7, 6, 8, 6, 3, 3]
1664808:[7, 4, 9, 6, 4, 3, 8, 8, 0, 9]
1667943:[1, 9, 7, 8, 7, 3, 1, 4, 1, 2]
1669453:[6, 0, 1, 0, 9, 3, 4, 8, 4, 3]
1669896:[0, 7, 7, 1, 6, 5, 2, 3, 5, 3]
1669963:[1, 1, 8, 4, 2, 8, 3, 0, 9, 5]
1670527:[0, 2, 9, 5, 6, 0, 6, 4, 3, 1]
1676338:[5, 5, 8, 6, 1, 4, 6, 7, 7, 9]
1677690:[9, 4, 6, 5, 8, 4, 3, 9, 1, 4]
1678698:[6, 8, 1, 5, 6, 4, 0, 8, 0, 5]
1683546:[3, 7, 9, 5, 3, 4, 6, 4, 8, 5]
16853:[6, 6, 9, 9, 4, 6, 2, 4, 5, 4]
1685649:[3, 7, 7, 9, 8, 1, 2, 8, 4, 8]
1688796:[0, 6, 2, 1, 6, 9, 7, 2, 2, 9]
1690339:[3, 4, 6, 2, 2, 3, 4, 4, 2, 0]
1691027:[2, 5, 9, 2, 1, 5, 3, 4, 6, 3]
1693323:[4, 6, 0, 9, 9, 2, 9, 2, 2, 1]
1694824:[1, 6, 7, 1, 4, 2, 5, 4, 6, 1]
169787:[9, 6, 7, 4, 0, 4, 9, 8, 3, 3]
1699466:[7, 1, 9, 2, 2, 6, 3, 8, 3, 0]
1702709:[5, 7, 4, 3, 2, 0, 6, 8, 6, 2]
1704621:[9, 0, 8, 4, 2, 1, 6, 8, 4, 0]
1705562:[7, 2, 6, 5, 6, 0, 8, 6, 1, 1]
1706345:[3, 7, 9, 0, 9, 0, 6, 1, 0, 9]
1707201:[9, 2, 5, 1, 6, 5, 2, 5, 5, 4]
1708272:[1, 9, 9, 6, 3, 8, 4, 0, 3, 7]
1709036:[8, 4, 9, 2, 4, 4, 3, 8, 2, 3]
171297:[6, 6, 9, 4, 0, 1, 0, 0, 7, 9]
1714014:[5, 8, 4, 9, 1, 4, 3, 8, 0, 5]
1714993:[3, 3, 5, 0, 6, 9, 5, 6, 0, 1]
171580:[4, 3, 7, 1, 8, 4, 4, 3, 7, 8]
171628:[6, 9, 0, 1, 9, 1, 8, 5, 0, 0]
1720471:[5, 4, 4, 4, 8, 0, 9, 8, 4, 6]
1720755:[0, 9, 1, 3, 3, 5, 2, 6, 1, 6]
1722483:[3, 1, 4, 6, 9, 9, 0, 8, 8, 4]
1724086:[5, 3, 2, 9, 8, 8, 4, 0, 4, 1]
1724135:[1, 5, 2, 4, 5, 0, 9, 5, 8, 7]
1726021:[0, 7, 5, 0, 8, 9, 4, 5, 6, 6]
1726923:[0, 0, 6, 5, 8, 7, 3, 4, 7, 8]
172719:[8, 1, 1, 9, 7, 3, 0, 0, 7, 3]
1732883:[8, 1, 9, 1, 9, 6, 7, 3, 2, 6]
1734579:[7, 2, 0, 7, 8, 4, 5, 9, 4, 3]
1736266:[3, 4, 2, 3, 8, 3, 5, 4, 4, 8]
1736666:[1, 1, 6, 5, 6, 2, 1, 4, 1, 4]
1737065:[8, 6, 6, 6, 7, 1, 4, 1, 3, 9]
1739652:[5, 2, 6, 2, 6, 6, 3, 6, 0, 9]
1740645:[9, 7, 4, 5, 1, 5, 8, 9, 3, 9]
1744171:[1, 7, 1, 3, 1, 8, 1, 8, 5, 4]
1745542:[6, 0, 3, 3, 8, 2, 4, 0, 1, 3]
1746435:[7, 3, 4, 6, 5, 1, 1, 4, 0, 4]
174688:[1, 5, 6, 7, 2, 3, 5, 9, 5, 7]
1751456:[7, 0, 3, 8, 6, 8, 6, 7, 5, 2]
1756712:[5, 1, 3, 6, 6, 7, 2, 2, 1, 5]
1756973:[9, 2, 5, 5, 5, 1, 2, 5, 9, 7]
1758738:[4, 5, 4, 6, 6, 2, 8, 8, 5, 9]
175924:[7, 3, 3, 5, 2, 5, 0, 8, 9, 2]
1761128:[7, 2, 2, 0, 5, 3, 0, 0, 2, 8]
1761510:[8, 3, 0, 6, 7, 7, 1, 6, 2, 5]
1765996:[6, 2, 4, 8, 3, 0, 9, 8, 0, 8]
1766672:[0, 5, 5, 5, 0, 4, 3, 3, 1, 6]
1768704:[5, 4, 7, 8, 0, 4, 8, 0, 0, 1]
1768986:[2, 9, 5, 1, 8, 4, 6, 0, 5, 5]
1771412:[3, 6, 9, 2, 9, 9, 4, 2, 5, 9]
1773107:[3, 1, 4, 6, 8, 9, 7, 9, 8, 1]
1774498:[0, 7, 2, 4, 5, 4, 3, 8, 4, 2]
1774655:[8, 8, 5, 0, 4, 2, 8, 9, 1, 1]
1778992:[7, 2, 6, 6, 6, 7, 4, 9, 4, 6]
1780305:[7, 2, 3, 1, 1, 7, 2, 8, 0, 7]
1783978:[8, 5, 2, 5, 6, 6, 6, 8, 5, 4]
1785266:[5, 0, 1, 9, 3, 0, 2, 8, 4, 6]
1785357:[2, 4, 5, 1, 9, 6, 4, 9, 4, 3]
1786355:[3, 4, 8, 4, 5, 1, 1, 7, 9, 6]
1787741:[4, 9, 9, 5, 5, 7, 2, 7, 8, 4]
1788514:[4, 8, 9, 3, 7, 2, 9, 4, 7, 6]
1788858:[7, 8, 8, 8, 6, 0, 7, 1, 0, 9]
1789360:[0, 0, 6, 5, 5, 0, 8, 0, 7, 7]
1790951:[3, 5, 6, 8, 3, 5, 5, 9, 0, 4]
1791078:[3, 0, 9, 6, 6, 9, 8, 0, 8, 1]
1792115:[6, 0, 7, 3, 1, 4, 4, 1, 0, 5]
1793180:[8, 0, 8, 8, 8, 0, 0, 1, 0, 9]
1793336:[6, 1, 4, 0, 2, 1, 9, 4, 1, 0]
1794257:[4, 7, 6, 8, 2, 1, 2, 2, 3, 4]
1794647:[0, 3, 6, 6, 8, 1, 6, 1, 9, 3]
1796248:[2, 6, 0, 8, 3, 1, 4, 1, 0, 9]
1796476:[9, 8, 6, 9, 9, 2, 3, 8, 6, 3]
1796676:[0, 8, 0, 1, 6, 7, 6, 7, 3, 0]
179727:[0, 3, 8, 6, 3, 4, 7, 0, 9, 6]
1801674:[3, 4, 1, 2, 1, 1, 1, 6, 7, 5]
1801681:[1, 5, 4, 4, 1, 1, 3, 8, 4, 1]
1803376:[7, 2, 0, 6, 0, 9, 6, 0, 0, 3]
1804684:[3, 9, 1, 2, 9, 1, 5, 4, 7, 0]
1806226:[6, 6, 5, 0, 7, 9, 6, 4, 0, 4]
1808764:[8, 0, 8, 8, 6, 1, 1, 9, 0, 7]
1809243:[8, 1, 5, 8, 4, 0, 1, 4, 2, 6]
1809554:[6, 4, 0, 6, 1, 9, 0, 9, 6, 5]
1828110:[0, 1, 9, 4, 6, 1, 7, 1, 7, 8]
182821:[1, 9, 5, 3, 2, 4, 7, 7, 9, 0]
1830558:[7, 2, 3, 9, 4, 2, 2, 3, 5, 3]
1833146:[6, 2, 1, 7, 2, 7, 6, 1, 1, 2]
183759:[7, 5, 2, 3, 7, 8, 6, 0, 1, 0]
1837850:[2, 2, 8, 0, 0, 3, 8, 6, 3, 7]
1839894:[3, 5, 5, 4, 0, 4, 1, 8, 3, 1]
1840983:[8, 8, 5, 5, 6, 4, 1, 6, 6, 9]
1841641:[0, 4, 4, 5, 1, 2, 5, 5, 5, 2]
1841851:[7, 2, 1, 9, 4, 0, 6, 1, 8, 8]
1843165:[9, 8, 7, 7, 6, 4, 7, 5, 2, 0]
1843550:[0, 5, 8, 6, 8, 4, 1, 9, 8, 8]
1843851:[7, 8, 4, 8, 5, 0, 2, 2, 6, 9]
1844230:[6, 1, 1, 8, 1, 3, 8, 2, 5, 9]
1845139:[5, 8, 5, 6, 5, 5, 2, 2, 1, 9]
1846350:[6, 9, 9, 2, 3, 2, 7, 0, 5, 0]
1846443:[3, 7, 7, 5, 6, 8, 7, 5, 7, 7]
1848665:[2, 7, 1, 3, 7, 3, 2, 8, 9, 5]
185025:[3, 6, 9, 5, 0, 4, 2, 0, 6, 9]
1850711:[8, 8, 9, 0, 3, 0, 7, 1, 4, 2]
1850798:[5, 1, 7, 5, 6, 0, 7, 7, 7, 3]
1854287:[5, 3, 2, 5, 5, 1, 9, 9, 2, 7]
1854508:[9, 4, 2, 8, 1, 1, 1, 1, 2, 3]
1857493:[4, 9, 5, 2, 2, 9, 4, 7, 3, 4]
1857606:[2, 5, 4, 2, 8, 5, 6, 7, 9, 5]
18578:[5, 5, 9, 6, 3, 5, 2, 0, 4, 9]
1859802:[3, 0, 2, 1, 4, 8, 8, 8, 7, 2]
1860908:[9, 4, 3, 5, 4, 9, 7, 8, 6, 6]
1861703:[3, 2, 8, 6, 9, 4, 3, 4, 0, 4]
1863395:[4, 3, 7, 8, 2, 1, 4, 2, 8, 8]
1863844:[6, 1, 9, 9, 7, 0, 1, 6, 5, 6]
1864157:[8, 8, 6, 2, 1, 1, 1, 6, 2, 6]
1865024:[1, 8, 0, 9, 0, 2, 0, 7, 2, 7]
1866654:[1, 3, 6, 2, 7, 3, 9, 9, 8, 0]
18674:[9, 1, 6, 7, 6, 7, 6, 0, 3, 7]
1869730:[5, 6, 4, 7, 0, 7, 4, 5, 0, 5]
1870562:[0, 4, 5, 7, 9, 4, 3, 9, 3, 9]
187262:[9, 4, 4, 9, 7, 4, 1, 9, 0, 7]
1876846:[3, 6, 8, 6, 3, 4, 5, 7, 0, 8]
1879401:[5, 1, 1, 8, 4, 6, 0, 0, 7, 1]
188017:[5, 6, 2, 3, 1, 8, 4, 3, 2, 2]
1884718:[4, 4, 4, 6, 9, 1, 9, 5, 0, 0]
1885997:[6, 6, 0, 4, 0, 7, 8, 0, 8, 7]
1887022:[0, 5, 2, 8, 7, 8, 4, 4, 6, 4]
1887671:[8, 8, 5, 9, 3, 2, 3, 0, 2, 4]
1889737:[5, 4, 5, 7, 5, 4, 6, 5, 0, 2]
1892398:[2, 8, 5, 2, 6, 0, 3, 4, 7, 4]
1892611:[1, 3, 7, 9, 6, 1, 1, 0, 2, 4]
1895516:[8, 7, 7, 2, 4, 1, 0, 4, 5, 8]
189662:[5, 6, 6, 3, 6, 2, 3, 1, 8, 1]
1896962:[3, 0, 3, 9, 6, 7, 5, 0, 4, 4]
1897922:[9, 3, 5, 7, 7, 9, 9, 7, 8, 4]
1901123:[2, 7, 2, 5, 0, 9, 9, 6, 4, 3]
1901831:[2, 8, 5, 0, 9, 7, 6, 4, 5, 2]
1904108:[4, 8, 6, 5, 6, 9, 4, 3, 2, 5]
1906797:[6, 0, 7, 9, 6, 4, 9, 6, 1, 1]
1907876:[6, 3, 2, 3, 8, 9, 6, 9, 1, 3]
1909651:[0, 0, 1, 1, 8, 3, 3, 9, 3, 2]
1910852:[1, 7, 2, 3, 7, 4, 1, 3, 6, 1]
1911862:[1, 6, 0, 0, 2, 3, 3, 2, 3, 7]
1916965:[9, 8, 6, 0, 8, 7, 8, 7, 0, 1]
1917300:[5, 8, 0, 3, 5, 2, 3, 0, 8, 0]
1917321:[3, 7, 1, 0, 8, 3, 2, 3, 6, 1]
1919339:[0, 1, 7, 5, 2, 1, 6, 8, 7, 9]
1921429:[6, 3, 8, 8, 1, 7, 9, 9, 6, 3]
1924177:[0, 5, 9, 7, 9, 1, 1, 4, 2, 9]
1925604:[6, 6, 3, 3, 4, 2, 9, 5, 0, 3]
1926636:[2, 5, 0, 6, 2, 9, 1, 4, 1, 7]
1927106:[7, 0, 4, 2, 5, 1, 2, 2, 1, 3]
1927925:[4, 9, 2, 2, 1, 8, 9, 7, 0, 8]
1928283:[3, 1, 7, 6, 8, 7, 6, 1, 8, 9]
1930850:[9, 9, 2, 9, 8, 1, 6, 1, 1, 5]
19319:[1, 9, 5, 0, 8, 0, 3, 4, 3, 3]
1932614:[2, 8, 0, 0, 1, 1, 6, 8, 9, 4]
1933546:[0, 0, 2, 0, 5, 0, 0, 5, 4, 9]
1938525:[8, 9, 7, 6, 3, 1, 8, 8, 0, 5]
19400:[1, 1, 0, 8, 9, 3, 1, 9, 4, 5]
1944323:[1, 8, 5, 5, 8, 0, 6, 4, 0, 2]
1945130:[8, 1, 4, 5, 5, 0, 5, 9, 9, 5]
1945495:[6, 8, 8, 6, 3, 6, 4, 2, 0, 0]
1945515:[4, 6, 3, 2, 6, 7, 4, 2, 0, 5]
1945906:[7, 0, 8, 8, 0, 6, 0, 8, 9, 4]
1946768:[9, 5, 9, 3, 8, 4, 2, 0, 6, 4]
194834:[1, 7, 5, 8, 7, 6, 7, 4, 7, 1]
1948483:[1, 8, 4, 0, 9, 1, 9, 6, 3, 1]
1948958:[1, 3, 3, 4, 2, 0, 9, 0, 0, 1]
1949906:[1, 6, 8, 0, 6, 1, 1, 8, 8, 1]
1951145:[1, 5, 8, 2, 4, 4, 5, 8, 8, 4]
1956943:[9, 8, 3, 3, 5, 7, 7, 1, 0, 4]
1959834:[6, 5, 5, 4, 6, 2, 2, 2, 2, 1]
1959842:[7, 1, 6, 0, 2, 7, 8, 8, 4, 3]
1963796:[9, 7, 9, 7, 8, 1, 1, 7, 0, 8]
1964678:[1, 2, 9, 0, 0, 9, 8, 3, 8, 7]
1967680:[6, 2, 8, 8, 9, 0, 2, 4, 2, 7]
197107:[4, 8, 1, 9, 7, 3, 6, 6, 5, 1]
1973620:[8, 1, 4, 3, 3, 9, 7, 6, 9, 7]
1973758:[6, 7, 2, 8, 5, 0, 1, 9, 4, 8]
197397:[7, 9, 9, 4, 2, 7, 8, 9, 2, 6]
197596:[3, 7, 5, 0, 7, 3, 0, 2, 4, 4]
1978243:[5, 3, 0, 2, 9, 2, 6, 6, 8, 5]
1980814:[6, 3, 8, 4, 1, 6, 6, 4, 1, 9]
1981014:[2, 2, 1, 1, 4, 1, 0, 5, 2, 2]
1981189:[4, 0, 5, 9, 7, 4, 5, 4, 2, 0]
1983962:[3, 0, 7, 2, 6, 4, 7, 3, 3, 3]
1987243:[8, 8, 3, 9, 6, 0, 5, 5, 6, 9]
199029:[2, 6, 5, 9, 0, 1, 4, 9, 8, 2]
1990904:[0, 4, 3, 4, 9, 9, 6, 3, 1, 9]
1992415:[7, 8, 0, 0, 3, 3, 9, 2, 0, 5]
1992723:[2, 8, 0, 9, 4, 5, 4, 6, 7, 9]
1995186:[4, 8, 2, 8, 4, 6, 3, 4, 0, 1]
1997517:[0, 2, 9, 6, 8, 3, 8, 3, 4, 8]
1997707:[5, 6, 5, 1, 6, 5, 6, 5, 2, 2]
1998529:[1, 4, 0, 8, 5, 9, 4, 1, 6, 1]
1998986:[6, 7, 6, 1, 6, 4, 2, 5, 3, 3]
2000233:[3, 8, 8, 3, 9, 6, 6, 2, 8, 5]
2000924:[3, 4, 6, 0, 9, 3, 0, 1, 2, 6]
2002961:[9, 8, 0, 9, 2, 9, 4, 2, 8, 2]
2004028:[9, 5, 3, 9, 6, 2, 1, 5, 2, 3]
2004748:[6, 4, 7, 9, 9, 4, 4, 6, 2, 6]
2005631:[8, 9, 1, 5, 1, 6, 9, 3, 3, 5]
2008773:[3, 8, 6, 0, 2, 8, 1, 2, 2, 2]
200884:[8, 2, 4, 7, 2, 7, 3, 5, 8, 3]
2009950:[7, 5, 9, 4, 3, 4, 8, 8, 0, 9]
2012884:[1, 8, 0, 2, 1, 1, 5, 8, 7, 3]
2013467:[2, 1, 1, 9, 9, 5, 5, 9, 1, 1]
2015137:[8, 4, 4, 2, 7, 1, 1, 5, 7, 8]
2017940:[2, 8, 7, 3, 4, 7, 4, 3, 3, 6]
2019868:[1, 1, 6, 6, 2, 3, 1, 6, 8, 8]
2021734:[1, 3, 0, 5, 2, 0, 7, 3, 7, 7]
2022472:[1, 9, 9, 6, 1, 0, 6, 1, 3, 7]
202256:[9, 5, 0, 5, 3, 9, 1, 5, 3, 3]
202299:[2, 0, 2, 3, 9, 8, 8, 0, 7, 6]
2024262:[6, 8, 0, 3, 6, 3, 0, 4, 4, 7]
2024786:[2, 9, 0, 8, 2, 3, 8, 9, 8, 4]
2025285:[3, 8, 2, 9, 7, 9, 1, 8, 3, 6]
2030319:[0, 7, 7, 8, 5, 5, 6, 5, 1, 8]
203146:[6, 0, 7, 8, 4, 4, 1, 4, 6, 0]
203347:[9, 3, 3, 7, 6, 9, 9, 1, 7, 6]
2033894:[4, 6, 0, 2, 4, 6, 9, 5, 5, 4]
2034802:[4, 8, 2, 2, 6, 1, 7, 7, 3, 5]
203801:[0, 6, 2, 8, 2, 1, 1, 8, 2, 0]
2041762:[4, 5, 8, 0, 7, 8, 4, 6, 5, 3]
2041779:[2, 1, 9, 9, 5, 2, 4, 9, 5, 9]
2042930:[9, 5, 0, 1, 3, 0, 2, 8, 7, 0]
2043137:[7, 4, 1, 6, 1, 1, 3, 7, 0, 3]
2043965:[8, 4, 5, 9, 1, 0, 3, 7, 9, 8]
2044971:[9, 3, 7, 7, 4, 0, 5, 5, 9, 1]
2045164:[0, 7, 9, 0, 9, 5, 1, 0, 2, 3]
2049135:[4, 9, 0, 2, 4, 1, 8, 1, 6, 0]
2051662:[0, 2, 9, 7, 4, 9, 4, 2, 6, 1]
2052528:[9, 8, 1, 5, 9, 0, 8, 8, 1, 3]
2055837:[6, 8, 2, 8, 7, 2, 8, 6, 1, 2]
2056388:[5, 7, 1, 0, 1, 4, 1, 5, 3, 6]
2057344:[8, 1, 7, 9, 9, 1, 7, 1, 6, 8]
2058069:[5, 4, 3, 5, 4, 7, 6, 5, 2, 5]
2058540:[1, 5, 6, 0, 6, 2, 0, 8, 3, 3]
2058896:[9, 4, 6, 1, 7, 6, 4, 6, 9, 3]
2059766:[9, 2, 7, 2, 2, 3, 6, 2, 9, 3]
2065984:[6, 6, 6, 1, 9, 1, 1, 2, 0, 6]
2069254:[0, 0, 2, 0, 4, 3, 3, 2, 0, 4]
207266:[1, 4, 0, 3, 8, 6, 8, 6, 2, 5]
2072716:[0, 3, 7, 8, 5, 2, 5, 2, 6, 1]
207277:[4, 8, 7, 6, 2, 9, 0, 8, 3, 5]
2073849:[6, 8, 8, 7, 2, 9, 8, 7, 7, 0]
2075024:[7, 9, 6, 9, 6, 6, 4, 0, 3, 5]
2075992:[2, 5, 7, 9, 7, 1, 8, 2, 2, 7]
207701:[6, 9, 9, 5, 4, 3, 6, 3, 1, 4]
2077354:[3, 2, 6, 7, 4, 4, 2, 6, 1, 6]
2078150:[3, 5, 0, 2, 8, 5, 5, 2, 2, 9]
2083806:[6, 0, 1, 3, 1, 8, 4, 7, 1, 0]
208502:[8, 5, 4, 2, 2, 9, 0, 1, 3, 6]
2088073:[3, 7, 4, 4, 6, 9, 7, 6, 1, 3]
2089322:[2, 9, 3, 8, 0, 5, 3, 6, 7, 9]
2089416:[3, 0, 7, 2, 8, 4, 2, 6, 5, 7]
2089713:[0, 9, 6, 0, 6, 0, 0, 0, 4, 7]
2090863:[5, 2, 3, 7, 5, 0, 8, 8, 3, 0]
2095007:[6, 0, 9, 8, 2, 0, 3, 4, 6, 5]
2095107:[0, 0, 2, 3, 1, 5, 2, 7, 3, 1]
2096211:[6, 5, 2, 3, 3, 4, 3, 8, 0, 5]
2096289:[2, 7, 2, 7, 0, 3, 6, 4, 2, 3]
2097197:[7, 5, 0, 0, 9, 7, 8, 4, 1, 2]
2097232:[9, 0, 6, 2, 8, 1, 8, 0, 9, 9]
2099244:[9, 7, 3, 5, 1, 1, 9, 2, 0, 7]
2103747:[5, 6, 4, 2, 8, 1, 9, 8, 0, 3]
2104506:[6, 6, 0, 0, 4, 1, 1, 9, 5, 1]
2104787:[7, 6, 6, 9, 1, 2, 3, 7, 7, 2]
2105013:[7, 0, 3, 2, 3, 1, 8, 2, 6, 1]
2108897:[2, 7, 1, 2, 2, 7, 4, 3, 1, 1]
2113085:[7, 9, 1, 0, 1, 0, 1, 5, 1, 0]
21142:[5, 6, 3, 8, 5, 0, 5, 5, 1, 9]
2115836:[3, 3, 4, 8, 6, 8, 8, 8, 6, 6]
211696:[9, 0, 0, 5, 5, 3, 1, 0, 0, 1]
2119941:[6, 8, 4, 5, 7, 7, 3, 9, 6, 1]
2122440:[7, 9, 1, 8, 1, 1, 4, 9, 3, 1]
212283:[3, 6, 5, 1, 0, 7, 3, 4, 9, 1]
2123906:[7, 5, 6, 5, 0, 9, 3, 6, 6, 5]
2125646:[7, 4, 3, 1, 0, 0, 1, 6, 2, 1]
2127857:[2, 6, 0, 5, 2, 9, 6, 4, 2, 3]
2132655:[0, 3, 7, 5, 3, 9, 9, 6, 3, 4]
2135188:[2, 8, 7, 9, 7, 4, 5, 0, 7, 6]
2135215:[5, 0, 9, 4, 2, 7, 8, 8, 8, 5]
213632:[6, 4, 8, 6, 4, 2, 7, 1, 9, 3]
2137216:[7, 5, 0, 4, 4, 6, 4, 6, 2, 0]
2139002:[3, 2, 6, 8, 4, 7, 2, 9, 2, 1]
2139759:[9, 5, 2, 3, 8, 8, 2, 8, 4, 9]
2140001:[9, 5, 7, 8, 7, 9, 0, 7, 5, 8]
2140447:[1, 0, 2, 5, 7, 7, 4, 4, 3, 3]
2141625:[6, 4, 0, 3, 2, 7, 2, 8, 1, 4]
2144307:[0, 8, 8, 0, 5, 5, 7, 8, 4, 6]
2145635:[0, 9, 3, 0, 7, 6, 2, 4, 4, 3]
2147880:[4, 1, 3, 7, 9, 7, 1, 8, 7, 6]
2149093:[1, 1, 5, 1, 7, 8, 4, 5, 9, 9]
2150245:[0, 0, 2, 9, 8, 1, 3, 9, 0, 5]
215260:[1, 8, 2, 2, 2, 5, 4, 7, 1, 7]
2153740:[5, 7, 7, 6, 5, 0, 2, 2, 4, 8]
215430:[2, 4, 4, 3, 7, 4, 8, 8, 0, 0]
2156419:[5, 4, 1, 3, 5, 5, 1, 9, 2, 2]
215739:[4, 1, 1, 7, 0, 9, 4, 0, 9, 9]
2157668:[2, 8, 6, 8, 8, 5, 5, 7, 0, 2]
2158027:[0, 5, 0, 2, 0, 5, 0, 5, 5, 5]
215858:[4, 8, 6, 0, 9, 9, 9, 4, 8, 5]
215868:[7, 3, 5, 6, 3, 2, 9, 5, 8, 2]
2158909:[6, 4, 0, 1, 2, 7, 7, 6, 0, 6]
2160897:[3, 9, 5, 6, 1, 0, 7, 3, 0, 2]
2161729:[2, 6, 8, 2, 4, 6, 8, 8, 0, 1]
2161769:[8, 7, 2, 8, 1, 7, 2, 3, 0, 1]
2162824:[0, 2, 8, 9, 8, 9, 9, 2, 3, 4]
2166376:[5, 4, 9, 3, 8, 8, 5, 4, 0, 6]
2169190:[1, 7, 7, 0, 2, 6, 5, 0, 4, 4]
2171836:[1, 3, 3, 4, 3, 8, 6, 7, 3, 1]
2175470:[5, 2, 1, 6, 7, 2, 1, 1, 2, 7]
2176588:[3, 1, 6, 6, 4, 0, 9, 1, 0, 8]
2178001:[3, 8, 1, 2, 3, 5, 4, 6, 8, 8]
2178276:[1, 6, 1, 5, 8, 2, 8, 6, 4, 0]
2180785:[1, 3, 9, 2, 8, 9, 1, 0, 2, 8]
2188594:[3, 9, 7, 6, 3, 9, 5, 2, 9, 7]
2192764:[7, 5, 1, 0, 6, 7, 1, 5, 6, 7]
2194429:[8, 0, 8, 4, 9, 1, 2, 9, 9, 4]
2195457:[1, 8, 1, 3, 4, 7, 9, 0, 2, 7]
2196471:[0, 5, 6, 7, 8, 8, 7, 3, 0, 2]
2196905:[1, 5, 5, 3, 1, 2, 9, 7, 1, 5]
2197514:[6, 0, 1, 6, 3, 2, 0, 2, 5, 1]
2197654:[6, 6, 4, 3, 5, 6, 2, 3, 5, 6]
2200066:[4, 3, 3, 7, 2, 7, 6, 4, 2, 9]
220384:[0, 2, 0, 0, 1, 3, 9, 3, 2, 8]
2206050:[3, 7, 9, 2, 9, 7, 4, 6, 0, 4]
2206140:[7, 8, 3, 5, 4, 0, 5, 3, 9, 8]
2208025:[5, 2, 7, 3, 2, 7, 7, 5, 6, 1]
2211657:[9, 1, 9, 0, 7, 7, 6, 2, 7, 5]
2218967:[1, 3, 7, 9, 4, 3, 8, 3, 7, 3]
2219019:[8, 6, 2, 0, 2, 8, 0, 8, 7, 4]
2220103:[2, 2, 2, 7, 8, 9, 2, 3, 9, 6]
2230112:[8, 7, 8, 0, 0, 7, 1, 4, 3, 1]
223093:[3, 6, 3, 0, 6, 0, 3, 7, 2, 7]
2230961:[5, 8, 7, 8, 9, 9, 8, 4, 9, 6]
223145:[7, 5, 9, 1, 4, 1, 1, 8, 9, 3]
2231935:[2, 7, 1, 2, 1, 0, 7, 6, 0, 0]
2235693:[5, 3, 6, 8, 7, 8, 5, 5, 6, 1]
22364:[9, 4, 0, 6, 9, 6, 3, 5, 1, 5]
224173:[9, 4, 5, 8, 3, 4, 1, 3, 8, 5]
2242017:[2, 5, 5, 6, 1, 1, 5, 7, 5, 8]
2242034:[2, 7, 6, 4, 2, 7, 7, 2, 2, 6]
2242376:[2, 8, 5, 3, 6, 9, 6, 0, 0, 8]
224432:[3, 9, 7, 1, 4, 4, 1, 6, 7, 4]
2245218:[0, 1, 4, 3, 2, 2, 3, 2, 5, 4]
2245544:[9, 8, 8, 9, 6, 1, 6, 1, 0, 1]
224755:[4, 8, 0, 4, 4, 3, 9, 3, 4, 7]
2248144:[0, 6, 9, 9, 5, 8, 9, 1, 5, 0]
2251255:[1, 4, 8, 4, 8, 9, 4, 2, 4, 5]
2252496:[5, 2, 3, 1, 8, 6, 3, 4, 5, 0]
2254702:[5, 8, 4, 3, 4, 2, 4, 0, 2, 1]
2257051:[1, 2, 0, 7, 2, 6, 8, 2, 5, 8]
2259343:[7, 3, 9, 1, 5, 3, 5, 1, 0, 4]
2261894:[1, 8, 8, 4, 8, 1, 3, 2, 5, 9]
2262259:[3, 1, 4, 8, 1, 3, 5, 9, 8, 3]
226634:[5, 3, 7, 5, 9, 6, 1, 0, 3, 4]
2271714:[8, 1, 2, 6, 7, 5, 7, 7, 2, 2]
2275580:[6, 9, 2, 1, 2, 5, 6, 1, 6, 2]
2277963:[1, 3, 0, 2, 0, 1, 4, 2, 8, 3]
2283280:[1, 0, 0, 9, 6, 8, 1, 4, 4, 5]
2284530:[5, 4, 2, 3, 6, 4, 9, 3, 3, 9]
2285961:[7, 8, 4, 9, 6, 5, 0, 5, 8, 1]
2287075:[4, 8, 2, 8, 9, 6, 0, 0, 0, 7]
2287517:[3, 2, 1, 1, 5, 3, 8, 7, 2, 0]
2288395:[1, 4, 4, 9, 6, 2, 1, 0, 9, 4]
2292064:[2, 5, 4, 0, 4, 8, 5, 2, 4, 2]
2293111:[5, 7, 6, 4, 4, 2, 4, 5, 5, 4]
2295591:[1, 0, 3, 2, 6, 1, 4, 1, 4, 5]
2303713:[5, 7, 7, 6, 1, 2, 0, 1, 3, 6]
2307104:[4, 5, 5, 9, 6, 5, 7, 2, 3, 4]
2308964:[0, 5, 1, 8, 6, 4, 8, 3, 0, 5]
2309289:[0, 0, 8, 5, 4, 9, 9, 7, 8, 9]
2311864:[7, 1, 7, 8, 3, 5, 3, 2, 9, 8]
2311936:[7, 4, 8, 8, 9, 3, 6, 9, 2, 8]
2313006:[9, 4, 0, 1, 5, 4, 1, 0, 9, 2]
2313686:[5, 4, 9, 1, 2, 1, 2, 1, 1, 7]
2316044:[8, 8, 9, 6, 7, 9, 0, 5, 8, 2]
2316081:[2, 0, 8, 0, 5, 8, 0, 4, 1, 9]
2316758:[2, 3, 0, 9, 8, 2, 6, 8, 5, 9]
2319672:[6, 7, 2, 1, 5, 6, 1, 5, 9, 0]
2321569:[5, 4, 2, 3, 7, 1, 2, 6, 2, 0]
2322505:[4, 9, 5, 5, 2, 4, 4, 5, 0, 7]
232337:[4, 6, 4, 5, 6, 1, 5, 9, 7, 2]
2324479:[2, 6, 7, 5, 4, 1, 0, 3, 3, 7]
232453:[9, 2, 7, 2, 7, 0, 7, 1, 1, 8]
2325157:[0, 3, 9, 3, 5, 8, 1, 1, 5, 6]
2327487:[0, 4, 5, 8, 3, 4, 3, 1, 1, 0]
2327869:[6, 7, 9, 0, 2, 3, 4, 7, 5, 4]
2328591:[0, 9, 9, 7, 3, 9, 8, 9, 6, 8]
2328881:[7, 5, 3, 5, 3, 4, 1, 0, 7, 0]
2331248:[0, 7, 9, 6, 5, 1, 1, 5, 8, 5]
2331530:[7, 7, 9, 2, 6, 1, 8, 7, 1, 3]
2331934:[2, 3, 2, 5, 5, 3, 8, 7, 2, 8]
2334952:[1, 4, 9, 0, 0, 5, 2, 6, 6, 7]
2335587:[1, 1, 8, 2, 2, 4, 5, 5, 1, 4]
2338730:[8, 3, 1, 2, 8, 5, 9, 0, 7, 8]
2341415:[9, 2, 5, 9, 3, 6, 8, 3, 6, 9]
2341510:[2, 4, 7, 3, 3, 5, 5, 9, 6, 9]
2343300:[4, 4, 3, 5, 4, 7, 3, 8, 3, 7]
2343681:[2, 4, 8, 2, 0, 0, 3, 0, 6, 4]
2346244:[2, 9, 0, 7, 3, 2, 5, 8, 7, 7]
234761:[9, 0, 9, 8, 5, 9, 7, 9, 0, 1]
2350124:[6, 3, 0, 7, 0, 0, 0, 0, 8, 8]
2351857:[1, 4, 0, 9, 9, 8, 0, 4, 4, 2]
2355052:[4, 1, 0, 8, 5, 0, 9, 0, 3, 5]
2355089:[2, 5, 6, 4, 2, 0, 4, 4, 9, 9]
2356349:[0, 2, 2, 3, 3, 2, 4, 8, 5, 0]
2357072:[2, 9, 2, 5, 8, 4, 8, 8, 8, 2]
2360964:[5, 1, 8, 3, 4, 8, 6, 3, 3, 6]
2361809:[7, 6, 5, 6, 7, 0, 4, 5, 2, 0]
2362688:[7, 2, 0, 0, 2, 4, 0, 2, 5, 0]
2364424:[1, 4, 0, 4, 5, 6, 9, 1, 7, 2]
2366375:[1, 3, 8, 7, 5, 0, 4, 8, 5, 3]
2366760:[9, 3, 0, 7, 9, 2, 7, 4, 8, 6]
2368436:[5, 2, 7, 6, 7, 1, 7, 4, 2, 4]
2368831:[9, 6, 6, 8, 4, 0, 1, 6, 3, 0]
2368837:[4, 8, 9, 1, 9, 3, 0, 9, 3, 1]
2368893:[5, 4, 2, 6, 8, 9, 2, 5, 4, 7]
2373355:[1, 8, 0, 9, 0, 1, 6, 6, 1, 5]
2376433:[1, 8, 2, 8, 7, 2, 7, 3, 1, 4]
2377865:[7, 0, 1, 4, 3, 6, 5, 5, 8, 3]
2378088:[0, 7, 4, 6, 5, 3, 6, 8, 2, 9]
2382293:[4, 8, 5, 5, 0, 0, 0, 6, 8, 3]
2382409:[9, 8, 7, 5, 5, 4, 8, 5, 2, 8]
2384377:[8, 8, 1, 3, 7, 6, 0, 3, 2, 2]
2386849:[3, 8, 9, 7, 0, 0, 0, 0, 8, 8]
2392212:[2, 1, 4, 6, 8, 4, 8, 1, 5, 6]
239270:[3, 8, 2, 1, 2, 9, 4, 6, 2, 4]
239410:[0, 2, 7, 9, 0, 4, 3, 1, 4, 5]
2394573:[0, 2, 3, 7, 8, 7, 4, 4, 5, 3]
2395059:[3, 9, 0, 3, 3, 3, 7, 9, 3, 0]
2395142:[7, 3, 5, 2, 3, 2, 2, 2, 7, 1]
239530:[4, 8, 8, 9, 7, 8, 8, 3, 5, 1]
239721:[8, 0, 3, 4, 6, 6, 5, 8, 7, 3]
2398062:[6, 1, 1, 2, 5, 6, 0, 0, 0, 2]
2399259:[3, 4, 5, 3, 9, 3, 5, 4, 2, 0]
2399852:[2, 0, 6, 3, 3, 5, 9, 3, 5, 1]
2404221:[7, 5, 8, 4, 1, 8, 1, 1, 5, 7]
2407634:[9, 7, 9, 0, 3, 7, 7, 8, 0, 2]
2409010:[7, 8, 4, 6, 7, 5, 9, 2, 0, 4]
2410423:[4, 6, 6, 9, 4, 0, 5, 6, 9, 6]
2410701:[5, 5, 5, 7, 0, 5, 7, 2, 3, 2]
2412007:[6, 2, 3, 7, 5, 2, 1, 6, 7, 4]
2412697:[3, 5, 2, 6, 3, 1, 8, 7, 4, 7]
2414385:[6, 4, 5, 4, 2, 6, 5, 7, 9, 6]
2416530:[0, 3, 3, 7, 1, 5, 1, 7, 1, 0]
2417673:[2, 2, 4, 9, 1, 6, 0, 1, 8, 3]
2419197:[6, 9, 8, 3, 0, 6, 2, 9, 0, 6]
2420301:[8, 9, 9, 2, 9, 2, 3, 4, 9, 0]
24208:[6, 1, 2, 6, 3, 0, 8, 8, 2, 8]
2421646:[5, 9, 8, 1, 6, 3, 7, 3, 1, 2]
242298:[2, 9, 1, 3, 1, 7, 9, 8, 3, 8]
2425034:[4, 3, 7, 7, 8, 6, 5, 3, 1, 2]
2425521:[4, 4, 4, 5, 5, 4, 8, 4, 5, 9]
2425810:[0, 4, 8, 3, 3, 1, 0, 1, 3, 5]
2425920:[6, 6, 4, 9, 7, 8, 2, 4, 6, 4]
2426455:[1, 9, 1, 3, 7, 9, 2, 0, 0, 2]
242706:[9, 8, 8, 5, 9, 6, 5, 9, 4, 1]
2428322:[1, 3, 6, 0, 3, 8, 6, 4, 0, 9]
2428455:[1, 5, 7, 2, 2, 6, 8, 1, 1, 0]
2430937:[8, 3, 0, 6, 7, 7, 1, 6, 2, 5]
2440867:[5, 5, 6, 4, 5, 7, 8, 0, 0, 7]
2443361:[8, 6, 1, 5, 9, 5, 9, 2, 3, 5]
2448830:[9, 6, 5, 4, 5, 9, 5, 2, 2, 6]
2448876:[3, 0, 0, 3, 4, 2, 3, 3, 2, 8]
2449926:[8, 5, 1, 5, 1, 5, 2, 0, 9, 5]
2452119:[7, 2, 8, 6, 5, 0, 1, 9, 0, 9]
2452830:[4, 9, 9, 7, 7, 3, 2, 4, 4, 3]
2454509:[6, 6, 6, 9, 3, 1, 9, 1, 3, 5]
2454860:[8, 1, 5, 2, 3, 9, 3, 3, 2, 5]
2457003:[3, 2, 8, 9, 8, 8, 7, 3, 0, 1]
2457972:[6, 6, 0, 6, 2, 6, 9, 8, 7, 5]
2458207:[8, 2, 6, 3, 4, 7, 1, 8, 1, 0]
2459542:[9, 2, 4, 8, 1, 3, 9, 2, 4, 7]
2459755:[6, 6, 5, 5, 8, 6, 7, 3, 4, 7]
246156:[2, 6, 0, 4, 4, 7, 3, 5, 8, 9]
2463873:[7, 3, 6, 6, 1, 6, 0, 0, 9, 4]
2464335:[3, 0, 0, 4, 1, 0, 3, 9, 3, 7]
2466891:[4, 3, 8, 5, 4, 0, 8, 8, 2, 4]
2469079:[3, 1, 1, 2, 9, 7, 7, 9, 6, 3]
2469632:[1, 8, 9, 5, 1, 7, 2, 4, 8, 5]
2470956:[8, 6, 6, 4, 7, 1, 6, 4, 3, 1]
2471546:[3, 5, 4, 0, 3, 9, 6, 2, 7, 4]
2471751:[7, 8, 2, 1, 7, 1, 0, 3, 2, 0]
2474786:[6, 6, 8, 3, 3, 0, 2, 4, 6, 5]
2475644:[2, 8, 7, 6, 4, 1, 1, 9, 2, 9]
2477316:[2, 7, 1, 1, 9, 7, 6, 4, 5, 7]
2477880:[1, 4, 3, 6, 8, 2, 6, 1, 3, 4]
2478531:[4, 2, 9, 4, 2, 3, 4, 2, 3, 3]
2478651:[3, 1, 8, 9, 3, 4, 1, 6, 2, 5]
2480567:[5, 4, 0, 0, 1, 4, 7, 9, 2, 6]
2480954:[1, 5, 0, 2, 2, 7, 4, 7, 8, 8]
2481650:[9, 1, 8, 0, 9, 0, 2, 9, 8, 9]
2484608:[4, 7, 6, 4, 5, 1, 6, 1, 4, 6]
2486476:[0, 9, 0, 3, 1, 2, 7, 2, 2, 6]
2487327:[7, 3, 4, 9, 5, 7, 8, 1, 0, 2]
2487846:[2, 9, 6, 9, 9, 0, 9, 3, 0, 8]
2487877:[4, 1, 8, 5, 1, 2, 3, 0, 5, 8]
2488449:[9, 6, 0, 1, 0, 0, 8, 2, 8, 1]
2492861:[4, 0, 7, 0, 5, 0, 3, 4, 2, 0]
2493347:[3, 0, 8, 9, 9, 1, 4, 3, 1, 4]
2496296:[6, 8, 0, 2, 4, 1, 2, 5, 8, 9]
2496829:[0, 0, 1, 4, 2, 0, 7, 6, 6, 9]
2497736:[1, 9, 8, 7, 0, 9, 2, 5, 8, 1]
2498006:[3, 4, 5, 5, 1, 2, 7, 0, 3, 5]
2498116:[5, 5, 3, 9, 0, 9, 3, 5, 2, 6]
2499441:[0, 2, 8, 5, 2, 3, 3, 6, 3, 4]
2500070:[9, 6, 1, 9, 9, 6, 3, 5, 6, 5]
2500218:[7, 9, 4, 7, 7, 9, 8, 8, 7, 5]
250132:[4, 6, 4, 5, 5, 8, 8, 6, 8, 9]
2504712:[4, 8, 3, 4, 9, 1, 7, 6, 1, 1]
250537:[0, 0, 7, 0, 4, 1, 8, 8, 6, 7]
25073:[8, 7, 3, 4, 1, 2, 5, 1, 6, 5]
250740:[0, 5, 5, 5, 2, 9, 2, 6, 7, 4]
2509399:[8, 3, 5, 9, 9, 2, 7, 1, 2, 5]
2510083:[3, 7, 0, 4, 9, 5, 7, 0, 1, 7]
2511701:[9, 0, 3, 3, 8, 5, 3, 3, 5, 0]
2512731:[2, 6, 4, 0, 2, 8, 8, 6, 2, 3]
2514675:[4, 7, 0, 7, 3, 1, 0, 6, 6, 9]
2515477:[6, 0, 3, 9, 5, 5, 4, 0, 4, 6]
2528029:[0, 8, 1, 0, 8, 7, 3, 1, 1, 1]
2528600:[6, 0, 8, 5, 5, 9, 5, 1, 2, 7]
253013:[0, 1, 1, 7, 1, 1, 2, 6, 7, 9]
2532047:[8, 4, 1, 5, 2, 0, 8, 6, 3, 3]
2532247:[7, 5, 1, 7, 4, 2, 4, 3, 8, 6]
2533072:[5, 7, 7, 5, 3, 0, 7, 2, 0, 6]
2535201:[3, 2, 8, 4, 8, 5, 0, 9, 8, 8]
2535601:[7, 2, 5, 0, 1, 9, 3, 3, 9, 0]
2539710:[1, 2, 8, 0, 2, 8, 7, 7, 4, 9]
2545788:[9, 4, 1, 5, 4, 5, 0, 4, 0, 8]
2546603:[2, 8, 7, 4, 6, 7, 8, 1, 6, 3]
2547330:[9, 8, 5, 9, 2, 2, 1, 8, 8, 1]
2554705:[1, 4, 3, 5, 4, 3, 5, 9, 4, 2]
2554855:[8, 7, 4, 2, 0, 9, 5, 6, 4, 7]
2555885:[3, 3, 4, 3, 0, 3, 4, 7, 4, 6]
255747:[7, 1, 5, 4, 9, 9, 4, 7, 0, 3]
2558413:[5, 7, 3, 4, 0, 9, 9, 3, 6, 4]
2563931:[0, 3, 3, 3, 8, 1, 7, 2, 0, 6]
2565218:[7, 4, 0, 9, 3, 5, 5, 6, 2, 1]
2565755:[1, 9, 0, 3, 5, 7, 1, 3, 9, 0]
2566108:[6, 0, 3, 2, 6, 9, 3, 4, 5, 9]
2566223:[1, 4, 8, 2, 0, 1, 4, 4, 8, 6]
2567792:[6, 0, 1, 0, 9, 3, 4, 8, 4, 3]
2569989:[9, 0, 2, 5, 2, 5, 2, 1, 6, 7]
257262:[6, 2, 8, 2, 2, 4, 6, 9, 7, 9]
2574188:[8, 5, 4, 0, 2, 6, 7, 3, 1, 2]
2576356:[3, 6, 3, 8, 1, 8, 8, 7, 6, 8]
2577606:[8, 7, 8, 6, 6, 7, 6, 1, 4, 5]
2578437:[0, 6, 3, 1, 9, 6, 5, 3, 6, 0]
2578572:[5, 7, 0, 1, 4, 0, 3, 4, 0, 3]
2578901:[8, 4, 1, 5, 9, 0, 8, 2, 4, 3]
2578964:[4, 4, 3, 9, 5, 1, 8, 0, 1, 2]
2579033:[2, 5, 1, 6, 8, 7, 6, 1, 0, 6]
2581294:[4, 9, 9, 2, 3, 0, 0, 0, 8, 5]
2581945:[7, 2, 6, 5, 1, 2, 3, 0, 6, 7]
2581950:[9, 8, 4, 1, 2, 1, 5, 2, 5, 5]
2583077:[3, 4, 1, 6, 3, 8, 4, 1, 6, 8]
2583184:[2, 3, 0, 7, 4, 5, 7, 8, 2, 2]
258920:[5, 4, 0, 3, 1, 4, 8, 8, 7, 1]
2591724:[4, 8, 1, 3, 6, 0, 7, 4, 5, 8]
2592919:[1, 4, 4, 6, 1, 9, 3, 5, 4, 3]
2596248:[6, 7, 6, 8, 1, 2, 5, 6, 9, 3]
2596467:[8, 0, 1, 3, 8, 1, 8, 3, 3, 1]
2596493:[4, 8, 6, 4, 7, 7, 3, 8, 8, 3]
2597293:[9, 8, 0, 2, 7, 8, 8, 3, 2, 2]
2601275:[1, 8, 3, 7, 9, 7, 7, 7, 6, 0]
2601902:[4, 8, 8, 0, 6, 4, 3, 7, 2, 9]
2605447:[7, 4, 3, 2, 1, 1, 2, 2, 3, 4]
2609187:[2, 6, 8, 1, 9, 9, 0, 6, 0, 4]
2613581:[1, 5, 1, 5, 6, 6, 3, 7, 5, 6]
261630:[6, 3, 2, 8, 1, 4, 8, 7, 9, 1]
2617384:[9, 2, 6, 3, 8, 3, 9, 9, 6, 7]
2618646:[8, 3, 3, 4, 2, 6, 6, 7, 5, 6]
2619286:[9, 6, 5, 4, 1, 3, 9, 0, 5, 8]
2620357:[6, 5, 9, 0, 9, 0, 2, 2, 6, 8]
2620663:[5, 8, 7, 6, 3, 7, 7, 3, 2, 4]
2620787:[5, 0, 0, 4, 1, 2, 8, 0, 4, 8]
2623083:[2, 7, 8, 3, 7, 0, 0, 6, 9, 9]
2624702:[8, 5, 8, 5, 9, 5, 9, 3, 5, 0]
2628769:[3, 1, 8, 0, 3, 4, 2, 4, 5, 2]
2630055:[9, 3, 4, 5, 0, 4, 0, 0, 9, 3]
2630666:[8, 6, 7, 0, 0, 7, 4, 0, 5, 0]
2632209:[0, 7, 3, 9, 8, 3, 6, 0, 0, 9]
2633360:[1, 1, 3, 7, 3, 5, 0, 6, 8, 4]
2633981:[2, 7, 7, 4, 2, 9, 5, 8, 4, 1]
2636114:[8, 3, 3, 5, 6, 3, 2, 4, 5, 4]
2637186:[4, 9, 6, 3, 7, 7, 6, 5, 5, 6]
26442:[5, 5, 7, 6, 2, 1, 0, 5, 5, 3]
2655078:[5, 2, 6, 6, 7, 3, 0, 8, 6, 3]
2656556:[9, 7, 3, 6, 8, 0, 7, 4, 4, 4]
2657491:[6, 8, 7, 3, 2, 0, 3, 1, 5, 7]
2661469:[0, 4, 6, 8, 1, 0, 8, 3, 6, 7]
2662709:[1, 8, 5, 4, 4, 1, 9, 6, 8, 4]
2667426:[3, 7, 5, 0, 5, 8, 9, 1, 9, 6]
2670473:[8, 4, 6, 5, 8, 0, 1, 6, 8, 2]
2671981:[8, 4, 8, 0, 0, 7, 9, 9, 8, 4]
2673087:[0, 3, 7, 8, 6, 2, 3, 2, 0, 1]
267345:[0, 8, 8, 8, 4, 6, 8, 0, 5, 4]
2673496:[6, 3, 4, 1, 2, 7, 9, 5, 1, 7]
2676351:[3, 9, 2, 1, 0, 1, 5, 2, 9, 0]
2676523:[8, 0, 0, 1, 3, 6, 7, 4, 8, 2]
2676860:[0, 4, 4, 2, 9, 5, 5, 8, 9, 4]
2677509:[1, 3, 8, 0, 4, 2, 5, 9, 2, 2]
2680425:[3, 6, 0, 0, 1, 4, 1, 0, 9, 0]
2680841:[8, 9, 5, 3, 4, 3, 4, 1, 8, 0]
2680929:[2, 1, 5, 8, 8, 8, 9, 2, 7, 1]
2682066:[7, 4, 1, 7, 0, 5, 2, 5, 7, 0]
2684726:[7, 6, 4, 9, 6, 7, 6, 0, 2, 1]
2686277:[3, 4, 0, 9, 9, 1, 6, 6, 9, 0]
2686596:[1, 8, 8, 9, 0, 4, 0, 8, 5, 3]
2687673:[6, 9, 6, 1, 5, 4, 4, 6, 6, 2]
2688454:[3, 4, 2, 0, 9, 4, 8, 8, 9, 7]
2689890:[7, 5, 0, 5, 3, 1, 8, 8, 1, 7]
2691816:[0, 5, 0, 7, 0, 8, 4, 4, 9, 1]
2694178:[5, 6, 1, 6, 1, 9, 0, 9, 6, 4]
2695285:[6, 8, 2, 8, 8, 8, 1, 9, 4, 6]
2696183:[1, 5, 9, 6, 6, 1, 2, 7, 8, 8]
2699285:[6, 4, 1, 0, 4, 5, 2, 8, 6, 4]
2700580:[7, 8, 7, 5, 9, 5, 8, 1, 2, 5]
2702993:[8, 8, 0, 9, 4, 3, 6, 6, 9, 1]
2704729:[6, 9, 5, 4, 8, 1, 6, 1, 6, 5]
2705771:[5, 8, 1, 4, 8, 9, 9, 2, 8, 9]
2706204:[8, 5, 2, 4, 4, 1, 9, 0, 5, 5]
2706568:[7, 2, 6, 0, 0, 8, 5, 8, 5, 4]
2708764:[4, 5, 4, 5, 1, 4, 5, 6, 5, 8]
2708819:[8, 7, 8, 2, 5, 0, 7, 1, 4, 7]
2710400:[0, 5, 6, 0, 7, 9, 9, 8, 9, 7]
2710913:[4, 8, 7, 0, 8, 9, 8, 7, 8, 2]
271093:[6, 6, 8, 5, 0, 9, 3, 6, 2, 7]
271138:[2, 8, 7, 6, 0, 5, 4, 2, 7, 7]
2711990:[6, 6, 6, 7, 0, 4, 1, 2, 0, 0]
2713757:[1, 9, 7, 6, 3, 6, 5, 6, 5, 1]
2717247:[7, 7, 5, 2, 8, 0, 5, 7, 6, 2]
2717392:[4, 6, 6, 6, 2, 7, 3, 0, 4, 8]
271783:[5, 2, 8, 1, 1, 1, 2, 7, 1, 7]
2724741:[7, 5, 4, 0, 9, 0, 4, 1, 5, 2]
2727036:[6, 7, 8, 5, 5, 7, 7, 1, 8, 3]
2729312:[2, 3, 4, 2, 8, 9, 8, 3, 1, 8]
2729580:[4, 5, 4, 8, 4, 9, 0, 0, 9, 6]
2732048:[6, 6, 6, 3, 4, 8, 5, 0, 3, 2]
2733980:[5, 3, 2, 3, 7, 7, 0, 7, 2, 8]
2737315:[7, 7, 1, 5, 7, 4, 0, 5, 0, 4]
2737871:[9, 9, 0, 8, 6, 2, 1, 5, 5, 3]
273862:[4, 8, 4, 0, 1, 2, 3, 8, 8, 8]
2740172:[6, 5, 2, 6, 0, 1, 8, 3, 3, 6]
2740384:[2, 2, 0, 6, 8, 6, 6, 1, 1, 4]
2742518:[4, 8, 8, 1, 5, 7, 4, 8, 6, 1]
2744016:[8, 3, 1, 1, 6, 6, 0, 4, 4, 9]
2746762:[1, 3, 0, 4, 4, 2, 0, 7, 4, 4]
2749206:[4, 1, 2, 7, 5, 5, 7, 1, 5, 4]
2749413:[6, 3, 3, 8, 1, 2, 6, 4, 6, 6]
2750116:[1, 5, 8, 7, 8, 6, 4, 8, 1, 3]
2752044:[6, 0, 4, 1, 7, 9, 1, 2, 0, 3]
2753702:[7, 0, 0, 3, 0, 6, 1, 3, 0, 4]
275573:[1, 2, 7, 3, 6, 1, 8, 9, 7, 2]
2757022:[7, 7, 9, 9, 8, 1, 1, 7, 3, 8]
2758810:[3, 1, 0, 1, 4, 4, 8, 5, 9, 0]
2761685:[5, 3, 0, 2, 9, 2, 6, 6, 8, 5]
2763296:[6, 2, 5, 0, 3, 4, 5, 5, 5, 9]
2764365:[9, 9, 9, 4, 5, 3, 6, 0, 2, 3]
2765340:[7, 9, 7, 1, 0, 5, 4, 3, 7, 0]
2766834:[8, 4, 5, 1, 5, 5, 0, 6, 5, 1]
2770150:[7, 2, 0, 7, 6, 7, 6, 3, 9, 7]
277490:[1, 0, 0, 0, 6, 8, 1, 1, 4, 5]
2775383:[5, 7, 7, 7, 1, 1, 6, 4, 5, 6]
2777527:[6, 7, 0, 6, 6, 5, 1, 6, 1, 9]
2778765:[3, 8, 2, 5, 9, 8, 8, 6, 1, 4]
2779606:[8, 6, 2, 0, 2, 8, 0, 8, 7, 4]
2784134:[6, 4, 9, 1, 8, 7, 9, 3, 0, 2]
2785717:[5, 5, 1, 5, 1, 7, 6, 8, 6, 6]
2788347:[9, 4, 5, 0, 7, 5, 4, 2, 3, 7]
2788651:[5, 6, 0, 8, 4, 5, 5, 4, 5, 9]
2789083:[2, 8, 9, 3, 7, 1, 5, 5, 9, 3]
2789190:[5, 7, 3, 6, 4, 3, 5, 4, 6, 3]
279037:[8, 7, 4, 4, 1, 9, 5, 8, 0, 8]
2791349:[0, 1, 6, 8, 5, 4, 6, 9, 0, 6]
279323:[3, 4, 6, 7, 9, 9, 2, 8, 2, 8]
2794810:[7, 9, 9, 1, 9, 5, 7, 4, 6, 7]
2796546:[9, 9, 4, 3, 0, 2, 5, 8, 7, 6]
2801606:[4, 7, 8, 5, 8, 0, 3, 6, 2, 8]
2802688:[8, 1, 3, 3, 0, 1, 5, 5, 3, 6]
280345:[2, 7, 9, 8, 1, 8, 5, 5, 4, 8]
2805921:[1, 8, 0, 2, 0, 2, 7, 1, 7, 2]
2808419:[1, 3, 8, 2, 2, 7, 0, 9, 4, 9]
2809451:[7, 7, 1, 4, 8, 0, 0, 8, 4, 8]
2810459:[3, 5, 2, 6, 1, 2, 4, 5, 4, 9]
2814765:[9, 2, 1, 0, 2, 8, 1, 4, 5, 5]
2818510:[9, 7, 4, 9, 4, 7, 3, 1, 4, 4]
28218:[0, 9, 2, 6, 5, 6, 7, 9, 2, 3]
2822749:[0, 5, 5, 2, 9, 2, 1, 7, 4, 3]
282914:[9, 6, 7, 6, 3, 1, 2, 8, 9, 2]
2830806:[0, 9, 0, 3, 8, 9, 5, 1, 7, 9]
2830853:[6, 6, 0, 0, 9, 5, 9, 5, 8, 4]
2833734:[3, 0, 4, 0, 5, 1, 7, 0, 4, 9]
2833981:[6, 0, 4, 9, 2, 9, 0, 3, 5, 9]
2839498:[1, 4, 8, 2, 6, 8, 7, 5, 6, 3]
2841583:[8, 8, 8, 3, 4, 6, 5, 5, 2, 6]
2841977:[4, 5, 8, 5, 1, 4, 8, 5, 9, 3]
2845743:[8, 5, 9, 7, 1, 6, 2, 0, 3, 4]
2847022:[4, 1, 8, 0, 8, 1, 1, 4, 7, 8]
284790:[7, 1, 3, 8, 9, 2, 9, 2, 2, 6]
284899:[2, 7, 6, 0, 4, 9, 1, 0, 4, 7]
2849842:[2, 5, 8, 2, 0, 6, 0, 7, 7, 5]
2855729:[3, 0, 9, 2, 7, 0, 0, 6, 2, 5]
2856831:[5, 3, 0, 5, 7, 1, 1, 3, 0, 9]
2857286:[6, 8, 7, 3, 8, 8, 7, 8, 2, 2]
2857988:[5, 5, 8, 2, 5, 5, 1, 9, 0, 2]
2858179:[0, 4, 5, 5, 2, 0, 8, 5, 8, 5]
2858611:[1, 4, 8, 3, 7, 8, 4, 8, 6, 0]
286242:[8, 3, 7, 3, 8, 8, 0, 8, 1, 6]
2865289:[7, 2, 7, 9, 6, 9, 1, 0, 0, 9]
2865549:[0, 7, 1, 7, 0, 8, 2, 4, 5, 8]
2867803:[9, 8, 3, 0, 7, 5, 9, 9, 0, 3]
2870684:[4, 3, 8, 9, 8, 7, 7, 0, 8, 9]
2871707:[0, 2, 1, 6, 0, 4, 6, 1, 0, 5]
2873708:[0, 6, 9, 0, 0, 0, 7, 0, 2, 8]
2874647:[4, 8, 5, 9, 4, 7, 9, 2, 0, 7]
2875708:[3, 2, 2, 2, 5, 5, 9, 2, 9, 2]
2875867:[3, 0, 2, 2, 0, 3, 6, 6, 2, 8]
2881904:[9, 8, 2, 4, 0, 1, 5, 9, 2, 1]
2887556:[4, 8, 8, 0, 6, 3, 7, 2, 6, 7]
2887730:[9, 9, 3, 0, 2, 6, 9, 5, 7, 6]
288832:[6, 7, 7, 5, 9, 3, 5, 6, 1, 9]
2888488:[5, 8, 0, 3, 4, 5, 8, 9, 8, 7]
2890514:[1, 4, 9, 5, 3, 2, 7, 5, 7, 0]
2890766:[6, 6, 1, 1, 0, 2, 4, 8, 3, 1]
2890887:[3, 5, 4, 4, 1, 3, 1, 6, 8, 9]
2892610:[2, 5, 9, 2, 1, 5, 3, 4, 6, 3]
2895733:[7, 3, 5, 8, 5, 7, 0, 2, 4, 6]
2897611:[9, 1, 4, 4, 0, 3, 4, 6, 5, 8]
2899073:[8, 8, 9, 8, 3, 9, 0, 9, 9, 1]
2900026:[9, 5, 9, 8, 0, 4, 2, 6, 3, 5]
2900986:[5, 4, 3, 2, 6, 1, 5, 9, 4, 6]
2906295:[9, 2, 2, 5, 1, 3, 3, 6, 2, 7]
2906892:[7, 3, 1, 4, 9, 8, 8, 8, 7, 8]
2908293:[5, 1, 2, 0, 1, 9, 5, 9, 8, 6]
2908376:[7, 0, 3, 5, 7, 3, 6, 9, 0, 5]
2908774:[4, 1, 5, 7, 2, 1, 6, 3, 6, 2]
2909212:[4, 4, 3, 8, 0, 0, 8, 1, 3, 2]
2910256:[6, 0, 4, 8, 6, 4, 9, 3, 4, 9]
2911505:[2, 7, 2, 2, 4, 1, 0, 2, 9, 7]
291437:[3, 2, 7, 5, 9, 1, 9, 0, 8, 6]
2917050:[5, 5, 2, 9, 4, 7, 5, 0, 9, 9]
2918089:[6, 3, 0, 9, 6, 2, 4, 7, 1, 7]
292147:[7, 0, 5, 4, 4, 5, 2, 4, 7, 8]
2921698:[1, 4, 8, 5, 9, 0, 5, 8, 8, 0]
2922320:[9, 5, 6, 4, 3, 7, 9, 1, 5, 5]
2923859:[7, 3, 9, 8, 4, 5, 0, 8, 7, 9]
2924954:[0, 6, 9, 9, 5, 8, 9, 1, 5, 0]
2926037:[9, 4, 0, 3, 2, 7, 9, 9, 9, 6]
2926204:[8, 0, 6, 3, 0, 5, 6, 9, 8, 1]
2926546:[1, 3, 2, 8, 6, 7, 9, 4, 1, 5]
2928067:[6, 5, 8, 6, 4, 2, 0, 9, 0, 7]
2929489:[4, 3, 5, 3, 3, 1, 2, 8, 2, 9]
2930123:[5, 9, 5, 7, 6, 6, 1, 7, 2, 2]
2932978:[4, 2, 5, 5, 8, 3, 8, 9, 6, 8]
2933294:[6, 3, 6, 6, 5, 7, 3, 4, 2, 1]
2933914:[5, 2, 1, 7, 9, 0, 4, 8, 0, 6]
2935652:[9, 7, 5, 5, 5, 5, 0, 0, 6, 1]
293591:[6, 1, 1, 1, 0, 9, 7, 7, 9, 4]
2938168:[0, 2, 6, 5, 3, 5, 7, 8, 9, 9]
293949:[6, 0, 7, 5, 9, 4, 1, 1, 1, 6]
2939743:[0, 6, 0, 2, 7, 4, 7, 9, 9, 2]
2940095:[7, 8, 1, 8, 6, 4, 1, 3, 7, 1]
2941849:[4, 1, 1, 5, 4, 7, 3, 0, 1, 7]
2942204:[1, 6, 6, 5, 6, 2, 2, 8, 9, 5]
2947701:[2, 6, 9, 5, 9, 4, 7, 9, 2, 5]
2947791:[4, 0, 3, 4, 1, 8, 0, 2, 6, 4]
2948262:[7, 8, 3, 6, 9, 5, 6, 4, 7, 0]
2948898:[1, 7, 3, 9, 0, 8, 4, 4, 5, 9]
2949644:[7, 7, 1, 0, 3, 7, 0, 4, 0, 1]
2952438:[5, 7, 4, 7, 6, 2, 1, 9, 8, 1]
2953674:[6, 1, 9, 6, 5, 2, 9, 4, 8, 8]
2955063:[3, 8, 8, 7, 5, 1, 0, 6, 1, 3]
2955879:[4, 4, 1, 3, 6, 4, 6, 7, 5, 8]
2957184:[0, 1, 4, 8, 0, 0, 5, 4, 9, 6]
2957417:[0, 1, 8, 3, 3, 8, 9, 2, 4, 1]
2960183:[6, 5, 3, 2, 3, 1, 0, 6, 2, 2]
2962939:[0, 5, 5, 1, 2, 9, 0, 7, 4, 7]
2970116:[4, 8, 5, 4, 7, 1, 0, 6, 2, 8]
2972191:[9, 4, 9, 6, 3, 7, 2, 5, 4, 5]
2972829:[7, 1, 2, 2, 9, 0, 0, 8, 8, 4]
2973177:[0, 2, 8, 9, 7, 2, 7, 9, 3, 4]
2973275:[0, 7, 2, 1, 1, 8, 9, 3, 3, 0]
2977070:[8, 3, 7, 6, 6, 6, 0, 4, 7, 8]
2977193:[6, 7, 2, 4, 7, 0, 1, 9, 2, 1]
2980360:[7, 5, 2, 8, 8, 2, 5, 4, 0, 4]
2980453:[9, 8, 0, 0, 0, 0, 8, 5, 8, 1]
2983540:[1, 4, 0, 1, 1, 7, 7, 9, 4, 5]
2984941:[7, 7, 3, 4, 3, 3, 4, 7, 8, 3]
2988653:[6, 9, 8, 7, 1, 1, 9, 8, 5, 4]
2989436:[1, 1, 0, 4, 1, 7, 8, 5, 3, 4]
2991794:[3, 6, 0, 4, 0, 4, 7, 5, 4, 5]
2993084:[6, 0, 8, 1, 9, 6, 7, 0, 3, 6]
299928:[2, 5, 7, 5, 1, 0, 7, 4, 9, 1]
3001626:[4, 0, 5, 0, 4, 9, 9, 4, 9, 1]
3003349:[8, 1, 4, 5, 4, 4, 3, 2, 5, 4]
3006994:[3, 8, 4, 0, 0, 9, 2, 7, 8, 2]
3007839:[7, 2, 2, 4, 7, 6, 3, 3, 4, 7]
3010046:[2, 8, 0, 9, 2, 7, 2, 3, 4, 6]
3017391:[8, 1, 5, 7, 4, 0, 1, 1, 8, 4]
3017907:[7, 4, 2, 5, 3, 8, 8, 7, 8, 5]
3018948:[1, 0, 6, 1, 1, 0, 1, 1, 7, 0]
3019606:[3, 3, 2, 1, 1, 8, 8, 8, 6, 2]
3019892:[4, 8, 3, 0, 6, 7, 1, 0, 9, 4]
3020002:[9, 3, 0, 7, 3, 6, 1, 4, 0, 3]
302216:[4, 1, 4, 4, 3, 8, 6, 6, 0, 9]
302281:[7, 4, 5, 0, 6, 4, 7, 9, 4, 6]
3022840:[2, 1, 1, 1, 5, 6, 3, 7, 8, 2]
3023999:[5, 5, 0, 5, 0, 5, 2, 8, 9, 2]
3031598:[0, 5, 2, 6, 7, 8, 8, 8, 7, 0]
3031713:[6, 0, 9, 7, 0, 6, 0, 7, 3, 1]
3036291:[6, 6, 2, 6, 3, 9, 4, 1, 2, 4]
3036890:[8, 4, 5, 1, 4, 1, 3, 6, 1, 8]
3040123:[3, 4, 1, 9, 1, 2, 2, 1, 2, 2]
3041004:[6, 7, 6, 3, 8, 1, 7, 9, 5, 2]
304164:[0, 4, 7, 8, 6, 4, 7, 8, 8, 0]
3042338:[2, 2, 7, 6, 9, 8, 9, 9, 0, 2]
304321:[5, 6, 4, 2, 8, 1, 9, 8, 0, 3]
3044471:[4, 3, 1, 7, 9, 8, 6, 5, 2, 9]
3045022:[4, 6, 0, 0, 4, 9, 3, 3, 8, 9]
304770:[6, 6, 5, 7, 4, 0, 5, 7, 2, 1]
3050213:[4, 3, 3, 0, 1, 1, 5, 1, 6, 6]
3050542:[1, 8, 0, 6, 3, 1, 9, 7, 7, 6]
3054440:[6, 5, 8, 7, 0, 0, 5, 8, 7, 7]
3056804:[2, 4, 4, 3, 4, 8, 6, 7, 2, 0]
3057566:[7, 7, 4, 9, 1, 7, 8, 1, 0, 4]
3059978:[3, 8, 0, 3, 6, 4, 7, 8, 5, 6]
3062649:[6, 4, 3, 3, 1, 3, 8, 7, 4, 4]
3063996:[7, 7, 1, 3, 9, 8, 8, 6, 8, 4]
306818:[2, 7, 4, 0, 0, 8, 2, 3, 4, 8]
3069143:[9, 5, 0, 5, 1, 1, 5, 7, 8, 1]
30707:[0, 6, 0, 8, 8, 8, 5, 4, 6, 1]
307414:[1, 8, 4, 3, 4, 5, 4, 2, 9, 8]
3077624:[4, 1, 9, 8, 3, 1, 4, 1, 0, 5]
307789:[2, 1, 4, 0, 1, 2, 2, 4, 0, 0]
3080012:[2, 4, 6, 1, 6, 7, 2, 0, 0, 2]
3080585:[3, 0, 7, 1, 7, 1, 3, 1, 9, 0]
3081922:[3, 9, 7, 8, 1, 2, 4, 5, 4, 0]
3082091:[1, 6, 9, 8, 6, 0, 0, 7, 9, 2]
3084529:[2, 3, 6, 4, 2, 7, 4, 7, 7, 7]
3085784:[9, 9, 6, 9, 0, 8, 7, 3, 3, 3]
3086895:[5, 3, 0, 6, 4, 2, 1, 0, 3, 3]
3088961:[3, 4, 6, 4, 2, 1, 1, 3, 8, 4]
3091479:[7, 2, 0, 0, 2, 9, 7, 9, 1, 7]
3094178:[5, 5, 3, 8, 1, 6, 1, 5, 4, 3]
3096695:[8, 5, 5, 8, 9, 4, 7, 8, 6, 1]
3098715:[9, 3, 9, 7, 3, 4, 9, 0, 3, 7]
3099226:[7, 4, 6, 6, 7, 4, 6, 0, 9, 3]
3100508:[9, 0, 1, 3, 4, 1, 1, 0, 1, 4]
3101743:[9, 2, 0, 6, 1, 1, 4, 5, 0, 0]
3101808:[8, 6, 4, 4, 5, 2, 7, 6, 5, 8]
3107969:[3, 3, 5, 2, 6, 9, 2, 7, 9, 5]
3108386:[9, 8, 6, 1, 8, 0, 2, 0, 0, 4]
3109437:[2, 5, 1, 9, 5, 8, 8, 2, 4, 7]
3112580:[0, 5, 5, 7, 7, 3, 4, 7, 5, 0]
3112872:[1, 3, 7, 4, 4, 8, 0, 6, 9, 1]
3114517:[7, 5, 4, 3, 9, 7, 1, 7, 5, 4]
3114692:[8, 7, 7, 3, 6, 7, 2, 7, 2, 6]
3117498:[4, 3, 6, 8, 8, 2, 3, 4, 5, 7]
3117904:[0, 2, 6, 7, 5, 0, 6, 0, 7, 6]
3120034:[3, 9, 3, 6, 9, 6, 8, 6, 1, 1]
3121930:[1, 0, 8, 3, 8, 6, 7, 9, 1, 9]
3122261:[7, 4, 9, 9, 6, 1, 3, 4, 2, 3]
3123476:[8, 3, 9, 4, 9, 5, 3, 3, 4, 7]
3127056:[3, 2, 6, 7, 1, 9, 4, 3, 5, 0]
3127575:[7, 6, 6, 6, 6, 4, 8, 1, 0, 4]
3127744:[4, 1, 9, 4, 2, 8, 7, 1, 3, 1]
3130358:[4, 3, 7, 4, 9, 9, 5, 8, 0, 1]
3131059:[8, 2, 3, 1, 6, 1, 2, 8, 0, 3]
3131779:[1, 1, 0, 0, 5, 0, 8, 4, 2, 4]
3135612:[5, 7, 0, 6, 3, 7, 3, 1, 8, 2]
3138083:[8, 9, 0, 4, 3, 6, 8, 2, 3, 0]
313952:[0, 3, 8, 7, 4, 9, 3, 4, 0, 8]
3139835:[3, 3, 4, 6, 8, 7, 5, 2, 0, 2]
3141196:[9, 2, 0, 0, 8, 9, 4, 0, 8, 6]
3142293:[2, 1, 2, 4, 4, 2, 9, 1, 0, 1]
3144562:[3, 4, 7, 0, 8, 6, 5, 5, 1, 7]
314507:[2, 2, 5, 0, 1, 5, 7, 1, 1, 0]
3150569:[5, 7, 1, 7, 5, 4, 1, 7, 9, 0]
3152063:[1, 4, 7, 2, 9, 0, 5, 3, 9, 8]
3154763:[2, 5, 9, 2, 1, 5, 3, 4, 6, 3]
3155627:[7, 5, 5, 0, 1, 8, 3, 7, 8, 3]
3155984:[7, 8, 7, 1, 0, 9, 0, 5, 8, 8]
315904:[4, 4, 3, 5, 4, 7, 8, 4, 4, 7]
3159600:[4, 4, 3, 2, 0, 3, 1, 2, 5, 1]
3159860:[3, 8, 6, 8, 3, 0, 4, 3, 3, 0]
316017:[4, 8, 0, 3, 4, 4, 4, 0, 4, 2]
3161359:[4, 4, 6, 7, 4, 1, 3, 7, 2, 3]
3163818:[8, 1, 0, 6, 6, 0, 8, 1, 8, 5]
3171115:[1, 5, 6, 4, 7, 6, 6, 3, 7, 9]
3177923:[1, 5, 7, 3, 7, 7, 0, 1, 8, 1]
3180604:[0, 2, 3, 7, 7, 1, 5, 1, 0, 6]
3182898:[3, 3, 2, 1, 1, 8, 8, 8, 6, 2]
3186242:[5, 2, 9, 5, 5, 5, 2, 8, 9, 1]
3188268:[9, 4, 6, 3, 8, 7, 4, 5, 6, 7]
3188892:[0, 8, 8, 8, 0, 8, 2, 5, 2, 2]
3189665:[0, 4, 9, 3, 6, 2, 6, 0, 6, 0]
3190575:[9, 6, 8, 0, 2, 1, 3, 1, 8, 9]
3191965:[5, 5, 4, 4, 4, 7, 3, 1, 2, 5]
3193358:[8, 6, 8, 5, 1, 1, 2, 0, 2, 0]
3194859:[3, 8, 3, 1, 9, 8, 4, 8, 1, 2]
3195776:[2, 2, 6, 9, 5, 8, 2, 7, 1, 8]
3199177:[6, 7, 4, 8, 4, 0, 3, 0, 7, 7]
3199809:[2, 5, 8, 1, 4, 3, 3, 1, 3, 2]
3201430:[5, 4, 7, 5, 1, 1, 5, 0, 9, 5]
320210:[1, 8, 3, 0, 2, 2, 4, 8, 8, 6]
3202390:[0, 8, 9, 5, 2, 5, 5, 9, 9, 4]
3205130:[5, 3, 1, 1, 4, 6, 5, 5, 8, 3]
3211594:[1, 1, 9, 7, 6, 0, 3, 6, 3, 6]
3212048:[4, 2, 2, 3, 9, 8, 4, 3, 2, 0]
3213048:[4, 2, 8, 1, 9, 7, 2, 8, 7, 6]
3214893:[3, 1, 0, 6, 4, 1, 3, 4, 8, 7]
3216804:[9, 0, 0, 9, 5, 9, 4, 5, 4, 9]
3224446:[5, 8, 2, 7, 0, 6, 1, 9, 3, 4]
3225959:[6, 0, 1, 9, 2, 0, 9, 2, 0, 8]
3226915:[6, 0, 1, 5, 9, 7, 4, 1, 6, 8]
322716:[3, 7, 4, 5, 2, 1, 8, 0, 0, 1]
3227402:[9, 6, 5, 6, 1, 1, 7, 2, 4, 1]
3230826:[4, 5, 0, 7, 7, 8, 2, 5, 2, 7]
3235166:[6, 6, 4, 3, 4, 7, 6, 1, 6, 9]
3235283:[6, 5, 9, 7, 0, 9, 0, 2, 3, 4]
3238206:[8, 2, 9, 9, 0, 4, 2, 1, 0, 2]
3242485:[5, 9, 2, 7, 4, 7, 7, 2, 2, 9]
3244996:[9, 4, 3, 6, 8, 8, 0, 6, 2, 0]
3246313:[2, 3, 7, 5, 3, 3, 8, 6, 8, 4]
3252586:[7, 4, 8, 8, 6, 4, 7, 3, 4, 6]
3254955:[1, 8, 9, 0, 8, 9, 8, 8, 4, 9]
3256542:[5, 7, 2, 7, 6, 0, 9, 6, 3, 6]
3261242:[9, 5, 0, 6, 7, 9, 0, 8, 4, 2]
3265308:[0, 7, 1, 8, 9, 3, 0, 7, 5, 7]
3266482:[3, 2, 0, 6, 2, 8, 4, 9, 4, 3]
326662:[6, 8, 7, 4, 0, 3, 8, 4, 1, 7]
3266694:[4, 3, 9, 3, 1, 0, 1, 0, 3, 1]
3269500:[5, 8, 0, 2, 2, 8, 8, 3, 8, 1]
3269922:[2, 4, 1, 8, 3, 8, 3, 0, 0, 2]
3269977:[4, 3, 0, 8, 2, 8, 8, 6, 3, 5]
328018:[0, 4, 9, 2, 6, 2, 3, 3, 4, 0]
329811:[1, 5, 2, 7, 2, 8, 4, 7, 1, 8]
329827:[4, 8, 8, 5, 6, 4, 9, 4, 2, 0]
340023:[5, 0, 9, 3, 3, 5, 4, 7, 9, 5]
340801:[0, 6, 4, 3, 5, 8, 0, 9, 2, 5]
345352:[9, 9, 2, 1, 7, 6, 0, 4, 5, 7]
347486:[5, 1, 5, 6, 0, 9, 0, 9, 2, 2]
347809:[6, 4, 7, 4, 0, 9, 7, 1, 6, 0]
348967:[3, 3, 5, 1, 4, 3, 4, 1, 3, 4]
353820:[5, 3, 5, 0, 7, 3, 7, 6, 2, 8]
355661:[8, 7, 0, 8, 3, 7, 2, 5, 1, 1]
3565:[4, 1, 6, 3, 0, 4, 7, 6, 4, 4]
360799:[5, 0, 4, 3, 7, 2, 2, 5, 2, 4]
361411:[0, 2, 7, 8, 4, 8, 7, 7, 5, 4]
362337:[0, 3, 5, 4, 1, 9, 8, 3, 0, 5]
362668:[0, 2, 9, 3, 7, 2, 2, 4, 7, 9]
363189:[4, 5, 2, 7, 3, 6, 6, 9, 9, 6]
365027:[6, 3, 1, 1, 3, 1, 2, 7, 4, 6]
365482:[3, 2, 7, 5, 6, 1, 2, 9, 2, 1]
366661:[3, 0, 1, 6, 5, 8, 4, 1, 5, 3]
367316:[1, 1, 0, 1, 2, 3, 7, 3, 8, 6]
368463:[7, 3, 2, 7, 0, 7, 2, 3, 3, 7]
373626:[8, 9, 7, 2, 7, 1, 9, 2, 8, 5]
374081:[8, 7, 1, 0, 3, 1, 1, 7, 8, 4]
374286:[9, 8, 6, 2, 8, 7, 2, 4, 8, 7]
375409:[3, 9, 8, 7, 2, 6, 1, 1, 4, 4]
377122:[5, 1, 6, 7, 2, 6, 8, 3, 4, 4]
37860:[9, 9, 5, 5, 4, 1, 7, 3, 8, 5]
381555:[1, 0, 2, 2, 1, 1, 8, 8, 6, 3]
383959:[9, 5, 3, 5, 9, 3, 2, 5, 5, 5]
386139:[0, 3, 5, 5, 5, 0, 2, 4, 7, 7]
386324:[7, 5, 3, 5, 1, 5, 5, 1, 4, 4]
387118:[3, 9, 7, 8, 5, 7, 4, 6, 2, 6]
389181:[9, 9, 3, 2, 0, 7, 6, 4, 8, 8]
389578:[5, 4, 3, 4, 0, 9, 8, 1, 5, 9]
39017:[1, 9, 0, 6, 3, 8, 1, 8, 1, 7]
391328:[5, 3, 7, 3, 1, 1, 2, 7, 9, 9]
392395:[2, 8, 5, 0, 9, 7, 6, 4, 0, 2]
394726:[3, 0, 1, 2, 9, 8, 4, 6, 4, 2]
397244:[1, 9, 8, 8, 0, 9, 9, 8, 8, 9]
3978:[1, 7, 7, 5, 0, 5, 7, 6, 6, 8]
398469:[0, 1, 1, 7, 0, 1, 7, 8, 8, 5]
400746:[3, 3, 8, 8, 5, 7, 6, 8, 1, 2]
40372:[8, 8, 0, 3, 5, 3, 5, 9, 7, 1]
408905:[8, 3, 3, 9, 3, 6, 9, 2, 7, 1]
41203:[7, 2, 9, 3, 7, 3, 2, 9, 8, 2]
415262:[8, 3, 5, 0, 2, 2, 5, 8, 9, 1]
415609:[0, 5, 1, 1, 4, 1, 2, 7, 3, 3]
417340:[1, 7, 3, 8, 0, 7, 8, 3, 0, 1]
41904:[3, 5, 6, 0, 7, 9, 9, 6, 4, 5]
42258:[0, 3, 5, 6, 8, 6, 2, 6, 6, 6]
425431:[7, 1, 0, 5, 7, 3, 6, 4, 5, 7]
426166:[9, 0, 5, 8, 7, 0, 4, 9, 6, 4]
427572:[0, 2, 0, 0, 2, 7, 7, 1, 1, 7]
429176:[5, 0, 7, 5, 7, 9, 4, 9, 1, 2]
430466:[6, 9, 8, 7, 9, 8, 4, 4, 5, 7]
43201:[8, 1, 4, 3, 3, 5, 4, 4, 9, 4]
435031:[0, 2, 8, 5, 3, 5, 7, 3, 3, 4]
435133:[8, 8, 1, 0, 4, 6, 2, 2, 2, 2]
437344:[4, 2, 7, 6, 5, 0, 2, 1, 6, 5]
440037:[4, 7, 6, 0, 4, 1, 4, 0, 0, 0]
440741:[1, 3, 1, 5, 3, 9, 5, 7, 2, 0]
440890:[8, 9, 0, 7, 6, 7, 6, 2, 5, 9]
441510:[7, 5, 8, 5, 8, 4, 4, 6, 0, 3]
444464:[4, 8, 8, 2, 6, 3, 0, 9, 3, 0]
447616:[2, 9, 4, 1, 9, 7, 2, 5, 3, 7]
447821:[0, 1, 8, 7, 2, 9, 3, 0, 0, 8]
449885:[4, 6, 0, 2, 4, 7, 8, 9, 5, 9]
451798:[9, 5, 1, 0, 8, 8, 4, 8, 2, 3]
452378:[5, 7, 4, 1, 8, 5, 5, 5, 7, 8]
452652:[6, 6, 0, 2, 6, 3, 1, 6, 5, 4]
45342:[8, 6, 9, 0, 7, 9, 6, 8, 9, 8]
453938:[9, 0, 3, 4, 8, 8, 7, 5, 7, 0]
457127:[4, 8, 4, 2, 8, 6, 1, 8, 3, 5]
459144:[7, 7, 1, 8, 3, 6, 3, 8, 1, 1]
459936:[3, 3, 1, 8, 7, 1, 9, 8, 1, 2]
460435:[5, 2, 1, 9, 0, 1, 5, 8, 9, 7]
462101:[8, 7, 0, 2, 1, 1, 5, 9, 1, 5]
463621:[0, 4, 5, 5, 2, 4, 9, 8, 0, 2]
464222:[7, 2, 2, 2, 2, 1, 9, 0, 2, 3]
469048:[5, 1, 9, 8, 4, 3, 1, 6, 3, 7]
469258:[0, 4, 9, 0, 1, 1, 0, 1, 9, 3]
472531:[5, 3, 5, 4, 8, 7, 1, 2, 9, 7]
47305:[1, 6, 4, 6, 7, 1, 2, 1, 5, 6]
475523:[8, 7, 8, 8, 6, 7, 3, 6, 1, 8]
477666:[5, 0, 0, 0, 4, 6, 0, 0, 1, 2]
479586:[6, 7, 6, 3, 8, 1, 7, 9, 5, 2]
480193:[1, 1, 8, 4, 7, 5, 0, 2, 0, 1]
481469:[4, 4, 8, 0, 3, 9, 3, 5, 2, 6]
482189:[6, 5, 1, 3, 3, 4, 6, 7, 5, 9]
48464:[6, 6, 4, 1, 4, 5, 2, 8, 8, 3]
48468:[4, 2, 8, 4, 6, 0, 1, 1, 5, 1]
485842:[5, 8, 3, 3, 1, 0, 0, 1, 0, 2]
48708:[4, 3, 7, 9, 0, 2, 5, 6, 2, 2]
490242:[3, 1, 5, 8, 5, 3, 5, 3, 0, 9]
490251:[3, 1, 0, 2, 0, 1, 4, 4, 0, 9]
491269:[9, 8, 4, 7, 8, 7, 5, 7, 8, 6]
491659:[9, 2, 4, 2, 0, 1, 0, 4, 3, 5]
492089:[1, 3, 6, 8, 9, 1, 3, 9, 0, 8]
494731:[5, 7, 2, 7, 8, 9, 0, 0, 9, 8]
495400:[8, 3, 5, 3, 6, 4, 0, 4, 0, 7]
496796:[5, 2, 6, 5, 7, 2, 7, 8, 2, 6]
49812:[2, 3, 6, 1, 1, 0, 0, 5, 4, 2]
498271:[7, 3, 9, 9, 6, 4, 1, 5, 0, 8]
498833:[1, 4, 6, 9, 9, 9, 1, 9, 1, 6]
500341:[1, 6, 2, 8, 8, 7, 1, 8, 9, 5]
501709:[0, 5, 4, 8, 1, 5, 1, 1, 6, 7]
503279:[3, 5, 2, 7, 7, 7, 6, 6, 7, 9]
503815:[4, 1, 7, 7, 5, 5, 3, 3, 0, 3]
504537:[0, 0, 8, 5, 4, 9, 9, 7, 8, 9]
507462:[6, 7, 3, 4, 0, 1, 3, 3, 4, 7]
511306:[7, 0, 9, 0, 6, 0, 9, 1, 8, 3]
520214:[0, 7, 7, 9, 0, 4, 1, 3, 0, 1]
520913:[1, 6, 7, 1, 7, 6, 2, 8, 9, 4]
521912:[5, 3, 5, 6, 1, 2, 0, 8, 2, 8]
522748:[5, 8, 3, 9, 1, 5, 0, 1, 1, 7]
525154:[9, 1, 2, 5, 7, 9, 4, 0, 5, 3]
526720:[8, 2, 7, 6, 9, 2, 7, 5, 9, 0]
526952:[4, 4, 7, 6, 1, 8, 4, 2, 3, 5]
52731:[3, 3, 3, 4, 9, 6, 2, 9, 9, 7]
528682:[6, 8, 3, 3, 1, 1, 3, 1, 1, 0]
531736:[0, 9, 4, 8, 8, 3, 8, 1, 1, 9]
533981:[2, 9, 5, 6, 7, 5, 6, 4, 1, 5]
537289:[5, 5, 6, 6, 9, 3, 3, 3, 4, 1]
54151:[9, 0, 9, 4, 1, 8, 9, 5, 9, 0]
543398:[2, 9, 6, 8, 6, 7, 0, 6, 4, 8]
543464:[4, 2, 0, 2, 5, 4, 7, 3, 1, 0]
547083:[1, 5, 1, 1, 7, 3, 1, 7, 4, 0]
547125:[1, 8, 0, 6, 6, 3, 2, 9, 8, 5]
547304:[1, 7, 9, 6, 1, 4, 1, 6, 1, 0]
547323:[0, 7, 3, 6, 4, 2, 4, 0, 8, 9]
553474:[0, 9, 6, 0, 2, 8, 2, 3, 2, 2]
553723:[9, 2, 2, 5, 2, 9, 5, 1, 4, 7]
557903:[6, 3, 8, 3, 6, 4, 5, 8, 7, 5]
559397:[4, 9, 3, 4, 4, 1, 5, 6, 9, 8]
559579:[7, 4, 6, 0, 2, 7, 9, 0, 6, 2]
561037:[5, 0, 8, 4, 9, 5, 1, 6, 3, 8]
561130:[3, 0, 0, 3, 6, 0, 1, 8, 2, 3]
561533:[6, 7, 5, 6, 9, 1, 1, 9, 2, 1]
562821:[1, 0, 0, 7, 9, 3, 6, 4, 4, 8]
563202:[8, 0, 1, 0, 1, 7, 3, 1, 9, 7]
563525:[0, 8, 9, 6, 9, 2, 3, 7, 2, 4]
563784:[4, 3, 6, 3, 9, 9, 5, 8, 6, 0]
565222:[6, 1, 9, 5, 5, 5, 2, 7, 4, 8]
566537:[4, 7, 7, 0, 9, 1, 6, 0, 0, 5]
567412:[2, 7, 3, 0, 4, 3, 0, 8, 1, 8]
567518:[5, 8, 9, 8, 3, 7, 0, 0, 3, 8]
567885:[1, 8, 8, 7, 6, 7, 9, 2, 8, 3]
568871:[7, 0, 2, 9, 9, 0, 7, 1, 9, 5]
569730:[6, 9, 6, 6, 7, 4, 0, 4, 4, 2]
570789:[9, 1, 2, 9, 8, 2, 7, 1, 4, 3]
571034:[0, 3, 2, 8, 6, 3, 5, 9, 1, 1]
571397:[3, 4, 9, 4, 9, 1, 4, 6, 9, 9]
573787:[4, 1, 8, 6, 7, 3, 5, 3, 5, 7]
574689:[1, 1, 7, 3, 3, 4, 3, 7, 3, 8]
574895:[8, 6, 9, 6, 0, 0, 9, 5, 8, 0]
575643:[9, 4, 3, 8, 0, 3, 5, 9, 3, 1]
575948:[8, 0, 6, 9, 7, 1, 8, 8, 8, 1]
576822:[6, 4, 4, 1, 6, 4, 7, 5, 4, 3]
57818:[7, 8, 9, 2, 9, 6, 7, 7, 9, 0]
578613:[6, 7, 6, 5, 8, 0, 2, 5, 4, 6]
580040:[7, 0, 8, 3, 4, 1, 2, 4, 7, 8]
581791:[5, 6, 1, 7, 2, 7, 9, 4, 2, 2]
582300:[5, 4, 4, 4, 6, 0, 5, 5, 0, 1]
582673:[7, 7, 2, 8, 9, 9, 7, 3, 1, 9]
583475:[4, 9, 3, 5, 9, 3, 9, 9, 5, 5]
584729:[7, 0, 2, 4, 2, 4, 8, 7, 0, 6]
586370:[1, 8, 8, 0, 8, 9, 6, 5, 3, 2]
587946:[7, 9, 3, 2, 8, 5, 8, 5, 9, 0]
588341:[9, 2, 4, 2, 6, 8, 8, 9, 2, 0]
588491:[8, 6, 4, 3, 3, 4, 2, 6, 7, 0]
588537:[8, 4, 0, 6, 7, 9, 4, 1, 9, 6]
589379:[1, 0, 8, 5, 7, 4, 2, 2, 4, 5]
589430:[2, 7, 6, 0, 4, 2, 6, 6, 0, 5]
58958:[1, 5, 2, 2, 2, 1, 5, 5, 5, 1]
591002:[1, 0, 9, 3, 6, 5, 0, 8, 6, 2]
59317:[5, 2, 1, 1, 6, 1, 3, 8, 0, 3]
595683:[7, 9, 0, 1, 0, 9, 0, 9, 2, 3]
59583:[6, 2, 4, 5, 0, 4, 3, 9, 3, 1]
597328:[1, 1, 7, 6, 0, 9, 7, 2, 4, 9]
597569:[9, 7, 3, 0, 2, 4, 0, 9, 2, 5]
597880:[9, 4, 6, 5, 2, 5, 7, 1, 8, 4]
599607:[2, 4, 0, 2, 6, 2, 5, 6, 6, 3]
600017:[7, 1, 0, 2, 1, 4, 6, 1, 8, 8]
600494:[6, 4, 6, 9, 7, 0, 0, 3, 4, 9]
602334:[8, 0, 8, 2, 5, 7, 2, 0, 0, 2]
603215:[1, 4, 6, 8, 3, 7, 5, 3, 0, 2]
605774:[4, 5, 4, 9, 8, 0, 7, 6, 3, 1]
606342:[5, 1, 2, 8, 0, 9, 6, 3, 7, 2]
606942:[5, 8, 5, 0, 6, 8, 8, 7, 4, 4]
6072:[6, 9, 2, 8, 8, 6, 1, 9, 9, 9]
608285:[6, 5, 2, 5, 7, 7, 7, 5, 1, 0]
608609:[7, 8, 1, 5, 5, 4, 0, 3, 2, 3]
609233:[6, 3, 9, 0, 5, 6, 6, 6, 3, 0]
610582:[0, 1, 0, 7, 0, 1, 7, 1, 3, 3]
612331:[1, 1, 4, 1, 2, 4, 7, 5, 6, 8]
618129:[8, 1, 6, 1, 8, 6, 9, 7, 5, 4]
61880:[5, 4, 2, 9, 5, 3, 4, 9, 4, 7]
622095:[6, 5, 2, 3, 5, 8, 5, 8, 1, 9]
623395:[2, 5, 9, 2, 1, 5, 3, 4, 6, 3]
626408:[9, 8, 9, 0, 3, 9, 3, 6, 0, 8]
629499:[4, 2, 6, 3, 8, 6, 5, 9, 1, 0]
631652:[3, 0, 8, 1, 3, 3, 9, 7, 8, 1]
633292:[1, 0, 8, 5, 7, 4, 2, 2, 4, 5]
637089:[2, 8, 8, 4, 9, 9, 4, 7, 0, 6]
637648:[5, 2, 8, 9, 3, 1, 1, 3, 2, 9]
638187:[7, 2, 0, 7, 9, 8, 2, 1, 3, 7]
640322:[4, 2, 7, 3, 6, 4, 9, 5, 6, 3]
640862:[8, 4, 5, 5, 9, 0, 4, 1, 7, 1]
641372:[8, 9, 6, 6, 4, 9, 4, 1, 0, 7]
642410:[7, 7, 3, 5, 4, 2, 3, 5, 1, 5]
643969:[0, 2, 0, 4, 9, 8, 7, 2, 9, 3]
647410:[9, 5, 9, 4, 0, 0, 4, 1, 6, 5]
64904:[5, 8, 4, 1, 8, 6, 7, 5, 9, 5]
649739:[9, 0, 0, 5, 8, 0, 8, 7, 4, 4]
650229:[2, 5, 1, 3, 1, 5, 7, 8, 7, 3]
651556:[7, 4, 5, 6, 7, 3, 9, 5, 9, 8]
653690:[0, 2, 7, 9, 4, 7, 3, 2, 1, 0]
655939:[8, 4, 0, 4, 7, 5, 4, 2, 8, 0]
656116:[4, 8, 4, 5, 7, 1, 9, 0, 5, 6]
657724:[7, 9, 8, 2, 9, 5, 0, 3, 2, 5]
65830:[8, 4, 1, 6, 8, 1, 9, 4, 2, 6]
658673:[8, 4, 5, 1, 0, 0, 4, 7, 4, 9]
660390:[0, 6, 2, 4, 1, 0, 8, 3, 1, 2]
660496:[7, 3, 0, 2, 7, 8, 9, 2, 6, 7]
661814:[5, 7, 6, 5, 6, 1, 8, 6, 8, 2]
66277:[8, 7, 3, 8, 2, 6, 2, 4, 3, 7]
664101:[1, 1, 9, 3, 3, 4, 6, 2, 0, 5]
66445:[4, 4, 2, 4, 5, 0, 7, 5, 3, 4]
670509:[5, 5, 1, 2, 3, 4, 4, 9, 7, 6]
672413:[4, 8, 0, 3, 4, 4, 4, 0, 4, 2]
67408:[8, 3, 8, 9, 8, 0, 0, 6, 7, 0]
676377:[2, 9, 4, 6, 5, 4, 1, 5, 3, 2]
677459:[4, 3, 6, 0, 2, 7, 7, 8, 3, 0]
67834:[0, 9, 3, 8, 5, 4, 0, 8, 2, 5]
679682:[3, 6, 0, 7, 1, 9, 3, 5, 6, 1]
680300:[2, 1, 5, 0, 8, 9, 4, 6, 6, 3]
686395:[6, 2, 2, 7, 5, 1, 6, 2, 6, 7]
692317:[4, 5, 1, 0, 7, 1, 5, 3, 9, 8]
693765:[4, 2, 5, 0, 2, 3, 2, 3, 8, 4]
695486:[5, 8, 9, 3, 7, 7, 3, 4, 8, 3]
698837:[1, 8, 0, 4, 4, 1, 7, 9, 0, 4]
699592:[1, 0, 3, 9, 6, 5, 1, 7, 1, 7]
700373:[9, 4, 2, 4, 8, 3, 7, 4, 1, 1]
701453:[9, 6, 1, 9, 1, 0, 0, 2, 2, 1]
70208:[1, 6, 7, 2, 6, 6, 4, 0, 8, 4]
702554:[3, 2, 1, 0, 3, 6, 0, 9, 9, 8]
702558:[6, 8, 5, 7, 0, 2, 7, 3, 9, 4]
704849:[3, 3, 1, 0, 8, 8, 8, 0, 2, 4]
708363:[4, 6, 2, 4, 2, 6, 5, 5, 6, 2]
712824:[4, 0, 0, 9, 4, 1, 9, 7, 7, 5]
718314:[3, 3, 8, 1, 1, 8, 7, 1, 2, 3]
724810:[1, 2, 0, 7, 8, 7, 3, 9, 2, 9]
725516:[0, 4, 0, 5, 4, 8, 5, 4, 3, 5]
728638:[1, 5, 5, 4, 0, 4, 9, 1, 6, 3]
728965:[0, 1, 5, 2, 0, 1, 9, 0, 0, 6]
733045:[8, 5, 1, 0, 2, 4, 0, 1, 7, 5]
735480:[3, 7, 0, 9, 0, 1, 7, 5, 8, 9]
736105:[7, 2, 3, 5, 9, 8, 0, 4, 0, 4]
736199:[7, 0, 0, 5, 0, 4, 8, 0, 2, 7]
736895:[4, 2, 8, 3, 6, 4, 5, 0, 6, 0]
737318:[6, 5, 4, 4, 7, 6, 0, 2, 2, 2]
742537:[7, 1, 7, 1, 0, 3, 0, 1, 8, 9]
743110:[3, 8, 1, 0, 4, 8, 7, 8, 2, 8]
744646:[5, 4, 1, 1, 7, 2, 0, 3, 4, 0]
745763:[7, 6, 0, 7, 4, 9, 2, 0, 9, 4]
746449:[6, 6, 7, 6, 0, 3, 3, 4, 4, 5]
747052:[3, 0, 8, 8, 6, 3, 6, 2, 0, 8]
747271:[6, 5, 1, 3, 9, 7, 1, 2, 6, 6]
747763:[4, 5, 9, 2, 1, 9, 3, 9, 2, 3]
748724:[3, 0, 8, 3, 4, 4, 2, 6, 3, 8]
748752:[1, 0, 0, 0, 2, 8, 1, 1, 4, 5]
749040:[8, 2, 7, 8, 3, 1, 8, 1, 0, 9]
749871:[1, 0, 9, 1, 7, 0, 5, 8, 7, 6]
750598:[9, 4, 4, 0, 6, 8, 4, 4, 2, 7]
754666:[4, 7, 4, 5, 2, 0, 8, 3, 3, 1]
755077:[0, 4, 7, 9, 6, 4, 2, 7, 0, 2]
755445:[5, 5, 9, 4, 2, 0, 0, 1, 4, 2]
755953:[5, 3, 9, 5, 1, 3, 4, 3, 8, 8]
756854:[9, 9, 4, 7, 9, 2, 1, 9, 5, 1]
759836:[8, 5, 2, 8, 0, 9, 9, 8, 8, 3]
760795:[8, 9, 7, 9, 1, 7, 7, 6, 9, 9]
767199:[5, 1, 0, 6, 8, 9, 0, 8, 4, 3]
769393:[3, 1, 8, 4, 6, 1, 6, 8, 7, 4]
771123:[6, 4, 1, 1, 9, 8, 7, 8, 9, 4]
773351:[8, 1, 3, 4, 9, 4, 1, 2, 7, 7]
775264:[3, 4, 8, 7, 7, 0, 8, 1, 0, 7]
777171:[9, 7, 4, 0, 8, 4, 0, 6, 4, 5]
779374:[1, 7, 0, 7, 7, 3, 9, 8, 4, 3]
779389:[6, 9, 4, 6, 4, 6, 5, 4, 8, 1]
781533:[5, 7, 7, 1, 4, 0, 5, 2, 6, 5]
784918:[8, 7, 9, 7, 9, 1, 8, 4, 8, 7]
786492:[7, 8, 4, 3, 8, 3, 5, 2, 6, 8]
787473:[4, 1, 9, 3, 7, 1, 7, 5, 0, 1]
79020:[7, 7, 3, 4, 8, 4, 6, 4, 4, 3]
790260:[5, 8, 3, 6, 2, 0, 0, 6, 9, 1]
792449:[8, 4, 4, 9, 9, 0, 5, 4, 2, 8]
794568:[1, 1, 3, 4, 5, 8, 6, 2, 6, 7]
795283:[7, 7, 1, 3, 0, 8, 8, 1, 0, 6]
796722:[3, 0, 0, 0, 7, 0, 2, 2, 3, 6]
797928:[7, 5, 3, 5, 1, 4, 0, 8, 5, 6]
798394:[1, 7, 4, 1, 7, 4, 9, 8, 8, 6]
798702:[0, 7, 3, 9, 4, 1, 9, 7, 2, 0]
804149:[3, 3, 1, 6, 5, 5, 1, 7, 3, 4]
807139:[4, 5, 6, 9, 7, 7, 7, 6, 5, 5]
807459:[8, 8, 6, 7, 7, 5, 2, 3, 8, 2]
80900:[9, 2, 8, 8, 6, 8, 2, 3, 3, 4]
809634:[1, 2, 4, 9, 5, 8, 2, 8, 7, 7]
812220:[4, 3, 7, 9, 5, 9, 5, 1, 0, 1]
813423:[6, 9, 5, 6, 3, 5, 0, 6, 8, 1]
822303:[8, 0, 9, 4, 2, 6, 2, 1, 0, 9]
82328:[2, 2, 5, 3, 4, 4, 5, 2, 0, 9]
824465:[7, 0, 8, 0, 2, 4, 5, 4, 6, 6]
827203:[7, 9, 5, 9, 4, 7, 8, 9, 2, 4]
827617:[5, 2, 9, 9, 2, 8, 4, 9, 8, 6]
830529:[0, 1, 3, 8, 8, 6, 8, 8, 6, 3]
830715:[2, 7, 1, 4, 5, 7, 2, 7, 0, 9]
83308:[6, 3, 8, 2, 7, 5, 0, 5, 2, 4]
833309:[3, 6, 4, 2, 8, 9, 8, 9, 2, 0]
840007:[2, 1, 6, 1, 6, 1, 2, 1, 7, 9]
840799:[3, 0, 9, 0, 1, 0, 0, 1, 4, 5]
843716:[7, 1, 7, 4, 7, 4, 2, 2, 1, 2]
845541:[3, 4, 3, 8, 2, 1, 4, 4, 8, 6]
845554:[7, 0, 9, 0, 6, 0, 9, 1, 8, 3]
847775:[1, 9, 5, 0, 9, 9, 5, 6, 3, 4]
848058:[5, 6, 6, 4, 0, 2, 7, 5, 2, 1]
848239:[4, 9, 9, 2, 8, 8, 3, 3, 3, 8]
848531:[0, 3, 5, 2, 5, 8, 7, 0, 4, 1]
848873:[3, 0, 1, 7, 7, 3, 9, 1, 7, 5]
853258:[7, 4, 5, 8, 0, 8, 6, 7, 5, 6]
85782:[7, 0, 3, 2, 2, 2, 5, 2, 3, 6]
859798:[8, 4, 4, 2, 7, 1, 1, 5, 7, 8]
860061:[9, 8, 0, 6, 8, 0, 0, 0, 7, 9]
861346:[9, 0, 7, 3, 1, 0, 3, 8, 8, 7]
861685:[4, 2, 4, 3, 6, 5, 5, 0, 5, 8]
861810:[6, 7, 9, 5, 8, 6, 7, 2, 0, 2]
862094:[4, 2, 9, 7, 6, 0, 9, 8, 3, 3]
864437:[4, 6, 0, 0, 4, 9, 3, 3, 8, 9]
864460:[1, 9, 5, 3, 4, 2, 3, 6, 1, 6]
866867:[2, 0, 3, 2, 7, 6, 3, 4, 0, 6]
869056:[0, 6, 5, 6, 3, 0, 1, 1, 2, 1]
87045:[5, 6, 6, 2, 6, 1, 0, 0, 2, 8]
87047:[7, 9, 6, 8, 6, 7, 1, 0, 7, 1]
870820:[8, 6, 3, 9, 7, 6, 7, 1, 9, 6]
872840:[8, 1, 7, 2, 7, 4, 7, 6, 8, 9]
873045:[7, 7, 5, 3, 7, 6, 2, 6, 4, 1]
876288:[9, 6, 3, 0, 0, 1, 3, 0, 5, 5]
8764:[3, 2, 1, 3, 2, 8, 5, 1, 0, 1]
877371:[6, 4, 8, 6, 4, 2, 7, 1, 9, 3]
877863:[9, 8, 4, 3, 4, 2, 4, 5, 5, 0]
877866:[4, 4, 9, 1, 8, 1, 1, 0, 0, 8]
880680:[2, 0, 9, 9, 8, 8, 3, 8, 0, 2]
881473:[9, 6, 5, 8, 2, 3, 8, 9, 0, 9]
882506:[0, 0, 9, 2, 2, 3, 9, 7, 2, 1]
884091:[2, 1, 9, 8, 4, 6, 6, 8, 0, 7]
893323:[7, 9, 0, 5, 9, 5, 7, 1, 7, 6]
894499:[4, 9, 7, 5, 4, 2, 3, 6, 8, 6]
896164:[2, 8, 2, 6, 5, 2, 3, 9, 2, 9]
897545:[1, 6, 4, 9, 6, 8, 4, 1, 3, 1]
897825:[2, 5, 1, 4, 9, 5, 9, 8, 4, 2]
899953:[6, 8, 1, 4, 5, 8, 6, 8, 0, 9]
901954:[6, 7, 4, 5, 0, 0, 3, 7, 6, 6]
906092:[7, 2, 3, 9, 7, 6, 6, 4, 6, 6]
907836:[7, 3, 7, 6, 1, 9, 1, 3, 5, 3]
915674:[7, 3, 4, 3, 5, 1, 1, 5, 4, 4]
916179:[2, 1, 7, 1, 7, 9, 8, 0, 2, 7]
917552:[1, 3, 0, 5, 5, 2, 1, 2, 0, 4]
923060:[1, 6, 8, 5, 8, 6, 5, 7, 8, 4]
923467:[2, 2, 5, 2, 6, 9, 9, 9, 3, 2]
923760:[4, 2, 6, 1, 8, 5, 8, 2, 1, 0]
927174:[7, 8, 0, 9, 6, 4, 1, 6, 4, 0]
928573:[1, 6, 0, 2, 7, 6, 2, 4, 9, 9]
930093:[2, 8, 2, 9, 2, 5, 8, 9, 5, 3]
931590:[8, 2, 6, 1, 9, 7, 4, 2, 6, 4]
931800:[8, 0, 8, 0, 1, 9, 7, 8, 2, 0]
935115:[0, 1, 0, 3, 6, 2, 1, 9, 8, 4]
936908:[8, 7, 0, 4, 6, 9, 8, 2, 2, 5]
938448:[0, 2, 3, 8, 8, 2, 4, 7, 9, 5]
942833:[1, 8, 3, 1, 4, 1, 7, 8, 5, 0]
943014:[1, 4, 9, 1, 9, 7, 5, 4, 0, 5]
945427:[2, 5, 2, 7, 1, 8, 3, 8, 7, 4]
945922:[1, 3, 6, 3, 4, 6, 5, 3, 8, 0]
948484:[7, 6, 3, 8, 0, 5, 9, 1, 7, 6]
94929:[2, 4, 7, 2, 3, 4, 0, 8, 3, 7]
949605:[5, 3, 8, 5, 7, 7, 0, 1, 0, 5]
950921:[8, 2, 7, 4, 0, 4, 6, 3, 4, 6]
952525:[7, 5, 1, 7, 4, 2, 4, 3, 8, 6]
953814:[3, 8, 9, 9, 4, 8, 8, 9, 2, 6]
954148:[0, 4, 3, 5, 5, 8, 9, 1, 8, 3]
954789:[6, 0, 6, 5, 6, 1, 6, 2, 7, 9]
955535:[4, 9, 8, 1, 9, 0, 8, 9, 4, 2]
956082:[9, 8, 4, 6, 3, 7, 0, 1, 1, 7]
961700:[0, 0, 3, 6, 8, 4, 6, 2, 8, 8]
96553:[2, 1, 2, 2, 4, 4, 6, 8, 2, 0]
969015:[3, 0, 0, 3, 6, 0, 1, 8, 2, 3]
969154:[7, 1, 7, 1, 0, 3, 0, 1, 8, 9]
970248:[8, 3, 2, 5, 4, 8, 4, 3, 8, 8]
971545:[7, 8, 7, 7, 1, 1, 7, 1, 2, 1]
977105:[6, 8, 6, 2, 9, 2, 4, 3, 7, 1]
977511:[3, 7, 0, 4, 3, 1, 0, 9, 6, 2]
978348:[2, 3, 3, 6, 1, 4, 8, 5, 1, 6]
97837:[2, 3, 0, 0, 7, 6, 0, 3, 5, 5]
978993:[2, 9, 1, 7, 2, 6, 8, 6, 4, 3]
981758:[6, 5, 1, 3, 6, 9, 9, 6, 9, 8]
982358:[2, 7, 8, 5, 6, 0, 7, 1, 0, 2]
983182:[2, 4, 7, 0, 8, 5, 9, 9, 0, 1]
983416:[8, 5, 3, 6, 9, 8, 5, 0, 0, 5]
983550:[9, 7, 9, 9, 9, 9, 6, 2, 5, 8]
983803:[5, 9, 6, 7, 1, 7, 5, 5, 9, 7]
984952:[6, 6, 9, 8, 7, 0, 7, 4, 6, 3]
988848:[4, 4, 1, 7, 7, 3, 8, 6, 8, 6]
988850:[6, 0, 6, 9, 3, 9, 8, 4, 3, 0]
992526:[6, 2, 9, 3, 2, 3, 6, 3, 0, 9]
99295:[8, 8, 4, 5, 4, 9, 6, 7, 3, 7]
994979:[9, 3, 1, 7, 6, 0, 1, 1, 1, 8]
996813:[9, 6, 0, 6, 4, 1, 1, 8, 6, 5]
