1102570:[7, 9, 5, 3, 7, 7, 8, 8, 8, 6]
1228415:[0, 9, 5, 6, 1, 5, 8, 1, 8, 9]
1253866:[9, 6, 2, 3, 4, 5, 8, 5, 7, 9]
1302823:[4, 0, 2, 5, 2, 1, 7, 4, 7, 1]
1315135:[5, 3, 8, 1, 6, 0, 7, 8, 7, 4]
1407357:[1, 6, 1, 2, 9, 3, 4, 2, 2, 3]
1472652:[5, 4, 4, 5, 5, 5, 3, 5, 6, 5]
1589857:[1, 6, 9, 9, 6, 5, 0, 6, 2, 9]
1604388:[4, 8, 0, 8, 1, 7, 5, 7, 5, 8]
1661067:[9, 0, 0, 3, 1, 1, 1, 6, 4, 3]
1672639:[0, 8, 0, 8, 9, 5, 5, 6, 3, 8]
1764179:[1, 9, 7, 8, 5, 9, 9, 6, 2, 1]
1787672:[6, 8, 9, 5, 5, 6, 5, 5, 2, 4]
1838658:[9, 2, 0, 3, 6, 1, 1, 3, 0, 8]
1863948:[7, 0, 9, 2, 8, 0, 9, 8, 1, 5]
1929016:[5, 2, 3, 9, 5, 7, 7, 1, 9, 5]
2007312:[6, 0, 8, 8, 1, 9, 3, 1, 1, 3]
2035410:[3, 2, 6, 5, 9, 4, 3, 5, 9, 6]
2090413:[1, 3, 0, 0, 8, 1, 6, 9, 3, 3]
2109565:[6, 3, 2, 6, 8, 8, 3, 3, 6, 3]
211341:[6, 2, 6, 2, 6, 9, 8, 8, 1, 0]
2121048:[4, 5, 8, 0, 4, 3, 1, 7, 9, 0]
2137729:[0, 5, 9, 9, 2, 0, 3, 5, 5, 4]
2235170:[5, 6, 7, 3, 7, 8, 5, 3, 8, 0]
2256462:[9, 8, 1, 9, 5, 4, 0, 7, 6, 0]
2332064:[7, 4, 7, 7, 3, 4, 2, 5, 9, 3]
2364117:[2, 7, 0, 3, 4, 3, 9, 0, 4, 0]
2371043:[6, 1, 7, 2, 5, 2, 6, 7, 9, 0]
2433429:[5, 8, 7, 5, 1, 2, 2, 6, 0, 3]
2434932:[3, 1, 7, 5, 0, 9, 6, 2, 5, 5]
2447794:[7, 1, 5, 3, 5, 1, 3, 8, 4, 4]
2569541:[1, 2, 0, 3, 2, 8, 9, 2, 9, 1]
2590721:[0, 4, 8, 6, 3, 6, 2, 7, 4, 5]
2607284:[3, 5, 1, 3, 7, 4, 0, 0, 5, 5]
2626860:[8, 6, 1, 9, 7, 4, 2, 9, 5, 7]
2662582:[0, 0, 6, 0, 2, 0, 9, 9, 1, 8]
2677148:[1, 7, 5, 8, 9, 2, 4, 5, 1, 0]
2679612:[4, 9, 1, 4, 4, 7, 1, 4, 2, 9]
2699341:[9, 6, 7, 7, 5, 5, 9, 0, 7, 0]
2751006:[6, 5, 7, 4, 8, 2, 2, 6, 5, 7]
2873147:[1, 4, 1, 4, 5, 3, 1, 0, 1, 3]
2913216:[4, 6, 0, 7, 5, 6, 6, 0, 7, 6]
3029245:[8, 8, 0, 8, 1, 0, 7, 6, 9, 0]
306726:[9, 9, 6, 1, 3, 0, 7, 4, 4, 0]
3121399:[9, 6, 8, 0, 0, 8, 0, 9, 5, 1]
36355:[5, 0, 3, 5, 7, 0, 1, 0, 0, 7]
376903:[8, 3, 2, 5, 4, 6, 7, 9, 9, 2]
382075:[9, 3, 8, 3, 7, 5, 6, 7, 8, 7]
390575:[4, 7, 4, 2, 5, 0, 3, 7, 7, 9]
40353:[9, 3, 0, 3, 8, 3, 5, 0, 9, 6]
438601:[0, 1, 7, 6, 8, 2, 3, 3, 5, 2]
448088:[6, 2, 1, 9, 9, 6, 1, 7, 9, 7]
533262:[5, 8, 7, 5, 3, 3, 9, 6, 9, 9]
549188:[1, 0, 1, 1, 2, 5, 8, 4, 9, 7]
562767:[7, 1, 6, 0, 0, 5, 2, 5, 3, 5]
645765:[5, 6, 5, 2, 0, 8, 6, 6, 6, 2]
654338:[2, 6, 9, 7, 6, 0, 6, 1, 4, 3]
672898:[4, 2, 7, 0, 5, 3, 9, 5, 8, 0]
69949:[1, 2, 0, 2, 7, 0, 7, 8, 5, 5]
723839:[8, 0, 2, 5, 8, 0, 6, 0, 2, 5]
739732:[2, 7, 1, 2, 8, 5, 0, 3, 6, 0]
861835:[8, 6, 1, 9, 7, 4, 2, 9, 5, 7]
952937:[2, 7, 0, 8, 4, 7, 4, 9, 6, 2]
978704:[0, 9, 1, 4, 2, 5, 4, 5, 2, 5]
990012:[7, 6, 1, 5, 8, 9, 5, 0, 4, 9]
993994:[1, 2, 9, 7, 9, 4, 4, 2, 2, 9]
995611:[7, 3, 9, 1, 4, 6, 1, 0, 8, 6]
